,title,subtitle,brand,serie,rating,rated,price,stock,link,count_images,description
0,Erikssøn Luchtontvochtiger Dry Pro - Ontvochtigt Tot 0.6 Liter Per Dag - Geschikt Voor Slaapkamer En Badkamer En Woonkamer En Kelder - Dehumidifier,,Erikssøn,,"4,1",34,"69,99",Op voorraad,https://www.bol.com/nl/nl/p/eriksson-luchtontvochtiger-prime/9300000151859614/,11,"
Wil jij schimmels en bacteriën voorkomen? Vrij ademen in huis? Niet meer afhankelijk zijn van een (slechte) afzuigkap om waterdamp in jouw huis te verwijderen? Allergieën minimaliseren? Dan is de Erikssøn Luchtontvochtiger Prime perfect geschikt voor jou!  De Erikssøn Luchtontvochtiger verwijdert moeiteloos vocht uit jouw binnenruimte. Met een droog binnenklimaat ben jij er van verzekerd dat vochtplekken en schimmels weg blijven! Droog en reinig de lucht in jouw huis op een Thuiswinkelwaarborg gekeurde manier!  Luchtreiniging èn ontvochtiging Met de Erikssøn Luchtontvochtiger verlaag jij in hoog tempo de luchtvochtigheid in elke gewenste ruimte. De door medisch specialisten geadviseerde optimale luchtvochtigheid in gesloten ruimtes ligt in het bereik van 40 tot 60% relatieve luchtvochtigheid. Is de lucht in binnenruimtes te vochtig dan kan de levenskwaliteit door schimmelsporen, allergenen en ademweg problemen sterk nadelig beïnvloedt worden. Met de Erikssøn Luchtontvochtiger zijn nare luchtjes en schimmels binnen no-time verdwenen. Voorkom gezondheidsproblemen - Verminder allergieën Als je last hebt van een allergie of astma, is het belangrijk dat de lucht in huis schoon is. De Erikssøn luchtontvochtiger draagt hier aan bij door middel van de bovengenoemde 2-in-1 functie. De Erikssøn Luchtontvochtiger maakt gebruik van een geïntegreerde HEPA-filter om de lucht te reinigen en pollen, huisstofmijt en overige deeltjes te minimaliseren.   Ontvochtigd tot 600 ml per dag - Voor ruimtes van 10-35 m2 De luchtontvochtiger heeft een groot waterreservoir met een opvangcapaciteit van 600 ml. Wanneer het reservoir vol is knippert het indicatielampje oranje. Hiermee weet jij dat het waterreservoir geleegd moet worden. De luchtontvochtiger vangt bij 30°C en 80% luchtvochtigheid maximaal 600 ml water per dag op. Je hoeft dus niet elke dag het waterreservoir te legen! Europees Geassembleerd - <30dB - 1 jaar fabrieksgarantieGeniet van 100% kwaliteitsgarantie en extreme stilte door de Europees Geassembleerde motor van de Erikssøn Luchtontvochtiger Prime. Specificaties:► Merk: Erikssøn► Inhoud verpakking: 1x luchtontvochtiger ► Materiaal: PP, ABS► Kleur: Zwart► Afmetingen: 25,60 x 15,00 x 15,00 cm► Gewicht: 1,3 kg► Snoerlengte: 1,2 m► Voltage – Frequentie: DC 12V 3.5A | 50/60Hz► Vermogen: 40W► Capaciteit waterreservoir: 600 ml► Capaciteit luchtontvochtiging: 600 ml/dag (bij 30°C en 80% RH)► Bereik: 10 – 25 m²► Geluidsniveau: 29 dB► Werktemperatuur: 15 – 30°C► BPA-vrij: ja► Signaal vol waterreservoir: Ja► Minimale luchtvochtigheid: 40%► Minimale kamertemperatuur: 5°C► Luchtfilter: Ja
"
1,"Clean Air Optima® CA-703W - Luchtontvochtiger - 700ml/dag - Met Ionisator, UV-LED en Fotokatalytisch filter voor luchtreiniging!",,Clean Air Optima,,"3,6",113,"109,-",Op voorraad,https://www.bol.com/nl/nl/p/clean-air-optima-ca-703w-luchtontvochtiger-700ml-dag-met-ionisator-uv-led-en-fotokatalytisch-filter-voor-luchtreiniging/9200000020953926/,13,"
2 in1: Luchtontvochtigen en Luchtreinigen  Ontvochtigingscapaciteit tot 700ml/dag Luchtreiniging door 3-voudige filtertechniek Compacte luchtontvochtiger met Peltier technologie Ondersteuning wasdroging Elegant design Geschikt voor ruimtes tot 10m²/25m³  Unieke technologie CA-703W voorkomt schimmelvorming en verbetert de luchtkwaliteitIs de lucht in uw binnenruimtes te vochtig dan kan de levenskwaliteit door schimmelsporen, allergenen en ademweg problemen sterk nadelig beïnvloedt worden. De door medische specialisten geadviseerde optimale luchtvochtigheid in gesloten ruimtes ligt in het bereik van 40 tot 60% relatieve luchtvochtigheid.De elektronische luchtontvochtiger CA-703W van Clean Air Optima® geeft schimmelvorming door een te hoge luchtvochtigheid geen kans.De 3-voudige filtertechniek in de CA-703W zuivert praktisch alle ongewenste stoffen, geuren en micro-organismen uit de binnenlucht.Door de tankinhoud van 2 liter en de ontvochtigingscapaciteit van 700ml/dag (bij 30°C en 80% relatieve luchtvochtigheid) is de elektronische luchtontvochtiger CA-703W met ionisator, UV licht en fotokatalytisch filter voor luchtreiniging, geschikt voor ruimtes tot 10m²/25m³ zoals de badkamer, was- en opslagruimtes.Het unieke ontwerp van de CA-703W combineert effectieve luchtontvochtiging met krachtige luchtreiniging, een elegant design, hoge functionaliteit en duurzaamheid als belangrijkste kenmerken. Effectieve luchtontvochtiging CA-703W door thermo-elektrisch Peltier elementQua effect is een Peltier element het omgekeerde van een thermokoppel: bij het thermokoppel wordt een temperatuurverschil over een overgang tussen verschillende metalen omgezet in een elektrische spanning.Het Peltier element zet een elektrische spanning over een overgang tussen verschillende metalen om in een temperatuurverschil.Het Peltier- element in de Clean Air Optima® luchtontvochtiger CA-703W is een elektrische component welke gebruikt wordt om warmte te verplaatsen van een koude naar een warme plek. Een aaneenschakeling van Peltier eenheden kan praktisch als koel (- of verwarming) element toegepast worden en laat vocht condenseren. Op deze wijze is een warmtepomp werking gerealiseerd zonder bewegende delen of vloeistoffen. De Clean Air Optima® luchtontvochtiger CA-703W met ionisator is daardoor zeer onderhoudsarm en trillingsvrij door het ontbreken van een compressor!Effectieve ontvochtiging en reiniging van binnenlucht in zes stappen1. Aanzuigen van de vochtige en verontreinigde binnenlucht door de geluidsarme met kogellagers uitgevoerde, krachtige ventilator2. Peltier elementen waarlangs de vochtige lucht wordt geleid. Vocht condenseert en wordt opgevangen in de tank met een inhoud van 2 liter3. Ionisator capaciteit >3.000.000 negatieve ionen/cm³ reinigt en verfrist de binnenlucht4. UV (ultraviolet) licht elimineert bacteriën, schimmels, schimmelsporen en virussen5. Fotokatalytisch filter / UV led zijn in staat nare geuren te verwijderen en bacteriën en virussen te elimineren6. Antibacterieel materiaal verwerkt in de lichtgewicht behuizing. Schone, gezonde ademlucht stroomt in de binnenruimteIonisatieDe Clean Air Optima® luchtontvochtiger CA-703W beschikt over een ingebouwde ionisator voor de productie van negatieve ionen welke de binnenlucht reinigen en verfrissen. Tot de positieve eigenschappen van de ionisator behoort ook het verrijken van de lucht met actief zuurstof. Negatieve ionen hangen zich aan stofdeeltjes, micro-organismen en andere ongewenste stoffen in de lucht en verbinden deze met elkaar. De deeltjes worden op deze wijze zwaarder dan de lucht en vallen neer of worden door de luchtreiniger uit de lucht gefilterd.UV led lichtUVC licht elimineert bacteriën, schimmels, schimmelsporen en virussenHet fotokatalytisch filter functioneert in combinatie met UV led lichtDoor deze combinatie ontstaat een bijzonder krachtige bacteriën en virus dodende werking. Het fotokatalytisch filter is opgebouwd uit titanium dioxide. Wanneer deze stof wordt blootgesteld aan UV licht, wordt hieruit waterstofperoxide (H²O²) en hydroxide radicalen (OH) vrijgemaakt. Deze stoffen zijn in staat nare geuren te verwijderen en bacteriën en virussen te elimineren.Kenmerken en voordelen• Automatisch werkend programma binnenlucht ontvochtigen en reinigen• Werkt preventief tegen schimmelvorming, roest en schade door vocht• Verwijdert muffe geuren, stof en micro-organismen• Bestrijdt stofmijten en schimmel, reduceert daardoor allergieklachten• Reduceert stookkosten: hoe droger het huis is, hoe lager de stookkosten• Inzetbereik boven 40% relatieve luchtvochtigheid• Luchtreiniging door ionisator, UV licht en fotokatalytisch filter• Ondersteunt wasdroging• Elegant en compact design• Eenvoudige bediening• LED functieaanduiding voor aan / uit, UV en ionisator, volle watertank• Stopt automatisch met LED signaal bij volle tank• Automatische herstart• Krachtige continu ventilatorfunctie• Geluidsarm door met kogellagers uitgevoerde ventilator• Gemakkelijk te verplaatsen door praktische handgreep• Onderhoudsvrij door permanent fotokatalytisch filter en UV LED• Inclusief 12 Volt auto adapter• Laag energieverbruik• Optimale prijs / prestatieverhoudingEffectieve toepassingenDe veelzijdige Clean Air Optima® CA-703W - elektronische luchtontvochtiger met krachtige luchtreiniging door ingebouwde ionisator, UV en fotokatalytisch filter is compact, geluidsarm en zeer effectief. Temperatuur inzetbereik boven 5°C, boven 40% relatieve luchtvochtigheid. Het automatische programma maakt gebruik mogelijk in ruimtes zonder direct toezicht. Door elegant design en decente kleurstelling toepasbaar in elk interieur. Geschikt voor gebruik in de kleinere woonruimte en kantoor, wasruimte, droogruimte, fitnessruimte, badkamer, magazijn etc. etc. Mobiel gebruik en recreatieDoor de extra meegeleverde 12 Volt auto adapter is de makkelijk inzetbare luchtontvochtiger Clean Air Optima® CA-703W ook geschikt voor gebruik in de auto, vrachtwagen, bus, bedrijfswagen, caravan, stacaravan, boot, etc. etc. Voorkoming en vermindering allergieënDe Clean Air Optima® CA-703W - elektronische luchtontvochtiger reduceert de relative luchtvochtigheid in de binnenruimte. Stofmijten, ander ongedierte en schimmelsporen gedijen het beste in een vochtige omgeving. De belangrijkste veroorzakers van allergie klachten zijn stofmijten en schimmel. In combinatie met de krachtige luchtzuivering door de 3-voudige filtertechniek van de CA-703W heeft gebruik van dit unieke apparaat een direct effect op de voorkoming en vermindering van allergieën.
"
2,Luxoo LuchtonLuxoo Luchtontvochtiger – luchtontvochtiger slaapkamer – Luchtontvochtiger en luchtreiniger– Sfeervolle Verlichting- wit,,Luxoo,,"4,0",4,"48,-",Op voorraad,https://www.bol.com/nl/nl/p/luchdontvochtiger-wit/9300000157331245/,7,"
Wil je op een gemakkelijke en snelle wijze jouw meubels beschermen, allergenen tegengaan en vrijer kunnen ademen? Dan is de luchtontvochtiger van Luxoo de perfecte uitkomst om van je huis een frissere en gezondere omgeving te maken! De ontvochtiger is speciaal ontworpen met de nieuwste technologie en het beschikt over slimme sensoren, waardoor je volledig automatisch vocht uit jouw woonkamer, slaapkamer of kelder kan verwijderen. Dit zorgt ervoor dat je voor eens en altijd gedag kan zeggen tegen klamme ruimtes, vochtplekken en onnodige schimmel. Krachtige en betoverende werking De luchtontvochtiger is gemaakt van kwalitatief hoogwaardig materiaal en het beschikt over een uitmuntende afwerking. Daarnaast is het speciaal ontworpen met de nieuwste technologie, waardoor het tot wel 350 milliliter aan vocht per dag kan verwijderen. Verder beschikt over een watertank van maar liefst 1 liter, wat zorgt voor langdurig gebruik. Geruisloos en muisstil De ontvochtiger van Luxoo is uitgerust met een ingebouwde motor, welke weinig tot geen geluid maakt. Dit zorgt ervoor dat het volledig automatisch zijn werk doet zonder dat je tussentijds zal worden gestoord. Hierdoor hoeft je enkel het apparaat in de slaapkamer plaatsen zonder dat het je nachtrust zal verstoren.   Zeer gebruiksvriendelijk Het handzame bedieningspaneel in combinatie met het compacte formaat maken het mogelijk om op een gemakkelijk manier binnen no-time de luchtvochtigheid te verbeteren. Dankzij de compacte vormgeving en het lichte gewicht kan je het probleemloos uit het zicht plaatsen of opbergen zonder dat het veel ruimte in beslag zal nemen. Deze ontvochtiger kan je neerzetten waar jij wilt!   Jouw voordelen  Geruisloos en muisstil in gebruik Waterreservoir met een inhoudscapaciteit van 1 liter Zeer gebruiksvriendelijk en handzaam Nieuwste technologie en condensatie technieken Laag energieverbruik en milieubewuste werking Volledig automatisch vocht verwijderen uit je woonkamer, slaapkamer of kelder Verwijderd tot wel 350 ml vocht per dag  Nieuwste technologie De handzame ontvochtiger is speciaal ontworpen met de nieuwste technologie en condensatie technieken, waardoor jij jarenlang kan blijven genieten van je nieuwe huismaatje. Ook is het apparaat volledig vrij van chemische materialen en het biedt optimale bescherming tegen het uitstoten van freon gas. Wij denken niet alleen aan je vrije tijd, maar eveneens aan je veiligheid!   Specificaties  Merk: Luxoo Materiaal: ABS plastic Gewicht: Lichtgewicht Afmetingen: 15 x 15 x 25 cm Werk temperatuur: 20 tot 50 graden Inhoud waterreservoir: 1 Liter Effectiviteit: 350 ml/per dag Vermogen: 36 Watt 
"
3,Luxoo Luchtontvochtiger - Extreem Stil - Klein - Luchtontvochtiger en luchtreiniger Geschikt voor Slaapkamer & Kantoor,,Luxoo,,"4,3",28,"59,95",Op voorraad,https://www.bol.com/nl/nl/p/luxoo-luchtontvochtiger-extreem-stil-600ml-dag-luchtontvochtiger-en-luchtreiniger-geschikt-voor-slaapkamer-kantoor/9300000141440669/,6,"
    Wil je je meubels beschermen, allergenen bestrijden en vrijer ademen? De luchtontvochtiger pakt vochtproblemen bij de bron aan! Dit handige apparaatje verwijdert moeiteloos vocht uit je interieur en zorgt voor een schone omgeving. Met een optimaal binnenklimaat verdwijnen vochtige ruimtes, vochtplekken en schimmel als sneeuw voor de zon en voelt u zich weer fris en gezond. Let op! De netstroomadapter zit in het waterreservoir verpakt Extra krachtig Deze luxe luchtontvochtiger verwijdert tot wel 600 ml vocht per dag en tovert je ruimte om in een goed schoongemaakte oase. Het apparaat is geschikt voor gebruik met een oppervlakte tot 20 m2 en werkt daardoor perfect in vrijwel elke omgeving.   Ruim reservoir De luchtontvochtiger is voorzien van een ruim waterreservoir van 600 ml, waardoor je niet steeds de opvangbak hoeft te legen. Is de tank vol? Geen probleem, het apparaat schakelt zichzelf automatisch uit. Eenvoudig de tank leegmaken en klaar!   Optimaal gebruiksgemak Met eenknopsbediening en minimalistisch design verlaag je de luchtvochtigheid in een mum van tijd. Hoe makkelijk kan het zijn! Met slechts één simpele knop is uw nieuwe aanwinst volledig te bedienen. De luchtontvochtiger is klein van formaat waardoor je het apparaat gemakkelijk uit het zicht plaatst. Kies je voor een garderobekast, werkkamer, kinderkamer of kelder? Deze multifunctionele luchtontvochtiger kun je overal gebruiken waar je maar wilt.   Jouw voordelen ✓ Zeer stil in gebruik ✓ Ruim reservoir van 600 ml ✓ Gemakkelijk te verplaatsen ✓ Uitgerust met de nieuwste technieken ✓ Laag energieverbruik   Fluister stil Deze zuiverende luchtontvochtiger wordt aangedreven door een zeer stille motor en reinigt de lucht in je kamer zonder dat je het merkt. Je plaatst het apparaat in de kinderkamer of slaapkamer zonder het nachtritme te verstoren en ook op kantoor gebruik je de luchtontvochtiger.   Geavanceerde techniek Gebruik van de nieuwste condensatietechnieken zodat u jarenlang kunt genieten van uw nieuwe aanwinst. Ons apparaat is volledig vrij van chemisch materiaal, is goed beschermd tegen freongasemissies en voorkomt technische problemen of kortsluitingen met een slimme halfgeleider.   Luxoo zorgeloze productgarantieBent u niet tevreden over uw Luchtontvochtiger? U hebt 30 dagen tijd om het product gratis te retourneren met geld terug garantie   Specificaties   · Ventilatorsnelheid: 2600 · Effectiviteit: 600ml · Vermogen: 23W · Verbruik: 0,5KW/24H · Stroom: 9V · Geschikt gebied: 15m2 · Capaciteit watertank: 600 ml · Geluidsniveau: onder 33 dB · Afmetingen: 14,6 x 14,6 x 22,7 cm          
"
4,"JC’s - Luchtontvochtiger - Automatische hygrometer - Extreem Stil - 800ml/dag - Luchtreiniger - Dehumidifier - Grote Watertank 2300ml - Voor huis, kamer, badkamer & kelder – Luchtontvochtigers - Wit",,JC’s,,"3,5",13,"88,90",Op voorraad,https://www.bol.com/nl/nl/p/jc-s-luchtontvochtiger-automatische-hygrometer-extreem-stil-800ml-dag-luchtreiniger-dehumidifier-grote-watertank-2300ml-voor-huis-kamer-badkamer-kelder-wit/9300000158893243/,15,"
Automatisch hygometer, grote 2,3 LITER watertank en LED verlichting.Last van vochtige ruimtes in huis? Of erger schimmel en andere vochtproblemen. Dit is verleden tijd met deze JC's luchtontvochtiger.Plaats de dehumidifier in een ruimte, stel deze in en het enige wat jij nog hoeft te doen, is het waterreservoir legen. AUTOMATISCHE STAND MET INGEBOUWDE HYGROMETER.Deze ontvochtiger gaat automatisch uit als de juiste vochtigheidsgraad is bereikt.Hierdoor super enerigie zuinig - en stiller in geluid.Plus- en minpunten Ontvochtigt elke ruimte naar keuze Automatische stand met ingebouwde hygrometer  Muisstil in gebruik (39dB) Reinigt de lucht Led verlichting (rode verlichting als de watertank vol is) Groot reservoir van 2300ml Laag energieverbruik Extra krachtigDeze luxe dehumidifier verwijdert tot wel 800 ml aan vocht per dag en transformeert jouw ruimte tot een goed gereinigde oase. Het apparaat is geschikt voor gebruik bij een oppervlakte tot 44 m2 en werkt dan ook perfect in bijna elke omgeving. Ruim reservoirDe JC's luchtontvochtiger is voorzien van een ruime watertank van 2300 ml zodat je het opvangbakje niet steeds leeg hoeft te gieten. Het apparaat schakelt zichzelf uit bij een volle tank, en de tank kleurt rood.Laag energieverbruikDoor de slimme motor verbruikt de luchtontvochtiger alleen wat nodig is.De slimme ontvochtiger gaat automatisch uit als de juiste vochtigheidsgraad is bereikt.Het is dé milieuvriendelijke luchtontvochtiger op de markt en voldoet aan alle milieueisen.Timer functieJe kunt ook 8/12/24/36/48 uur plannen en het wordt gestopt zodra de tijd is verstreken. Als het waterreservoir bijna vol is, werkt het niet meer wat de veiligheid verhoogt.SlaapmodusUltralichte slaapmodus: Voelt u zich bij het inslapen 's nachts nat en plakkerig? Op dit moment kun je onze luchtontvochtiger in de slaapmodus plaatsen, hem de hele nacht droog houden en de slaapkwaliteit aanzienlijk verbeteren. NEDERLANDSTALIGE GEBRUIKSAANWIJZING JC's® Luchtontvochtiger - Automatische hygrometer - Extreem Stil - 800ml/dag - Luchtreiniger - Dehumidifier - 2300ml - Voor huis, kamer, badkamer & kelder – Wit
"
5,"Luchtontvochtiger Aironex - Ontvochtigt 12 liter per dag - Voorkomt Schimmel - Extreem Stil Geschikt voor woonkamer, slaapkamer en badkamer - Vochtvreter - Luchtontvochtiger en Luchtreiniger - Luchtontvochtiger slaapkamer - Wit - Dehumidifier",,Aironex,,"4,6",52,"158,95",Op voorraad,https://www.bol.com/nl/nl/p/luchtontvochtiger-aironex-ontvochtigt-12-liter-per-dag-extreem-stil-geschikt-voor-woonkamer-slaapkamer-en-badkamer-vochtvreter-luchtontvochtiger-en-luchtreiniger-luchtontvochtiger-slaapkamer-wit-dehumidifier/9300000158890719/,6,"
Maak kennis met onze luchtontvochtiger - Jouw oplossing voor frisse, droge en gezonde binnenlucht!   1. Moeiteloos wasgoed drogen Ervaar het gemak van snel wasgoed drogen met onze geavanceerde luchtontvochtiger. De krachtige vochtafvoertechnologie creëert een ideale omgeving om kleding snel en efficiënt te drogen, waardoor vocht en muffe geurtjes verdwijnen. Zeg maar dag tegen het wachten en hallo tegen de confectie was in een mum van tijd.   2. Kampioen schimmelwering Verban schimmel en meeldauw problemen met gemak. Onze luchtontvochtiger is ontworpen om overtollige vochtigheid tegen te gaan en de groei van schimmel te voorkomen. Geniet van een schone, frisse atmosfeer terwijl je jouw leefruimte beschermt tegen deze ongewenste indringers en een gezonder binnenklimaat bevordert.   3. Jouw gezondheid, verbeterd Adem vrij en verbeter jouw welzijn. Door een optimale luchtvochtigheid te handhaven helpt onze luchtontvochtiger allergenen, huisstofmijt en bacteriën in de lucht te verminderen. Verbeter jouw ademhalingsgezondheid en verminder het risico op allergieën en creëer een oase van zuivere, verkwikkende lucht die jouw algehele gezondheid ondersteunt.   Verfraai jouw huis met een luchtontvochtiger die het drogen van wasgoed vergemakkelijkt, schimmelvorming tegengaat en voor een gezondere levensstijl zorgt. Kies onze luchtontvochtiger voor een droger, frisser en gezonder binnenklimaat.   Highlights - Zeer stil tijdens gebruik, slechts 36dB - Handige kleuren indicator - Inclusief Afvoerslang voor langdurig gebruik - 2 ventilator snelheden - Tank vol-indicator + Overloopbeveiliging - Automatische modus - Timer instellen - Weergave van de heersende luchtvochtigheid in de ruimte - Filter vervangingsindicator + reset - Eenvoudig onderhoud - Kinderslot - Eenvoudig te verplaatsen door middel van wielen en verzonken handvat - Grote watertank van 2 liter - Slaapstand - Luchtuitlaat aan de zijkant - Koudemiddel: R290 - Ozonvriendelijk - Automatische herstart na stroomuitval, met behoud van instellingen - Wasbaar luchtfilter, zeer eenvoudig te verwijderen en te wassen   Technische specificaties: Spanning/frequentie: 220~240 V 50 Hz Nominaal vermogen: 200 W Maximale ontvochtigingscapaciteit (30°C/80%LF): 12 liter per dag Maximale kamergrootte ontvochtiging: 25m² (plafondhoogte 2,3m) Maximale ruimte om droog te houden: 50m2 (plafondhoogte 2,3m) Gewicht: 10 kg Werktemperatuur: 5 - 35 °C Koelmiddel/hoeveelheid: R290 / 50 g Tankinhoud: 2,0 liter Afmetingen: 255x220x445 mm
"
6,Auronic Luchtontvochtiger - Ontvochtigt 12L Per Dag - Was-droog Functie - Voorkomt Schimmel - Wit,,Auronic,Auronic Luchtontvochtigers,"4,7",216,"159,99",Op voorraad,https://www.bol.com/nl/nl/p/auronic-luchtontvochtiger-ontvochtigt-12l-per-dag-was-droog-functie-geschikt-voor-woonkamer-slaapkamer-badkamer-wit/9300000042187016/,10,"
Last van vochtproblemen, een langzaam drogende was of is een ruimte in huis simpelweg te vochtig? Gebruik hiervoor de Professionele Luchtontvochtiger van Auronic. De luchtontvochtiger is stil en ontzettend krachtiger tegelijk. Je kan met de luchtontvochtiger tot wel 12 liter per dag opvangen. Daarnaast zorgt de luchtontvochtiger voor een airflow waardoor de gehele ruimtes tot wel 100 m³ per uur ontvochtigt worden.  Jouw voordelen  Ontvochtigt tot 12 liter per dag Ontvochtig tot 100 m³ per uur Reservoir van 2 liter Was-droog functie 360° Airflow 185 Watt Slechts 36 dB  Voorkom schimmel en overtollig vocht De luchtontvochtiger van Auronic verlaagt in hoog tempo de luchtvochtigheid in elke ruimte dankzij de 185W motor. Daarnaast voorkomt de luchtontvochtiger ook schimmels, bacteriën. LED-indicatie Dankzij de ingebouwde LED-indicatie weet je exact wat de huidige vochtigheidsgraad is. Met 3 verschillende kleuren (groen, geel en rood) wordt de vochtigheidsgraad weergegeven, zodat je altijd op de hoogte bent. Bij een groene indicatie is de luchtvochtigheid in de ruimte goed, bij geel is het advies om de lucht te ontvochtigen en bij een rode indicatie wordt aangeraden om de lucht te ontvochtigen omdat er te veel vocht in de lucht hangt. Ontvochtigt 12 liter per dag Deze krachtige Auronic ontvochtiger vangt tot 100 m³ vocht per uur op, tot wel 12 liter per dag. De luchtontvochtiger heeft een groot waterreservoir met een capaciteit van 2 liter. Je hoeft daardoor niet constant het reservoir te legen. 360° Airflow en Was-droog functie De luchtontvochtiger van Auronic beschikt over 360° Airflow, dit betekent dat de ruimte volledig ontvochtigt wordt. Dankzij de was-droog functie wordt de was sneller droog dan ooit tevoren. Met deze functie wordt al het vocht in de ruimte razendsnel uit de lucht opgevangen, waardoor de was sneller droog is. Eenvoudige bediening De luchtontvochtiger van Auronic beschikt over een zeer eenvoudige meer intuïtieve bediening. Het apparaat kan op elke situatie ingesteld worden met de slimme instellingen. Denk hierbij aan de RH-stand, snelheid, timer, modus en een kinderslot. Verpakkingsinhoud  Luchtontvochtiger (1x) Handleiding (1x)  Specificaties:  Merk: Auronic Materiaal: PP, ABS Certificering: CE + ROHS Kleur: Wit ​Afmetingen: 30.50 x 26.50 x 52.00 cm ​Gewicht: 11 kg Snoerlengte: 1,5 m Voltage - Frequentie: 220V - 50Hz Vermogen: 185W Capaciteit waterreservoir: 2 liter Capaciteit luchtontvochtiging: 100 m³ per uur / 12 liter per dag Bereik: 8 - 20 m² Geluidsniveau: 36 dB Werktemperatuur: 5 - 35°C Automatische uitschakeling: Ja, timer / wanneer vol Waterniveau-indicator: Ja. LED-indicator Signaal vol waterreservoir: Ja Luchtfilter: Ja Met wielen: Ja  Bestel nu de luchtontvochtiger van Auronic en zeg gedag tegen bacteriën, schimmels en allergenen! Let op! Dit product is alleen geschikt voor een geaard stopcontact. 
"
7,"Auronic Luchtontvochtiger - Ontvochtigt 450ml Per Dag - LED - Geschikt voor Woonkamer, Slaapkamer & Badkamer - Wit",,Auronic,Auronic Luchtontvochtigers,"4,1",424,"54,99",Op voorraad,https://www.bol.com/nl/nl/p/auronic-luchtontvochtiger-ontvochtigt-450ml-per-dag-led-geschikt-voor-woonkamer-slaapkamer-badkamer-wit/9300000032744456/,11,"
Voorkom bacteriën, schimmels of allergenen in huis en gebruik de 2-in-1 luchtontvochtiger van Auronic. Het apparaat is ontzettend zuinig (40W). Je kunt deze dus 24/7 gebruiken in elke ruimte, zelfs de slaapkamer. Per dag filter je tot 450 ml vocht uit de lucht! In het waterreservoir zit een 7-kleurige LED lamp die je aan kunt zetten voor sfeerlicht. De luchtontvochtiger schakelt automatisch uit voordat hij vol zit en licht dan rood op. Voor het beste resultaat plaats je de luchtontvochtiger in een ruimte van 10 – 20 m² met een kamertemperatuur tussen de 8°C en 40°C.  Jouw voordelen  Ontvochtigt tot 450 ml per dag Verwijdert bacteriën, schimmels en allergenen Automatische uitschakeling Sfeervolle LED-nachtlamp Energiezuinig  Auronic Luchtontvochtiger De luchtontvochtiger van Auronic verlaagt in hoog tempo de luchtvochtigheid in elke ruimte. Daarnaast verwijdert de luchtontvochtiger ook schimmels, bacteriën en allergenen! De filter achterin het apparaat verwijdert stof en zuivert het water. De luchtontvochtiger laat geen geurtjes of vlekken achter. Ideaal bij allergieën en vochtige ruimtes!  LED-sfeerlamp Creëer een sfeervolle ruimte met de 7-kleurige LED-lamp die het waterreservoir verlicht! Met een druk op de knop kies je gewenste kleur. Je kunt de LED-lampjes de hele nacht aan laten staan, maar uiteraard ook uit zetten. Als de watertank 70% vol is gaat automatisch het rode licht aan om je te waarschuwen de tank te legen. Ontvochtigt 450 ml per dag De luchtontvochtiger heeft een groot waterreservoir met een capaciteit van 1000 ml. Je hoeft daardoor niet elke dag het reservoir te legen. De luchtontvochtiger vangt bij 30°C en 80% luchtvochtigheid maximaal 400-450 ml water per dag op. Automatische uitschakeling Om te voorkomen dat de luchtontvochtiger overstroomt gaat hij automatisch uit als het waterreservoir vol is. Als het reservoir voor 70% gevuld gaat een rood licht branden. Zodra het reservoir helemaal vol zit schakelt hij volledig uit. Leeg het waterreservoir simpelweg in de gootsteen en zet de luchtontvochtiger weer aan! Voor ruimtes van 10 – 20 m² Voor het beste resultaat plaats je de luchtontvochtiger in een ruimte tussen 10 – 20 m². Gebruik hem dus in kleine ruimtes zoals de bijkeuken, maar ook in grotere ruimtes zoals de slaapkamer! De gewenste kamertemperatuur is tussen 8°C en 40°C. De luchtontvochtiger zal niet goed werken bij kamertemperaturen onder 5°C of onder 45% luchtvochtigheid. Er zit dan te weinig vocht in de lucht. Compact en energiezuinig De luchtontvochtiger van Auronic is lichtgewicht en compact. Alles bij elkaar weegt hij maar 1,3 kg! Je kunt de luchtontvochtiger hierdoor eenvoudig verplaatsen en opbergen. Met een verbruik van 40W is hij ook zeer energiezuinig. Je kunt de luchtontvochtiger dus zonder zorgen 24/7 aan laten staan! Verpakkingsinhoud  Luchtontvochtiger (1x) Handleiding (1x)  Specificaties  Merk: Auronic Materiaal: PP, ABS Kleur: Wit ​Afmetingen: 25,60 x 15,00 x 15,00 cm ​Gewicht: 1,3 kg Snoerlengte: 1,2 m Voltage – Frequentie: DC 12V 3.5A | 50/60Hz Vermogen: 40W Capaciteit waterreservoir: 1000 ml Capaciteit luchtontvochtiging: 400-450 ml/dag (bij 30°C en 80% RH) Bereik: 10 – 20 m² Geluidsniveau: 39 dB Werktemperatuur: 15 – 30°C BPA-vrij: ja Veiligheidsklasse van stekker: 2 Automatische uitschakeling: Ja Waterniveau-indicatie: Ja Signaal vol waterreservoir: Ja Minimale luchtvochtigheid: 45% Minimale kamertemperatuur: 5°C Luchtfilter: Ja 
"
8,arash® Luchtontvochtiger - Ontvochtigd 450ML Per Dag - 2-in-1 Luchtreiniger Dehumidifier - Stil - Slaapkamer / Badkamer / Huis - Coloured LED - Zwart,,arash,,"4,3",56,"54,95",Op voorraad,https://www.bol.com/nl/nl/p/arash-luchtontvochtiger-ontvochtigd-450ml-per-dag-2-in-1-luchtreiniger-dehumidifier-stil-slaapkamer-badkamer-huis-coloured-led-zwart/9300000166805396/,8,"
Voorkom bacteriën, schimmels of allergenen in huis en gebruik de 2-in-1 luchtontvochtiger / luchtreiniger van arash®. Het apparaat is muisstil (39 dB) en ontzettend zuinig (45W). Je kunt deze dus 24/7 gebruiken in elke ruimte, zelfs de slaapkamer. Per dag filter je tot 450 ml vocht uit de lucht! In het waterreservoir zit een 7-kleurige LED lamp die je aan kunt zetten voor sfeerlicht. De luchtontvochtiger schakelt automatisch uit voordat hij vol zit en licht dan rood op. Voor het beste resultaat plaats je de luchtontvochtiger in een ruimte van 10 – 25 m² met een kamertemperatuur tussen de 8°C en 40°C. 2-in-1 luchtreiniger- en ontvochtigerDe luchtontvochtiger van arash® verlaagt in hoog tempo de luchtvochtigheid in elke ruimte. Daarnaast verwijdert de luchtontvochtiger ook schimmels, bacteriën en allergenen! De filter achterin het apparaat verwijdert stof en zuivert het water. De luchtontvochtiger laat geen geurtjes of vlekken achter. Ideaal bij allergieën en vochtige ruimtes! Fluisterstil 39dBWil je graag een minder vochtige slaapkamer? De luchtontvochtiger werkt middels thermo-elektrische elementen. Dit zorgt ervoor dat de luchtontvochtiger muisstil is! Het geluidsniveau is maar 39 dB. Je kunt de luchtontvochtiger dus zelfs aanzetten tijdens het slapen!LED-sfeerlampCreëer een sfeervolle ruimte met de 7-kleurige LED-lamp die het waterreservoir verlicht! Met een druk op de knop kies je gewenste kleur. Je kunt de LED-lampjes de hele nacht aan laten staan, maar uiteraard ook uit zetten. Als de watertank 70% vol is gaat automatisch het rode licht aan om je te waarschuwen de tank te legen.arash® LuchtontvochtigerOntvochtigd tot 450 ml per dagVerwijdert bacteriën, schimmels en allergenenAutomatische uitschakelingSfeervolle LED-nachtlampEnergiezuinigOntvochtigd 450 ml per dagDe luchtontvochtiger heeft een groot waterreservoir met een capaciteit van 1000 ml. Je hoeft daardoor niet elke dag het reservoir te legen. De luchtontvochtiger vangt bij 30°C en 80% luchtvochtigheid maximaal 400-450 ml water per dag op. Automatische uitschakelingOm te voorkomen dat de luchtontvochtiger overstroomt gaat hij automatisch uit als het waterreservoir vol is. Als het reservoir voor 70% gevuld gaat een rood licht branden. Zodra het reservoir helemaal vol zit schakelt hij volledig uit. Leeg het waterreservoir simpelweg in de gootsteen en zet de luchtontvochtiger weer aan!Voor ruimtes van 10 – 25 m²Voor het beste resultaat plaats je de luchtontvochtiger in een ruimte tussen 10 – 25 m². Gebruik hem dus in kleine ruimtes zoals de bijkeuken, maar ook in grotere ruimtes zoals de slaapkamer! De gewenste kamertemperatuur is tussen 8°C en 40°C. De luchtontvochtiger zal niet goed werken bij kamertemperaturen onder 5°C of onder 45% luchtvochtigheid. Er zit dan te weinig vocht in de lucht.Compact en energiezuinigDe luchtontvochtiger van arash® is lichtgewicht en makkelijk om overal mee te nemen. Alles bij elkaar weegt hij maar 1,3 kg! Je kunt de luchtontvochtiger hierdoor eenvoudig verplaatsen en opbergen. Met een verbruik van 36W is hij ook zeer energiezuinig. Je kunt de luchtontvochtiger dus zonder zorgen 24/7 aan laten staan!Specificaties:► Merk: arash®► Inhoud verpakking: 1x luchtontvochtiger – 1x handleiding 1x netsnoer► Materiaal: ABS► Kleur: Wit► ​Afmetingen: 152mm - 135mm - 250mm► ​Gewicht: 1,3 kg► Snoerlengte: 1,2 m► Voltage – Frequentie: DC 12V 3.5A | 50/60Hz► Vermogen: 45W► Capaciteit waterreservoir: 1000 ml► Capaciteit luchtontvochtiging: 400-450 ml/dag (bij 30°C en 80% RH)► Bereik: 20 – 45 m²► Geluidsniveau: 39 dB► Werktemperatuur: 15 – 30°C► BPA-vrij: ja► Veiligheidsklasse van stekker: 2► Automatische uitschakeling: Ja► Waterniveau-indicatie: Ja► Signaal vol waterreservoir: Ja► Minimale luchtvochtigheid: 45%► Minimale kamertemperatuur: 5°C► Luchtfilter: JaBestel nu de luchtontvochtiger van en zeg gedag tegen bacteriën, schimmels en allergenen!
"
9,Auronic Luchtontvochtiger en Luchtreiniger - Ontvochtigt 20L per Dag - Was-droog Functie - Wit,,Auronic,Auronic Luchtontvochtigers,"4,8",99,"229,99",Op voorraad,https://www.bol.com/nl/nl/p/auronic-luchtontvochtiger-ontvochtigd-20l-per-dag-was-droog-functie-wit/9300000110326008/,12,"
 Vochtplekken, ongedierte, en muffe geurtjes, dat wil je natuurlijk niet in huis hebben. Vaak ontstaan deze problemen door één ding: een vochtige lucht! Deze boosdoener sluipt er vaak bij in. Zonder dat je het door hebt, beschadig je jouw kostbare woning of ontstaan er gezondheidsklachten. Condensatievocht is er helaas in elk huis, het wordt pas een probleem wanneer dit vocht de ruimte niet kan verlaten. Gelukkig is daar de oplossing: de luchtontvochtiger en luchtreiniger in één van Auronic!  Jouw voordelen  Compact en krachtig design Eenvoudig te verplaatsen Intuïtief display Meerdere functies Inclusief afvoerslang  Wat doet de Auronic luchtontvochtiger en luchtreiniger?  Een luchtontvochtiger haalt alle overtollige waterdamp uit de lucht. Daarnaast haalt de luchtreinigingsfunctie alle vieze deeltjes uit de lucht. De vochtige lucht komt in het apparaat en wordt vervolgens afgekoeld, hierdoor wordt de lucht vloeibaar en kan het opgevangen worden. Met de bijbehorende slang kan het water direct afgevoerd worden, zodat je niet steeds een reservoir hoeft te legen. De koude lucht (zonder vocht) wordt vervolgens verwarmd tot een aangename kamertemperatuur. Zo heb je geen last van dit proces en kun je zorgeloos van je dag genieten.  Schone lucht  Uit onderzoek blijkt dat de luchtkwaliteit binnenshuis tot wel 30 keer slechter kan zijn dan de buitenlucht. Dit kan leiden tot lichte klachten zoals hoofdpijn en kortademigheid maar ook zwaardere gezondheidsproblemen zoals astma en bronchitis. Daarom is een schone lucht enorm belangrijk! Naast dat de betaalbare luchtontvochtiger de lucht ontvochtigt, reinigt het apparaat van Auronic ook nog eens de lucht. Het apparaat haalt door middel van een filter alle haartjes en stof uit de lucht. Zo voorkom je niet alleen gezondheidsklachten voor jezelf, maar ook voor je familie en vrienden.  Compact en krachtig design  De luchtontvochtiger en luchtreiniger van Auronic is super compact, maar toch enorm krachtig. Zo kan het apparaat met een 5 liter tank een kamer tot wel 60 m2 ontvochtigen, te besturen via een Intuïtief display. Wil je het apparaat verplaatsen naar een andere ruimte? Geen probleem! Verplaats de luchtontvochtiger met 4 wieltjes of stevige handvatten. Met de extra lange kabel kun je het apparaat eenvoudig aansluiten op het stroomnetwerk. Deze stekker moet voor de veiligheid op een geaard stopcontact worden aangesloten.  Handige functionaliteiten  Met het kinderslot hoef je je gelukkig geen zorgen te maken dat jouw kleine het apparaat uitzet. Naast het kinderslot heeft het apparaat een handige ontdooifunctie, automatisch stop, een 24 uurs-timer en 2 verschillende standen.  Luchtontvochtiger en Luchtreiniger in één  Dankzij het compacte design is de luchtontvochtiger en luchtreiniger van Auronic ideaal voor thuisgebruik. Of je nou woont in een klein appartementje in de stad of vrijstaande villa op het platteland. De krachtige luchtontvochtiger is eenvoudig te verplaatsen naar elke kamer. Zo voorkom je naast onnodige gezondheidsklachten ook mogelijke schade aan jouw woning. 
"
10,"Erikssøn Luchtontvochtiger Dry Pro Plus - Ontvochtigt Tot 16 Liter Per Dag - Geschikt Voor Slaapkamer , Badkamer , Woonkamer En Kelder - Dehumidifier",,Erikssøn,,"4,5",30,"159,99",Op voorraad,https://www.bol.com/nl/nl/p/eriksson-luchtontvochtiger/9300000151486930/,12,"
Wil jij vochtproblemen en muffe geurtjes in huis verhelpen, pollen in huis verminderen of simpelweg in het juiste luchtvochtigheidspercentage leven? Dan is de Erikssøn Luchtontvochtiger Dry Pro Plus perfect geschikt voor jou! De Luchtontvochtiger is krachtig, energiezuinig en heeft daarnaast een geluidsniveau van 35dB waardoor het de stilste en krachtigste compacte luchtontvochtiger op de Nederlandse markt is. De Erikssøn Luchtontvochtiger Dry Pro Plus ontvochtigt tot 140 m³ per uur. De voordelen:  Ontvochtigt tot 16 liter per dag en 140 m³ per uur. Diverse extra functies : was-droog functie / kinderslot / timer / constant vochtigheidspercentage Ingebouwde real-time Hygrometer Inclusief rolwieltjes Vermindert pollen en virussen in de lucht 35dB geluidsniveau 360° Airflow Thuiswinkel waarborg keurmerk  Kies voor een gezond binnenklimaat, voorkom schimmel en overtollig vocht Een luchtontvochtiger helpt bij het verbeteren van de luchtkwaliteit in een binnenklimaat. Vooral in het geval van vocht- en allergieproblemen. Het kan schimmel, huisstofmijt en andere allergenen helpen verminderen door de luchtvochtigheid te verlagen. Met de real-time Hygrometer weet je zeker dat jouw kamer een gezond vochtigheidspercentage heeft. Ontvochtigt 16 liter per dag, meerdere afvoermogelijkheden De krachtige en energiezuinige Erikssøn luchtontvochtiger vangt tot 140 m³ vocht per uur op en heeft een maximale capaciteit van 16 liter per dag. Met een watertank van 1.8L en de mogelijkheid om een slang aan te sluiten hoef jij niet constant jouw waterreservoir te legen. Ingebouwde real-time Hygrometer In tegenstelling tot andere ontvochtigers die de luchtvochtigheid met een LED-indicatie aangeven, heeft de Erikssøn luchtontvochtiger een ingebouwde real-time Hygrometer. Hiermee weet jij exact wat de huidige vochtigheidsgraad is. In combinatie met de ""humidity"" functie kan jij jouw kamer op een constant luchtvochtigheidspercentage houden. Diverse extra functies - Heb je was uitgehangen die je het liefst zo snel mogelijk droog wil hebben? De Erikssøn luchtontvochtiger beschikt over een was-droog functie waarmee het vocht uit jouw natte was binnen no-time verdwenen is zonder dat het schadelijk is voor jouw kleding. - Door middel van het touchscreen bedieningspaneel bepaal jij ook de snelheid van de ingebouwde luchtventilator. - Met de lock-functie kan jij de Erikssøn luchtontvochtiger vergrendelen zodat onbevoegde peuters niet met de instellingen kunnen spelen. - Met de timer-functie kan jij de Erikssøn luchtontvochtiger tot 24 uur later werken waarna deze automatisch uit gaat. Een energiezuinige oplossing. Inhoud verpakking  Erikssøn Dry Pro Plus Luchtontvochtiger Fabriekshandleiding Waterreservoir Afvoerslang (1,35m)  Specificaties  Merk: Erikssøn Serie: Dry Pro Materiaal: PP, ABS Certificering: CE + ROHS Kleur: Zwart ​Afmetingen: 275 x 195 x 440 mm ​Netto-gewicht: 9 kg Snoerlengte: 1,5 m Voltage - Frequentie: 220V - 50Hz Vermogen: 185W Capaciteit waterreservoir: 1,8 liter Capaciteit luchtontvochtiging: 140 m³ per uur / 16 liter per dag Bereik: 20- 70m² Geluidsniveau: 35 dB Werktemperatuur: 0 - 38°C Automatische uitschakeling: Timer / Waterreservoir vol Waterniveau-indicator: Ja. LED-indicator Signaal vol waterreservoir: Ja Luchtfilter: Ja Met wielen: Ja 
"
11,"Vonia Luchtontvochtiger - Ontvochtigd 1000 ml per dag - Ontvochtiger - Slaapkamer, Badkamer, Huis & Kantoor -Zwart",,vonia,,"4,4",20,"59,95",Op voorraad,https://www.bol.com/nl/nl/p/vonia-luchtontvochtiger-ontvochtigd-1000-ml-per-dag-ontvochtiger-slaapkamer-badkamer-woonkamer-zwart/9300000157978797/,9,"
Ontdek de Vonia luchtontvochtiger: effectieve vochtregulatie in stijl. Geniet van krachtige ontvochtiging tot 1000 ml per dag voor ruimtes tot 25m².  Creëer een ontspannen ambiance met sfeervolle verlichting en profiteer van energiezuinige prestaties. Dankzij de stille werking, nachtmodus en auto-off functie blijft comfort behouden. Met een ruim 2.5L reservoir en indicator lichtje wordt onderhoud eenvoudig. De display maakt aanpassingen moeiteloos en het verwijderbare reservoir zorgt voor gebruiksgemak. Vonia biedt een harmonieuze balans tussen functionaliteit en elegantie, waardoor een gezonde leefomgeving moeiteloos wordt gerealiseerd. Voordelen Vonia luchtontvochtiger  Krachtige en efficiënte ontvochtiging Sfeervolle verlichting Energiezuinig ontwerp Ruimtebereik: 10-25m² Stille werking 30 – 40 dB Nachtmodus optie Auto-off functie Groot 2.5L waterreservoir Waterreservoir zichtbaar en transparant Verbeterd slaapkwaliteit en comfort  Ruime capaciteit per dag Met een capaciteit tot wel 1000 ml vocht per dag biedt de Vonia dehumidifier een effectieve oplossing voor vochtige omgevingen. Of je nu te maken hebt met condensatieproblemen, schimmelgroei of gewoon een ongemakkelijke luchtvochtigheid, deze luchtontvochtiger staat klaar om je te helpen. Met de ingebouwde LED-display heb je volledige controle over de instellingen, zodat je de ontvochtiger kunt aanpassen aan je eigen voorkeuren. Sfeervol en efficiënt Een opvallende eigenschap van de Vonia luchtontvochtiger is de sfeerverlichting. Deze subtiel geïntegreerde verlichting voegt een rustgevende ambiance toe aan elke ruimte, waardoor een ontspannen sfeer wordt gecreëerd terwijl de lucht wordt gezuiverd. Of je nu een gezellige avond thuis doorbrengt of wat rust en sereniteit wilt toevoegen aan je slaapkamer, de sfeerverlichting van de dehumidifier zal zeker een vleugje elegantie toevoegen. Energiezuinig Naast zijn stijlvolle ontwerp is de Vonia luchtontvochtiger ook buitengewoon energiezuinig, waardoor je je geen zorgen hoeft te maken over hoge energierekeningen. Met geluidsniveaus variërend van 30dB tot 40dB, werkt deze ontvochtiger fluisterstil, waardoor je ongestoord van je dagelijkse bezigheden kunt genieten terwijl hij zijn werk doet. Nachtmodus De handige nachtmodus zorgt ervoor dat de Vonia luchtontvochtiger 's nachts onopvallend en efficiënt werkt. Het apparaat is uitgerust met een royale 2,5 liter waterreservoir en een indicatorlichtje dat aangeeft wanneer het tijd is om de watertank te legen. De verwijderbare watertank maakt het legen en reinigen moeiteloos. Auto-off functie Veiligheid is van groot belang, en daarom schakelt de Vonia dehumidifier automatisch uit wanneer de watertank vol is, waardoor je gemoedsrust hebt en het apparaat zorgeloos kunt gebruiken. Met de mogelijkheid om de Vonia luchtontvochtiger aan je persoonlijke voorkeuren aan te passen, kun je de luchtvochtigheid op het gewenste niveau handhaven en genieten van een gezonde en comfortabele leefomgeving. Specificaties  Merk: Vonia Kleur: zwart Materiaal: ABS Gewicht: 2.6 kg Afmetingen: 21 x 14 x 35 centimeters Waterreservoir: 2.5 liter Capaciteit per dag: 1 liter Auto-off functie: ja Nachtmodus: ja Stroomverbruik: 78Watt Voltage: 220V  Bestel nu en creëer een comfortabel en gezond leefklimaat in je huis met de geavanceerde Vonia luchtontvochtiger!
"
12,"AG240 Luchtontvochtiger - Luchtreiniger - Dehumidifier - Grote watertank 2.5L capaciteit, 800ml/D ontvochtiging, 10-35m2 bereik -energiezuinig, verlichting 7 kleuren - Voor huis, kamer, badkamer & kelder",,AG,,"4,6",32,"89,99",Op voorraad,https://www.bol.com/nl/nl/p/ag240-luchtontvochtiger-luchtreiniger-dehumidifier-grote-watertank-2-5l-capaciteit-800ml-d-ontvochtiging-10-35m2-bereik-energiezuinig-verlichting-7-kleuren-voor-huis-kamer-badkamer-kelder/9300000150464115/,18,"
Op zoek naar een effectieve manier om vocht uit de lucht te verwijderen en uw huis gezond en comfortabel te houden? Kijk niet verder dan de AG240 luchtontvochtiger, de perfecte keuze voor kamers van 10-35m2! Deze ontvochtiger is ontworpen om de luchtvochtigheid te verminderen en schimmelvorming, allergenen en andere schadelijke stoffen te verminderen.Voordelen:  Voor kamers van 10-35m2 800ml/D ontvochtigingscapaciteit (30°RH80%) 2.5L capaciteit voor wateropvangbak Gemakkelijk in gebruik en onderhoud Stil in werking, verstoort uw dagelijkse activiteiten niet Automatische uitschakelfunctie wanneer de watertank vol is Verlichting met 7 verschillende kleuren voor extra sfeer en nachtlampje-optie Energiezuinig, beperkt verbruik voor lagere energierekening Creëert een gezonde leefomgeving, droog en comfortabel   Creëer een gezonde leefomgeving: droog en comfortabel De AG240 luchtontvochtiger is de ideale oplossing voor het verwijderen van vocht uit uw leefruimte. Het apparaat kan ruimtes tot 35 vierkante meter aan, waardoor het perfect is voor gebruik in uw slaapkamer, woonkamer, studeerkamer of kantoor. Met een capaciteit van 2,5 liter kan het apparaat tot 800 ml vocht per dag verwijderen bij een relatieve vochtigheid van 80% en een temperatuur van 30°C.   Stil en Energiezuinig Niemand houdt van een luidruchtig apparaat, vooral niet als het 24 uur per dag aanstaat. De AG240 luchtontvochtiger is ontworpen om stil te zijn, zodat het uw dagelijkse activiteiten niet zal verstoren. In de normale stand produceert het apparaat een geluidsniveau van 45dB, terwijl het in de slaapstand slechts 39dB produceert. Hierdoor kunt u het apparaat 's nachts gebruiken zonder dat u zich zorgen hoeft te maken over lawaai. Bovendien is het apparaat energiezuinig, waardoor het uw energierekening niet te veel zal verhogen. Makkelijk te Gebruiken De AG240 luchtontvochtiger is zeer eenvoudig te gebruiken. Het enige wat u hoeft te doen is het apparaat aan te zetten en het zal beginnen met het verwijderen van vocht uit de lucht. Het apparaat is uitgerust met een automatische uitschakelfunctie die ervoor zorgt dat het apparaat automatisch uitschakelt wanneer de watertank vol is. Hierdoor hoeft u zich geen zorgen te maken over het legen van de watertank. Verlichting De AG240 luchtontvochtiger is niet alleen functioneel, maar ook mooi ontworpen. Het apparaat kan verlicht worden met 7 verschillende kleuren, waardoor het een extra sfeer geeft aan uw kamer. U kunt het apparaat zelfs gebruiken als nachtlampje, waardoor u kunt genieten van een rustgevende en ontspannen sfeer terwijl u slaapt. Het belang van de juiste luchtvochtigheid kan niet genoeg benadrukt worden. Te veel vocht in de lucht kan leiden tot gezondheidsproblemen en schade aan uw huis. Met de AG240 luchtontvochtiger kunt u ervoor zorgen dat de luchtvochtigheid snel verbeter wordt.
  "
13,Luchtontvochtiger - Extreem Stil - 350ml/dag - Geschikt voor Huis / Slaapkamer & Badkamer,,Exclusive by TW,,"4,4",29,"69,95",Op voorraad,https://www.bol.com/nl/nl/p/luchtontvochtiger-extreem-stil-350ml-dag-geschikt-voor-huis-slaapkamer-badkamer/9300000135269950/,9,"
Wil jij jouw meubels beschermen, allergenen tegengaan en vrijer kunnen ademen op een gemakkelijke en snelle wijze? De Exclusive by TW luchtontvochtiger pakt de vochtproblemen bij de bron aan! De ontvochtiger is speciaal ontworpen met de nieuwste technologie en het beschikt over de slimste sensoren, waardoor je automatisch vocht uit je woonkamer, kelder of slaapkamer verdwijnen. Dit zorgt ervoor dat je voor eens en altijd gedag kan zeggen tegen vochtplekken, klamme ruimtes en onnodige schimmel. Extra krachtig en compactDeze luxe dehumidifier verwijderd tot wel 350 ML aan vocht per dag en transformeert jouw ruimte tot een goed gereinigde oase. Daarnaast is de luchtontvochtiger van Exclusive by TW compact en licht van gewicht. Hierdoor kan je de luchtontvochtiger eenvoudig verplaatsen en opbergen. Ruim reservoirDe luchtontvochtiger is voorzien van een ruime watertank van 1000 ml zodat je het opvangbakje niet steeds leeg hoeft te gieten. Is de tank vol? Geen probleem, het apparaat schakelt zichzelf automatisch uit. Gooi de tank inhoudt leeg en klaar is kees! Jouw voordelen  Waterreservoir met een inhoudscapaciteit van 1 liter Verwijderd tot wel 350 ml vocht per dag Zeer gebruiksvriendelijk en handzaam Voorzien van de nieuwste technologie Laag energieverbruik Geruisloos en muisstil in gebruik Volledig automatisch vocht verwijderen uit je woonkamer, slaapkamer of kelder 7 sfeervolle LED Kleuren  Geruisloos en fluisterstilDeze reinigende ontvochtiger is uitgerust met een ingebouwde motor, welke weinig tot geen geluid maakt. Dit zorgt ervoor dat het volledig automatisch zijn werk doet zonder dat je tussentijds zal worden gestoord. Hierdoor hoeft je enkel het apparaat in de slaapkamer plaatsen zonder dat het je nachtrust zal verstoren. Voor ruimtes van 10m² tot 25m².Voor het beste resultaat plaats je de luchtontvochtiger in een ruimte tussen 10m² tot 25m². Gebruik hem dus in kleine ruimtes zoals de bijkeuken, maar ook in grotere ruimtes zoals de slaapkamer! De gewenste kamertemperatuur is tussen 8°C en 40°C. De luchtontvochtiger zal niet goed werken bij kamertemperaturen onder 5°C of onder 45% luchtvochtigheid. Er zit dan te weinig vocht in de lucht. Druk op ‘in winkelwagen’ en zeg gedag tegen vocht in je woonkamer, slaapkamer of kelder en geniet van een frisse lucht.
"
14,"Evolar EVO-DH1000 Luchtontvochtiger - Ontvochtigt 10L per Dag - Geschikt voor Woonkamer, Slaapkamer, Badkamer en Kelder - Fluisterstil - Wit",,Evolar,,"3,9",31,"139,95",Op voorraad,https://www.bol.com/nl/nl/p/evolar-evo-dh1000-luchtontvochtiger/9300000078633895/,16,"
Heb je last van een ademwegproblemen door een benauwde lucht in huis en wil je de lucht graag kunnen ontvochtigen? Of heb je misschien last van vocht- of schimmelplekken door een te hoge luchtvochtigheid? Als je de lucht in je huis wilt ontvochtigen is de Evolar EVO-DH1000 iets voor jou! De ontvochtiger zuigt zeer stil de vochtige lucht op. De lucht gaat vervolgens door het luchtfilter, het apparaat condenseert het en blaast vervolgens droge lucht weer uit. De ontvochtiger kan wel 10 liter water uit de lucht trekken per dag, waardoor jij weer kunt genieten van de ideale luchtvochtigheid! OmschrijvingDe luchtontvochtiger heeft een modern en strak design. Het apparaat is zeer gemakkelijk te verplaatsen aan de handgreep aan de bovenzijde en hij is voorzien van rubberen voetjes, zodat hij een goede grip met de grond heeft. Je kunt zelf het gewenste vochtgehalte in de kamer instellen van 30% tot 90%. De ontvochtiger is geschikt voor ruimtes tot 20m2. Dat betekent dat je een kleine woonkamer, een slaapkamer, een badkamer of was- en opslagruimtes binnen no time kunt ontvochtigen! En dat kan zelfs wanneer je slaapt, studeert of werkt, want apparaat is zeer stil met een geluidsniveau van slechts 42 decibel. Werking en gebruikDe ontvochtiger is te bedienen aan de hand van een display aan de bovenzijde van het apparaat. Op het display zitten vier drukknoppen die je kunt gebruiken om de ontvochtiger aan te zetten, de gewenste vochtgehalte in de kamer in te stellen en om de timer in te stellen. Naast de drukknoppen bevinden er zich ook LED-lampjes op de unit om aan te geven welke stand op dat moment aan staat. Zo geeft de ontvochtiger aan wanneer de timerstand, de compressorstand of de ontdooistand aanstaat. Ook geeft het apparaat aan wanneer de tank vol is, zodat je deze kunt legen. Het display geeft ook het huidige vochtgehalte in de ruimte weer. Indien het luchtfilter is vervuild, hoef je deze niet te vervangen. Je kunt hem schoonspoelen en schoonzuigen. Niet alleen erg gemakkelijk, maar ook nog eens duurzaam! Voordelen Verwijdert 10 liter vocht per dagDe Evolar EVO-DH1000 verwijdert wel 10 liter vocht uit de lucht in no time, waardoor je kunt genieten van een heerlijke luchtvochtigheid in je ruimte. Je hoeft nooit meer last te hebben van benauwdheid of last van vochtplekken in je huis.  Zeer stilHet apparaat is zeer stil, waardoor je hem gewoon aan kunt laten staan wanneer je wilt slapen of werken. Met 42 decibel is hij één van de stilste luchtontvochtigers die er zijn.  Handige timerfunctieDe luchtontvochtiger heeft een zeer handige timerfunctie, waarbij je een timer kunt laten aflopen. Je kunt daarbij de timer per uur instellen met een maximum van 24 uur. Specificaties: Timer: instelbaar van 1 tot 24 uur Voorzien van milieuvriendelijk R290 koelgas  Watertank 1,5 liter 2 jaar garantie Geschikt voor ruimtes tot 20m² Zeer stil geluidsniveau van 42 dB(A)
"
15,"Komodo Luchtontvochtiger - ontvochtigt 800 ml per dag - Geschikt voor Slaapkamer, Badkamer, Kelder - Dehumidifier",,Komodo,,"3,8",29,"64,95",Op voorraad,https://www.bol.com/nl/nl/p/komodo-luchtontvochtiger-en-luchtreiniger-1-2l-per-dag-slaapkamer-badkamer-huis-dehumidifier/9300000158391454/,6,"
 Heb je ook last van te veel vocht? Te veel vocht kan snel leiden tot de groei van bacteriën en schimmels, en zelfs allergische reacties veroorzaken. Onze luchtontvochtiger is ontworpen om dit probleem aan te pakken. Met een ontvochtigingscapaciteit van wel 800 milliliter per dag en een verwijderbaar waterreservoir van 2,3 liter, is de Komodo luchtontvochtiger alles wat je nodig zult hebben. De luchtontvochtiger beschikt over een fluisterstille slaapstand met slechts 34 dB aan geluidsniveau, waardoor deze ideaal is voor de nacht. Door de kracht van 65 watt blijft het super energiezuinig. Dankzij de geavanceerde 360° Airflow-technologie wordt de hele ruimte effectief ontvochtigd. Met drie instelbare standen en een handige ingebouwde timerfunctie, heb je volop keuzemogelijkheden om de luchtvochtigheid te beheren.   Belangrijke Voordelen   Ontvochtigt tot 800 milliliter per dag Waterreservoir van 2,30 Liter 3 Verschillende Standen 7 Verschillende led kleuren Automatisch ontdooien Timer Functie   Ontvochtigt 800 milliliter per dag   De luchtontvochtiger van Komodo kan 800 milliliter vocht per dag verwijderen. Met een uitneembare waterreservoir van 2,3 liter hoef je niet constant bezig te zijn met het legen ervan.   3 verschillende standen   Met 3 verschillende standen heb je voor diverse omstandigheden een oplossing. Je hebt een krachtige stand, auto stand en een slaapstand.   Timer Functie   Dankzij de timerfunctie kun je een tijdsinterval van 8 tot 48 uur instellen. Na afloop schakelt de luchtontvochtiger automatisch uit. Het apparaat stopt ook als het waterreservoir vol is.   2-in-1 luchtreiniger- en ontvochtiger   De luchtontvochtiger van Komodo maakt gebruik van de geavanceerde 360° Airflow-techniek om niet alleen vocht te verwijderen, maar ook schimmels, bacteriën en allergenen aan te pakken. De ingebouwde filter verwijdert stof en zuivert het water.   LED-indicatie   De geïntegreerde LED-indicatie toont nauwkeurig de actuele vochtigheidsgraad. Via drie kleuren (groen, geel en rood) wordt de vochtigheid weergegeven: groen voor optimaal, geel als het tijd is om te ontvochtigen en rood als er te veel vocht aanwezig is.   LED Display - 7 kleuren   Het moderne LED-display biedt intuïtieve bediening via het touchscreen. Met keuze uit zeven verschillende kleuren voegt de luchtontvochtiger ook een vleugje gezelligheid en moderniteit toe aan je ruimte.   Muisstil    De fluisterstille motor van de luchtontvochtiger zorgt voor onopvallende werking in jouw ruimte. Met de extra stille slaapstand, die slechts 34 dB geluid produceert, kun je het apparaat zelfs naast je bed plaatsen zonder je nachtrust te verstoren. 
"
16,Krachtige luchtontvochtiger - Fluisterstille werking in ruimtes tot 50m2 - Ontvochtigt tot 800ml per dag - Stopt automatisch - Wit,,Merkloos,,"3,6",11,"68,-",Op voorraad,https://www.bol.com/nl/nl/p/krachtige-luchtontvochtiger-fluisterstille-werking-in-ruimtes-tot-50m2-ontvochtigt-tot-800ml-per-dag-stopt-automatisch-wit/9300000143566145/,7,"
De meest populaire luchtontvochtiger met deze ruime 2,3L capaciteit! Voordelen  Fluisterstille werking Grote 2,3 liter tank hoeft niet vaak geleegd te worden Ontvochtigt tot 800 ml per dag Verwijdert bacteriën, schimmels en allergenen Automatische uitschakeling (indien vol of bij juiste luchtvochtigheid) Sfeervolle LED-nachtlamp Energiezuinig  Alle specificaties:  Afmetingen: 312mm x 225mm x 152mm Voor ruimtes tot 50m2 vloeroppervlak Max verbruikscapaciteit: 65W Zwaardere capaciteit vergeleken met kleinere modellen dankzij dubbele halfgeleider technologie (2 ipv 1 element). Capaciteit waterreservoir: 2.3 liter Tot 800ml per dag capaciteit Kleur: wit Stopt automatisch bij bereiken 50% luchtvochtigheid Stopt automatisch indien waterreservoir vol Ultra stille slaapmodus (39-42 Db) Hoge resolutie display met real-time luchtvochtigheid (hygrometer) Instelbare 48-uurs timer Instelbare LED sfeerverlichting (7 kleuren) Anti-schimmel 
"
17,Strex Luchtontvochtiger - Extreem Stil - 600ml/dag - Geschikt voor Huis / Slaapkamer & Kantoor,,Strex,,"3,8",206,"59,95",Op voorraad,https://www.bol.com/nl/nl/p/strex-luchtontvochtiger-extreem-stil-600ml-dag-geschikt-voor-huis-slaapkamer-kantoor/9300000033218506/,10,"
Wil jij jouw meubels beschermen, allergenen bestrijden en vrijer kunnen ademen? De Strex luchtontvochtiger pakt vochtproblemen bij de bron aan! Dit handige apparaat verwijdert moeiteloos vocht uit jouw binnenruimte en zorgt voor een gereinigde omgeving. Met een optimaal binnenklimaat verdwijnen klamme ruimtes, vochtplekken en schimmels als sneeuw voor de zon en voel jij je weer fris en gezond. Extra krachtigDeze luxe dehumidifier verwijdert tot wel 600 ml aan vocht per dag en transformeert jouw ruimte tot een goed gereinigde oase. Het apparaat is geschikt voor gebruik bij een oppervlakte tot 20 m2 en werkt dan ook perfect in bijna elke omgeving. Ruim reservoirDe Strex luchtontvochtiger is voorzien van een ruime watertank van 600 ml zodat je het opvangbakje niet steeds leeg hoeft te gieten. Is de tank vol? Geen probleem, het apparaat schakelt zichzelf automatisch uit. Gooi de tank simpelweg leeg en klaar is kees! Optimaal gebruiksgemakMet eenknopsbediening en minimalistisch design verminder jij de luchtvochtigheid in no-time. Hoe makkelijk kan het zijn! Jouw nieuwe aanwinst is volledig te bedienen met slechts één simpele knop. De luchtontvochtiger is van klein formaat zodat je het apparaat gemakkelijk uit het zicht kunt plaatsen. Kies je voor een kledingkast, kantoor, kinderkamer of kelder? Deze multifunctionele dehumidifier is waar je maar wilt in te zetten. Jouw voordelen✓ Muisstil in gebruik✓ Ruim reservoir van 600 ml✓ Gemakkelijk te verplaatsen✓ Voorzien van de nieuwste technieken✓ Laag energieverbruik FluisterstilDeze reinigende luchtontvochtiger wordt aangedreven door een muisstille motor en reinigt de lucht in jouw ruimte zonder dat je het doorhebt. Zo plaats je het apparaat in de baby- of slaapkamer zonder het nachtritme te verstoren en kun je de ontvochtiger ook goed gebruiken op kantoor. Jouw nieuwe luchtontvochtiger heeft een dubbel zo groot bereik in tegenstelling tot veel andere humidfiers en werkt bij vochttemperaturen tussen de 5 tot 50°C! Geavanceerde techniekStrex gebruikt de nieuwste condensatie technieken zodat jij nog jaren van jouw nieuwe aanwinst kunt genieten. Ons apparaat is volledig vrij van chemisch materiaal, is goed beschermd tegen uitstoot van freon gas en voorkomt technische problemen of kortsluiting met een slimme semiconductor. Let op! De netstroomadapter zit in het wateropvangbakje opgeborgen. Specificaties  Ventilatorsnelheid: 2600 Effectiviteit: 600 ml/per dag Vermogen: 23W Verbruik: 0.5KW/24U Stroom: 9V Geschikte oppervlakte: 20m2 Capaciteit watertank: 600 ml Geluidsniveau: onder 33 dB Afmetingen: 14.6 x 14.6 x 22.7 CM 
"
18,Qlima D 720 Cube - Luchtontvochtiger - 20L/dag - Extra groot reservoir - Inschuifbaar,Nieuw artikel,Qlima,,"4,2",18,"179,-",Op voorraad,https://www.bol.com/nl/nl/p/qlima-d-720-cube-luchtontvochtiger-20l-dag-extra-groot-reservoir-inschuifbaar/9300000119444383/,12,"
Qlima d 720 luchtontvochtiger heeft een groot reservoir van 12 liter. Het is gemakkelijk te gebruiken en past zich aan de omstandigheden in de kamer aan, waarbij het afwisselend in de stille modus en op vol vermogen werkt om een vochtigheidsgraad van ongeveer 50% te handhaven. Als het waterreservoir vol is, klinkt er een pieptoon en schakelt het apparaat uit. Wat opslagruimte betreft, is het zeer praktisch omdat het bovenste deel van het apparaat in de lekbak kan worden geplaatst om opslagruimte te besparen. Het zorgt voor lucht dankzij het 10-laagse anti-allergiefilter en heeft een timerfunctie van 1 tot 24 uur en de mogelijkheid van permanente drainage. Het is geschikt voor ruimtes tot 130 m.
"
19,"Erikssøn Luchtontvochtiger Dry Pro Plus - Ontvochtigt Tot 16 Liter Per Dag - Geschikt Voor Slaapkamer , Badkamer , Woonkamer En Kelder - Dehumidifier",,Erikssøn,,"4,5",30,"159,99",Op voorraad,https://www.bol.com/nl/nl/p/eriksson-luchtontvochtiger-dry-pro-plus-ontvochtigt-tot-16-liter-per-dag-geschikt-voor-slaapkamer-badkamer-woonkamer-en-kelder-dehumidifier/9300000163450731/,10,"
Wil jij vochtproblemen en muffe geurtjes in huis verhelpen, pollen in huis verminderen of simpelweg in het juiste luchtvochtigheidspercentage leven? Dan is de Erikssøn Luchtontvochtiger Dry Pro Plus perfect geschikt voor jou!De Luchtontvochtiger is krachtig, energiezuinig en heeft daarnaast een geluidsniveau van 35dB waardoor het de stilste en krachtigste compacte luchtontvochtiger op de Nederlandse markt is. De Erikssøn Luchtontvochtiger Dry Pro Plus ontvochtigt tot 140 m³ per uur. De voordelen:  Ontvochtigt tot 16 liter per dag en 140 m³ per uur. Diverse extra functies : was-droog functie / kinderslot / timer / constant vochtigheidspercentage Ingebouwde real-time Hygrometer Inclusief rolwieltjes Vermindert pollen en virussen in de lucht 35dB geluidsniveau 360° Airflow Thuiswinkel waarborg keurmerk  Kies voor een gezond binnenklimaat, voorkom schimmel en overtollig vocht Een luchtontvochtiger helpt bij het verbeteren van de luchtkwaliteit in een binnenklimaat. Vooral in het geval van vocht- en allergieproblemen. Het kan schimmel, huisstofmijt en andere allergenen helpen verminderen door de luchtvochtigheid te verlagen. Met de real-time Hygrometer weet je zeker dat jouw kamer een gezond vochtigheidspercentage heeft. Ontvochtigt 16 liter per dag, meerdere afvoermogelijkheden De krachtige en energiezuinige Erikssøn luchtontvochtiger vangt tot 140 m³ vocht per uur op en heeft een maximale capaciteit van 16 liter per dag. Met een watertank van 1.8L en de mogelijkheid om een slang aan te sluiten hoef jij niet constant jouw waterreservoir te legen. Ingebouwde real-time Hygrometer In tegenstelling tot andere ontvochtigers die de luchtvochtigheid met een LED-indicatie aangeven, heeft de Erikssøn luchtontvochtiger een ingebouwde real-time Hygrometer. Hiermee weet jij exact wat de huidige vochtigheidsgraad is. In combinatie met de ""humidity"" functie kan jij jouw kamer op een constant luchtvochtigheidspercentage houden. Diverse extra functies - Heb je was uitgehangen die je het liefst zo snel mogelijk droog wil hebben? De Erikssøn luchtontvochtiger beschikt over een was-droog functie waarmee het vocht uit jouw natte was binnen no-time verdwenen is zonder dat het schadelijk is voor jouw kleding. - Door middel van het touchscreen bedieningspaneel bepaal jij ook de snelheid van de ingebouwde luchtventilator. - Met de lock-functie kan jij de Erikssøn luchtontvochtiger vergrendelen zodat onbevoegde peuters niet met de instellingen kunnen spelen. - Met de timer-functie kan jij de Erikssøn luchtontvochtiger tot 24 uur later werken waarna deze automatisch uit gaat. Een energiezuinige oplossing. Inhoud verpakking  Erikssøn Dry Pro Plus Luchtontvochtiger Fabriekshandleiding Waterreservoir Afvoerslang (1,35m)  Specificaties  Merk: Erikssøn Serie: Dry Pro Materiaal: PP, ABS Certificering: CE + ROHS Kleur: Zwart ​Afmetingen: 275 x 195 x 440 mm ​Netto-gewicht: 9 kg Snoerlengte: 1,5 m Voltage - Frequentie: 220V - 50Hz Vermogen: 185W Capaciteit waterreservoir: 1,8 liter Capaciteit luchtontvochtiging: 140 m³ per uur / 16 liter per dag Bereik: 20- 70m² Geluidsniveau: 35 dB Werktemperatuur: 0 - 38°C Automatische uitschakeling: Timer / Waterreservoir vol Waterniveau-indicator: Ja. LED-indicator Signaal vol waterreservoir: Ja Luchtfilter: Ja Met wielen: Ja 
"
20,"Qlima D 812 Smart - Luchtontvochtiger - 12L/Dag - Geschikt voor Woonkamer, Slaapkamer, Badkamer, Babykamer",Nieuw artikel,Qlima,,"4,0",22,"199,-",Op voorraad,https://www.bol.com/nl/nl/p/qlima-d-812-smart-luchtontvochtiger-12l-dag-geschikt-voor-woonkamer-slaapkamer-badkamer-babykamer/9300000158478960/,9,"
D 812 Smart D 812 Smart: jouw slimme ontvochtiger Muffe lucht in huis, vochtplekken of zelfs schimmel? Maak er direct een einde aan met de nieuwe D 812 Smart luchtontvochtiger van Qlima. Breng direct jouw vochtpeil omlaag. Zo draag je bij aan een gezondere lucht. Dat is niet alleen goed voor je huis of je inboedel, maar ook voor je eigen gezondheid! Slimme oplossing De D 812 Smart maakt het jou enorm makkelijk. Je kunt het apparaat namelijk eenvoudig bedienen via de wifi met bijvoorbeeld je smartphone. Je kunt hem uiteraard ook bedienen met het display. Door de timerfunctie kun je het apparaat eenvoudig instellen voor een tijdstip dat jou uitkomt. Geen vochtproblemen meer De D 812 Smart van Qlima haalt wel 12 liter vocht per dag uit de ruimte en is geschikt voor ruimtes tot 75m³. Je kunt gebruik maken van het waterreservoir, wat je eenvoudig leegt, of je sluit een permanente afvoerslang aan. Daarmee is het mogelijk om het apparaat 24/7 te laten werken. Het apparaat werkt enorm zuinig en verbruikt maar 0,24kW per uur. Voordelen van de D 812 Smart  Direct een einde aan overtollig vocht Capaciteit van 12 liter per 24 uur Laag energieverbruik (0,24 kW) Geluidsdrukniveau <44dB Voor ruimtes tot 75m³ Capaciteit reservoir 2L Hygrometer Kan 24/7 doorwerken Bedienen met wifi Timer functie 
"
21,"Auronic Luchtontvochtiger en Luchtreiniger - 12L - Slaapkamer, Badkamer, Woonkamer en Kantoor - Wit",,Auronic,Auronic - Luchtbevochtigers,"4,7",27,"169,99",Op voorraad,https://www.bol.com/nl/nl/p/auronic-dehumidifier-12l/9300000150185381/,12,"
Wie kent het niet? Die onaangename, muffe lucht in vochtige ruimtes zoals de kelder, badkamer of naast de drogende was. De oplossing? Auronic Luchtontvochtiger en luchtreiniger met een speciale droogfunctie voor kleding! Gun jezelf een betrouwbare oplossing voor vochtproblemen én een verbeterde luchtkwaliteit. Jouw voordelen  Dubbele werking: luchtontvochtiger en luchtreiniger Efficiënte droging: versnelde droogtijd van natte was, zonder muffe geuren Slechts 0,21 KW/h verbruik Auto switch off bij volle tank en intuïtief LED paneel Inclusief 2 meter lange drainage hose Stel zelf de gewenste luchtvochtigheid in tussen 30-80%  Dé oplossing voor je vochtprobleem Het kiezen van de juiste luchtontvochtiger kan een uitdaging zijn, gelukkig biedt de Auronic luchtontvochtiger de uitkomst. De unieke Anion functie zorgt voor zowel een ontvochtiging als een luchtreiniging, waardoor je ruimte altijd fris en gezond aanvoelt. Dankzij het R290 koelmiddel, dat milieuvriendelijk, veilig en geurloos is, weet je zeker dat je kiest voor een verantwoord product. Het apparaat is ook nog eens energiezuinig doordat het maar 0.21 KW/h verbruikt.  Wat maakt de Auronic 12L luchtontvochtiger uniek? De luchtontvochtiger haalt tot wel 12 liter vocht per dag uit de lucht, waardoor je was sneller droogt en de ruimte frisser aanvoelt. De 2,5L watertank schakelt automatisch uit als deze vol is, wat overstromingen voorkomt. Met de stille werking (<45 dB) kun je deze handige luchtontvochtiger zelfs 's nachts zijn werk laten doen. De compressor met auto defrost functie verzekert een voortdurende werking, zelfs in koelere ruimtes zoals een kelder. Luchtontvochtiger én luchtreiniger Een vochtige omgeving kan meer schade aanrichten dan je denkt; van beschadigde meubels tot gezondheidsproblemen door schimmel en huisstofmijt. Maar Auronic's ontvochtiger doet meer dan alleen het verwijderen van vocht. Met de Anion functie verandert je ruimte in een gezondere leefomgeving door ook fijnstofdeeltjes te verminderen. Zie het als een 2-in-1 oplossing: ontvochtigen én lucht reinigen. Eenvoudig in gebruik Bij Auronic streven we naar eenvoud en efficiëntie. Daarom is de luchtontvochtiger niet alleen eenvoudig in gebruik, maar ook informatief: het front indicatielampje verandert namelijk van kleur op basis van het vochtigheidsniveau in de ruimte. Ook kun je gemakkelijk het percentage van de luchtvochtigheid bovenop het apparaat aflezen. Dankzij de handvatten en wieltjes is de ontvochtiger moeiteloos te verplaatsen van de ene naar de andere kamer. De handige luchtontvochtiger schakelt zichzelf ook vanzelf uit wanneer de watertank vol zit, handig toch? Het apparaat is ideaal voor ruimtes tot 20 m² en functioneert optimaal in temperaturen tussen 5 en 35 °C. Zorg ervoor dat je de ontvochtiger niet aanzet tijdens het douchen in de badkamer, maar je kunt het prima na het douchen gebruiken. Over Auronic Bij Auronic combineren we technologie en gemak om je dagelijkse leven te verbeteren. Onze producten staan voor eenvoud in gebruik. Of het nu gaat om ontvochtigers of verwarmingen, je kunt vertrouwen op een intuïtieve bediening en een probleemloze ervaring.  
"
22,"Auronic Luchtontvochtiger - 20L - Slaapkamer, Badkamer, Woonkamer en Kantoor - Wit",,Auronic,Auronic Luchtontvochtigers,"4,7",57,"239,99",Op voorraad,https://www.bol.com/nl/nl/p/auronic-dehumidifier-20l/9300000150185255/,12,"
 Een te hoge luchtvochtigheid in huis kan zorgen voor allerlei ongemakken, van beschimmelde muren tot aan allergische reacties. Daarnaast kan vochtige lucht overal insluipen, van je woonkamer tot aan de slaapkamer. Gelukkig hebben we de oplossing: de Auronic Luchtontvochtiger.   Jouw voordelen  Onttrekt tot 20L vocht per dag Geschikt voor ruimtes tot 40 m² Speciale droogfunctie voor kleding Ruime watertank van 5,5L met auto switch-off Compressor met auto defrost systeem Automatische vochtigheidsmeter  Voorkom vochtproblemen  Deze ontvochtiger van Auronic onttrekt tot wel 20 liter vocht uit de lucht per dag. Maar dat is niet alles, want de luchtontvochtiger heeft een gespecialiseerde droogfunctie waarmee was sneller droogt. Het apparaat is niet alleen krachtig en multifunctioneel, maar ook milieuvriendelijk dankzij het R290 koelmiddel dat geurloos en veilig is. Zorg ervoor dat je de ontvochtiger niet aanzet tijdens het douchen in de badkamer, maar je kunt het prima na het douchen gebruiken.  Veiligheid en gemak  Geniet van zorgeloze bediening met de ingebouwde automatische uitschakelfunctie: zodra de 5,5-liter watertank vol is, schakelt de Auronic luchtontvochtiger automatisch uit. Speciaal ontworpen voor ruimtes tot 40 vierkante meter, levert dit apparaat een merkbare verbetering in comfort voor vrijwel elke kamer in je huis. Met een geluidsniveau van minder dan 45 dB zorgt het apparaat voor een stille omgeving, ideaal als je de ontvochtiger 's nachts wilt gebruiken. Het verplaatsen is kinderspel dankzij de ergonomische handvatten en soepel rollende wieltjes. Daarnaast maken de royale kabellengte van 180 cm en de 2 meter lange afvoerslang een flexibele plaatsing mogelijk, waardoor je het apparaat eenvoudig kunt aanpassen aan jouw woning.  Slimme functies  Stel eenvoudig de gewenste uren in (0 tot 24 uur) en laat de ontvochtiger op het gewenste moment automatisch in actie komen. Of het nu is voordat je thuiskomt, voordat je gaat slapen, of op elk ander moment dat jou uitkomt, deze slimme timerfunctie helpt je jouw comfort te plannen zoals jij dat wilt. En dankzij het LED-paneel en indicatielampjes zie je in één oogopslag de luchtvochtigheid in de ruimte.  Over Auronic  Bij Auronic draait het allemaal om technologie die je leven verbetert. Elk product is ontworpen met jou, de gebruiker, in gedachten, zodat je altijd kunt genieten van eenvoud en betrouwbaarheid. Ontvochtigers, radiatoren of andere producten uit ons assortiment? Bij Auronic ben je verzekerd van kwaliteit en gemak! Ontdek het zelf en bestel nu op bol.com!   
"
23,Clean Air Optima® CA-704 Smart - 2in1 Luchtontvochtiger en Luchtreiniger - 10 liter/dag - 5 voudige filtertechnologie - Ultrastille werking,Nieuw artikel,Clean Air Optima,,"4,4",61,"275,99",Op voorraad,https://www.bol.com/nl/nl/p/clean-air-optima-ca-704-smart-2in1-luchtontvochtiger-en-luchtreiniger-10-liter-dag-5-voudige-filtertechnologie-ultrastille-werking/9300000083434353/,16,"
De nieuwe slimme 2in1 Luchtontvochtiger & Luchtreiniger CA-704 Smart van Clean Air Optima®!  2 in1: Luchtontvochtigen en Luchtreinigen  Ontvochtigingscapaciteit tot 10 liter / dag Werkt preventief tegen schimmelvorming, roest en schade door vocht Vijf filtertechnologieën voor effectieve luchtreiniging Ondersteuning wasdroging Ultrastille werking Eenvoudige bediening: Handmatig of via de Clean Air Optima® App Geschikt voor ruimtes tot 40m²/100m³  Multifunctionele luchtontvochtiger CA-704 Smart voor een optimaal binnenklimaatVoor een optimaal binnenklimaat is de luchtvochtigheid doorslaggevend. De door medisch specialisten geadviseerde optimale luchtvochtigheid in gesloten ruimtes ligt in het bereik van 40 tot 60% relatieve luchtvochtigheid. Is de lucht in binnenruimtes te vochtig dan kan de levenskwaliteit door schimmelsporen, allergenen en ademweg problemen sterk nadelig beïnvloedt worden. Optimale luchtvochtigheid essentieel voor gezondheid en schadepreventieToepassing van de multifunctionele Clean Air Optima® luchtontvochtiger CA-704 Smart met 2in1 systeem voor luchtontvochtiging & luchtreiniging werkt preventief ter voorkoming van hoge luchtvochtigheid en allesvernietigende corrosie, schadelijke condensatie, ijs- en schimmelvorming, verhindert ongewenste bacteriegroei, reduceert geuroverdracht en is effectief voor bouwdroging bij bestaande of nieuwbouw.De krachtige Clean Air Optima® condensatie - luchtontvochtiger CA-704 Smart bind de strijd aan met roest en schimmel!Naast de indamming van schimmelsporen bevrijdt deze multifunctionele luchtontvochtiger CA-704 Smart van Clean Air Optima® de binnenlucht van lastige dierharen, pollen en stof door de geïntegreerde continu werkende en zeer effectieve luchtreiniger functie met vijfvoudige filtertechniek. Allergie patiënten kunnen eindelijk weer gezond doorademen! Door de slanke, getailleerde belijning in het exclusieve design en de neutrale kleurstelling past deze compacte ontvochtiger in elk interieur. De Clean Air Optima® condensatie - luchtontvochtiger CA-704 Smart is door de ingebouwde hygrostaat geschikt voor automatische luchtontvochtiging. Enkel de gewenste luchtvochtigheid instellen en deze efficiënte luchtontvochtiger doet de rest. Luchtontvochtiger CA-704 Smart: een vier jaargetijden systeemMet de 2in1 functie voor luchtontvochtiging en luchtreiniging zorgt de CA-704 Smart het hele jaar door voor een optimaal binnenklimaat: Wanneer de ingestelde relatieve luchtvochtigheid is bereikt stopt de ontvochtiging. Met de continu luchtreinigingsfunctie bevrijdt de multifunctionele Clean Air Optima® CA-704 Smart het gehele jaar de binnenlucht van allergenen, schimmelsporen, hinderlijke dierharen, pollen, (fijn)stof en geuren. Binnenlucht ontvochtigen door condensatie techniekDe compacte en supersterke Clean Air Optima® condensatie - luchtontvochtiger CA-704 Smart met 2in1 systeem voor luchtontvochtigen en luchtreinigen onttrekt aan binnenruimtes tot 40m²/100m³ het overtollige vocht met een capaciteit tot 10 liter / dag (30°C/Rv80%) en beschermt actief voor het ontstaan van schimmelvorming, vlekken, corrosie en moddergeur. Daardoor word ook de bouwsubstantie en nog belangrijker uw gezondheid beschermd.De condensatiedroger is het type luchtontvochtiger dat het meest gebruikt wordt en de CA-704 Smart kan ingezet worden in een groot temperatuurbereik tussen de 5 en 32°C.Deze effectieve luchtontvochtiger is uitgerust met een compressor die de vochtige binnenlucht langs een koelelement geleid. Vochtige omgevingslucht wordt op deze wijze in zeer korte tijd afgekoeld. Het vocht in de lucht condenseert omdat lucht bij een lage temperatuur minder vocht kan bevatten. Het condensvocht wordt opgevangen in de watertank en kan direct worden afgevoerd door aansluiting van de meegeleverde afvoerslang.Vijf filtertechnologieën voor effectieve luchtreiniging1. Actief KoolstoffilterActiefkool neutraliseert rook, chemicaliën, gassen en geuren, voorkomt de groei van bacteriën, virussen en schimmels.2. VoorfilterVoorfilter vangt grote stofdeeltjes zoals: pluisjes, haren en huidschilfers van huisdieren.3. TRUE HEPA H13 filter met nano zilver coatingZuivert 99,97% van alle zweefstoffen tot 0,3 micrometer (0,3 µm) uit de lucht. Het HEPA filter is het meest effectieve luchtfilter voor het verwijderen van:• (fijn)stof, sigarettenrook, pollen• allergenen• alle andere vaste deeltjesDe antibacteriële laag van nano zilver coating op het filter elimineert bacteriën en schimmels.4. UV-C LampHet ultraviolette licht van de permanente lamp (UV-C straling) met een golflente van 254nm doodt gezondheidsschadelijke micro-organismen zoals: kiemen, virussen, schimmels (schimmelsporen) en bacteriën. 5. IonisatorCapaciteit > 3.000.000 negatieve ionen / cm³ die in de gehele ruimte verspreid worden en daardoor schadelijke stoffen en geuren neutraliseren. De ionisator produceert negatieve ionen voor het reinigen van de binnenlucht en het verrijken met actief zuurstof. Onaangename geuren worden geneutraliseerd en schadelijke stoffen uit de lucht gezuiverd.Ingebouwde hygrostaat voor automatische luchtontvochtiging. Kleurenmonitor voor aanduiding relatieve luchtvochtigheidDe Clean Air Optima® condensatie - luchtontvochtiger CA-704 Smart is voorzien van een ingebouwde hygrostaat voor het meten, controleren en automatisch regelen van de relatieve luchtvochtigheid. De gewenste luchtvochtigheid kan ingesteld worden tussen 30 en 80% relatieve luchtvochtigheid. Het doordachte design communiceert de luchtvochtigheid ook via de ronde kleurenmonitor aan de voorzijde van het apparaat.BLAUW = droge lucht bereik = <53%GROEN = aangenaam bereik = 53% - 68%ROOD = hoge relatieve luchtvochtigheid = >68% Eenvoudige bediening: Handmatig of met de Clean Air Optima® AppHet overzichtelijke digitale bedienpaneel op de bovenzijde van het apparaat is voorzien van tiptoetsen voor het eenvoudig selecteren van de gewenste instellingen. Grote watertankHet apparaat schakelt automatisch uit bij volle watertank met LED signaal in de display. De grote watertank van de luchtontvochtiger CA-704 Smart heeft een inhoud van 3 liter en is voorzien van een handgreep. Permanente waterafvoerHet condensvocht dat wordt opgevangen in de watertank kan ook direct worden afgevoerd door aansluiting van de meegeleverde afvoerslang. Hierdoor is de luchtontvochtiger CA-704 Smart geschikt voor continubedrijf en gebruik zonder toezicht.WasdrogingDe Clean Air Optima® luchtontvochtiger CA-704 Smart met 2in1 systeem voor luchtontvochtiging en luchtreiniging ondersteunt de droging van uw was. De hoge ontvochtigingscapaciteit met hoge ventilatorsnelheid zorgt voor een goede luchtcirculatie in de wasruimte. ToepassingsvoorbeeldenDoor de slanke, getailleerde belijning in het exclusieve design, de neutrale kleurstelling in ivoorwit / zwart en de stille werking is de compacte luchtontvochtiger en luchtreiniger CA-704 Smart inzetbaar in elk interieur. De elektrische ontvochtiger CA-704 Smart is geschikt voor het verwijderen van vocht in de woon- en slaapkamer, kinderkamer, kantoren, openbare gebouwen, sport - en fitnesscentrum, wellnessruimte, bedrijfsruimtes, woonboerderijen, industrie, opslagruimten of musea en is geschikt voor wasdrogen, gebruik in vakantiewoningen, campers en caravans. Kenmerken en voordelen• Geschikt voor ruimtes tot 40m²/100m³ • Ontvochtigingscapaciteit tot maximaal 10 liter / dag (30°C/Rv80%) • Ventilator capaciteit tot 120m³/h • Inhoud watertank: 3 liter• Instelbaar tussen 30 – 80% relatieve luchtvochtigheid• Automatische ontvochtiging op programma door ingebouwde hygrostaat• Continue luchtreinigingsfunctie of gecombineerd luchtontvochtigen en luchtreinigen• Inclusief afvoerslang 10mm rond en 1.5 meter lang voor continu waterafvoer• Werkt preventief tegen schimmelvorming, roest en schade door vocht• Verwijdert muffe geuren• Groot temperatuur inzetbereik van 5 °C tot 32 °C• Vijf filtertechnologieën voor effectieve luchtreiniging • Ondersteunt wasdroging• Eenvoudige bediening: Handmatig of met de Clean Air Optima® App• Stopt automatisch met LED signaal bij volle tank• Timer voor in / uitschakelmoment luchtontvochtiger (0-24h)• 2 Standen regelbare ventilator• Geruisarme werking <38 dB(A) laag / 48 dB(A) hoog• Sensor gestuurde ontdooi functie• Automatische herstart na ontdooien of stroomonderbreking• Geschikt voor continu gebruik zonder toezicht• Gemakkelijk te verplaatsen door praktische handgreep en robuuste wieltjes• Eenvoudige filterreiniging: permanent voorfilter 2x per maand stofzuigen• Actiefkoolstoffilter na 3 - 6 maanden vervangen• TRUE HEPA H13 filter met nano zilver coating na 3 - 6 maanden vervangen
"
24,Clean Air Optima® CA-704 - 2in1 Luchtontvochtiger en Luchtreiniger - 12 liter/dag - Automatische ontvochtiging - 5 voudige filtertechnologie - Bijzonder geluidsarm,,Clean Air Optima,,"4,6",157,"299,-",,https://www.bol.com/nl/nl/p/clean-air-optima-ca-704-2in1-luchtontvochtiger-en-luchtreiniger-12-liter-dag-automatische-ontvochtiging-5-voudige-filtertechnologie-bijzonder-geluidsarm/9200000019689722/,14,"
2 in 1: Luchtontvochtiger & luchtreiniger Clean Air Optima® CA-704• Ontvochtigingscapaciteit tot 12 liter / dag• Werkt preventief tegen schimmelvorming, roest en schade door vocht• Vijf filtertechnologieën voor effectieve luchtreiniging• Ondersteuning wasdroging• Ultrastille werking• Geschikt voor ruimtes tot: 40m²/100m³Multifunctionele luchtontvochtiger CA-704 voor een optimaal binnenklimaatVoor een optimaal binnenklimaat is de luchtvochtigheid doorslaggevend. De door medisch specialisten geadviseerde optimale luchtvochtigheid in gesloten ruimtes ligt in het bereik van 40 tot 60% relatieve luchtvochtigheid.Is de lucht in binnenruimtes te vochtig dan kan de levenskwaliteit door schimmelsporen, allergenen en ademweg problemen sterk nadelig beïnvloedt worden.Optimale luchtvochtigheid essentieel voor gezondheid en schadepreventieToepassing van de multifunctionele Clean Air Optima luchtontvochtiger CA-704 met 2in1 systeem voor luchtontvochtiging & luchtreiniging werkt preventief ter voorkoming van hoge luchtvochtigheid en allesvernietigende corrosie, schadelijke condensatie, ijs- en schimmelvorming, verhindert ongewenste bacteriegroei, reduceert geuroverdracht en is effectief voor bouwdroging bij bestaande of nieuwbouw.
De krachtige Clean Air Optima condensatie - luchtontvochtiger CA-704 bind de strijd aan met roest en schimmel!Naast de indamming van schimmelsporen bevrijdt deze multifunctionele luchtontvochtiger CA-704 van Clean Air Optima de binnenlucht van lastige dierharen, pollen en stof door de geïntegreerde continu werkende en zeer effectieve luchtreiniger functie met vijfvoudige filtertechniek.Allergie patiënten kunnen eindelijk weer gezond doorademen!Door de slanke, getailleerde belijning in het exclusieve design en de neutrale kleurstelling past deze compacte ontvochtiger in elk interieur.De Clean Air Optima condensatie - luchtontvochtiger CA-704 is door de ingebouwde hygrostaat geschikt voor automatische luchtontvochtiging. Enkel de gewenste luchtvochtigheid instellen en deze efficiënte luchtontvochtiger doet de rest.Luchtontvochtiger CA-704: een vier jaargetijden systeemMet de 2in1 functie voor luchtontvochtiging en luchtreiniging zorgt de CA-704 het hele jaar door voor een optimaal binnenklimaat: Wanneer de ingestelde relatieve luchtvochtigheid is bereikt stopt de ontvochtiging, maar de luchtreiniging blijft actief. Met de continu luchtreiniger functie bevrijdt de multifunctionele Clean Air Optima CA-704 het hele jaar door de binnenlucht van allergenen, schimmelsporen, lastige dierharen, pollen stof en geuren. Binnenlucht ontvochtigen door condensatie techniekDe compacte en supersterke Clean Air Optima condensatie - luchtontvochtiger CA-704 met 2in1 systeem voor luchtontvochtigen en luchtreinigen onttrekt aan binnenruimtes tot 40m²/100m³ het overtollige vocht met een capaciteit tot 12 liter / dag (30°C/Rv80%) en beschermt actief voor het ontstaan van schimmelvorming, vlekken, corrosie en moddergeur. Daardoor word ook de bouwsubstantie en nog belangrijker uw gezondheid beschermd.De condensatiedroger is het type luchtontvochtiger dat het meest gebruikt wordt en de CA-704 kan ingezet worden in een groot temperatuurbereik tussen de 5 en 32°C.Vijf filtertechnologieën voor effectieve luchtreiniging1. VoorfilterVoorfilter vangt grote stofdeeltjes zoals: pluisjes, haren en huidschilfers van huisdieren.2. Actief KoolstoffilterActiefkool neutraliseert rook, chemicaliën, gassen en geuren, voorkomt de groei van bacteriën, virussen en schimmels3. TRUE HEPA H13 filter met nano zilver coating Zuivert 99,97% van alle zweefstoffen tot 0,3 micrometer (0,3 µm) uit de lucht. Het HEPA filter is het meest effectieve luchtfilter voor het verwijderen van: • (fijn)stof, sigarettenrook, pollen• allergenen• alle andere vaste deeltjesDe antibacteriële laag van nano zilver coating op het filter elimineert bacteriën en schimmels. 4. UV lampHet ultraviolette licht van de permanente lamp (UV-C straling) met een golflente van 254nm doodt gezondheidsschadelijke micro-organismen zoals: kiemen, virussen, schimmels (schimmelsporen) en bacteriën. Van al het licht heeft UV licht de hoogste frequentie, de kortste golflengte en bevat daardoor de hoogste hoeveelheid aan energie die door haar straling de buitenzijde membraam van het organisme doorboort en de DNA vernietigt. Met wereldwijd duizenden geïnstalleerde apparaten van dit type heeft de geïntegreerde UV – technologie bewezen, dat UV straling hoogeffectief is tegen pathogene virussen, bacteriën en eencellige. Door de toepassing van UV licht kunnen microbiologische inactiverende percentages van 99,99% en hoger bereikt worden.5. IonisatorCapaciteit 3.000.000 negatieve ionen / cm³ die in de gehele ruimte verspreid worden en daardoor schadelijke stoffen en geuren neutraliseren. De ionisator produceert negatieve ionen voor het reinigen van de binnenlucht en het verrijken met actief zuurstof. Onaangename geuren worden geneutraliseerd en schadelijke stoffen uit de lucht gezuiverd. Negatieve ionen hebben bovendien een sterke antistatische werking.Ingebouwde hygrostaat voor automatische luchtontvochtiging. Kleurenmonitor voor aanduiding relatieve luchtvochtigheid.De Clean Air Optima condensatie - luchtontvochtiger CA-704 is voorzien van een ingebouwde hygrostaat voor het meten, controleren en automatisch regelen van de relatieve luchtvochtigheid. De gewenste luchtvochtigheid kan ingesteld worden tussen 35 en 80% relatieve luchtvochtigheid. Deze luchtontvochtiger is standaard voorgeprogrammeerd op het bereiken van de door medici geadviseerde optimale relatieve luchtvochtigheid van 55%. Bij instelling van de minimum te bereiken waarde van 35% volgt continubedrijf, waarbij het apparaat pas stopt bij de automatische afslag door een volle watertank.
Het doordachte design communiceert de luchtvochtigheid ook via de ronde kleurenmonitor aan de voorzijde van het apparaat.BLAUW = droge lucht bereik = <53%GROEN = aangenaam bereik = 53% - 68%ROOD = hoge relatieve luchtvochtigheid = >68% Kenmerken en voordelen• Automatische ontvochtiging op programma door ingebouwde hygrostaat• Inclusief afvoerslang 10mm rond en 1 meter lang voor continu waterafvoer• Werkt preventief tegen schimmelvorming, roest en schade door vocht• Verwijdert muffe geuren• Groot temperatuur inzetbereik van 5 °C tot 32 °C
Vijf filtertechnologieën voor effectieve luchtreiniging:1. Voorfilter vangt grote stofdeeltjes en pluizen2. Actiefkoolstoffilter neutraliseert geuren en gassen3. TRUE HEPA H13 filter met nano zilver coating zuivert 99,97% van alle zweefstoffen tot 0,3 micron (0,3 µm) uit de lucht 4. Permanente UV lamp elimineert kiemen, virussen, schimmels en bacteriën5. Ionisator reinigt en verfrist de binnenlucht met 3.000.000 neg.ionen/cm³• Oscillatieklep met swingfunctie voor ondersteuning luchtcirculatie• Ondersteunt wasdroging• Elegant en compact design• Comfortabele bediening door ingebouwde hygrostaat• LED functieaanduiding• Bediening door tiptoetsen in het display• Stopt automatisch met LED signaal bij volle tank• Timer voor in / uitschakelmoment apparaat (0-24h)• 3 Standen regelbare ventilator• sensor gestuurde ontdooi functie• Automatische herstart na ontdooien of stroomonderbreking• Geschikt voor continu gebruik zonder toezicht• Gemakkelijk te verplaatsen door praktische handgreep en robuuste wieltjes• Praktisch onderhoudsvrij!• Eenvoudige filterreiniging: permanent voorfilter 2x per maand stofzuigen• Actiefkoolstoffilter na 3 - 6 maanden vervangen• TRUE HEPA H13 filter met nano zilver coating na 3 - 6 maanden vervangen • Bijzonder geluidsarm• Laag energieverbruik• 260 Watt ventilator hoog en 165 Watt ventilator laag• Optimale prijs / prestatieverhouding
Toepassingsvoorbeelden Door de slanke, getailleerde belijning in het exclusieve design, de neutrale kleurstelling in ivoorwit / zwart en de stille werking is de compacte luchtontvochtiger en luchtreiniger CA-704 inzetbaar in elk interieur. De elektrische ontvochtiger CA-704 is geschikt voor het verwijderen van vocht in de woon- en slaapkamer, kinderkamer, kantoren, openbare gebouwen, sport - en fitnesscentrum, wellnessruimte, bedrijfsruimtes, woonboerderijen, industrie, opslagruimten of musea en is geschikt voor wasdrogen, gebruik in vakantiewoningen, campers en caravans.
Vervangen van filtersDe Clean Air Optima CA-704 is uitgerust met een bewakingsmechanisme voor de levensduur van het filter, dat aangeeft dat het filter (HEPA + Actief Koolstoffilter) na 500 werkuren moet worden vervangen. Om aan te geven dat het filter moet worden vervangen, begint het controlelampje dubbel nul van de luchtontvochtiger te knipperen. Reset de timer voor het filter door de droge kleding knop (Laundry Mode) ongeveer 3 seconden ingedrukt te houden. Als het controlelampje uitgaat, is de timer met succes gereset.Vervanging Actief Koolstoffilter + True HEPA H13 Filter na 3-6 maanden.
"
25,AUTO-ONTVOCHTIGER HERBRUIKBAAR MET VOCHTINDICATIE,Nieuw artikel,Benson,,"2,8",29,"8,-",Op voorraad,https://www.bol.com/nl/nl/p/benson-luchtontvochtiger-herbruikbaar-magnetron-125-ml/9300000011027883/,10,"
Ontworpen om uw voorruit te ontwassen en te helpen voorkomen dat schimmel en muffe geuren in uw auto ontstaan. Leg het ontvochtigingszakje gewoon op uw dashboard om condensatie in de auto tegen te gaan. De silicakristallen absorberen tot 125 ml vocht en veranderen van oranje naar helder donkergroen wanneer ze vol zijn. Kijk gewoon in het venster om te zien wanneer het klaar is om opgeladen te worden, stop het in de magnetron gedurende 6 minuten op 600 watt. Natuurlijk kan deze ook worden gedroogd in de zon of op de kachel, dit duurt alleen wat langer. Kenmerken:  Met vocht indicatie Polyesterzak gevuld met silicagel welke tot ongeveer 150 gram vocht absorbeert Inhoud: 125 ml Biedt bescherming tegen schimmel, vocht en muffe geurtjes Herbruikbaar Universeel te gebruiken Voor gebruik in caravans, campers, auto's, bestelauto's en boten Ook ideaal voor kasten, bedden-goed, tuinhuisjes, serres, etc  Veiligheidsvoorschriften:  Buiten bereik van kinderen bewaren! Luchtontvochtiger niet openmaken! Altijd op een droge ondergrond plaatsen 
"
26,Clean Air Optima® CA-707 - 2in1 Luchtontvochtiger en Luchtreiniger - 20 liter/dag - Automatische ontvochtiging - 5 voudige filtertechnologie - Bijzonder geluidsarm,,Clean Air Optima,,"4,6",157,"379,-",Op voorraad,https://www.bol.com/nl/nl/p/clean-air-optima-ca-707-2in1-luchtontvochtiger-en-luchtreiniger-20-liter-dag-automatische-ontvochtiging-5-voudige-filtertechnologie-bijzonder-geluidsarm/9200000063560388/,12,"
 2 in 1: Luchtontvochtiger & luchtreiniger Clean Air Optima® CA-707• Ontvochtigingscapaciteit tot 20 liter / dag• Werkt preventief tegen schimmelvorming, roest en schade door vocht• Vijf filtertechnologieën voor effectieve luchtreiniging• Ondersteuning wasdroging• Ultrastille werking• Geschikt voor ruimtes tot: 70m²/175m³Multifunctionele luchtontvochtiger CA-707 voor een optimaal binnenklimaatVoor een optimaal binnenklimaat is de luchtvochtigheid doorslaggevend. De door medisch specialisten geadviseerde optimale luchtvochtigheid in gesloten ruimtes ligt in het bereik van 40 tot 60% relatieve luchtvochtigheid.Is de lucht in binnenruimtes te vochtig dan kan de levenskwaliteit door schimmelsporen, allergenen en ademweg problemen sterk nadelig beïnvloedt worden.Optimale luchtvochtigheid essentieel voor gezondheid en schadepreventieToepassing van de multifunctionele Clean Air Optima luchtontvochtiger CA-707 met 2in1 systeem voor luchtontvochtiging & luchtreiniging werkt preventief ter voorkoming van hoge luchtvochtigheid en allesvernietigende corrosie, schadelijke condensatie, ijs- en schimmelvorming, verhindert ongewenste bacteriegroei, reduceert geuroverdracht en is effectief voor bouwdroging bij bestaande of nieuwbouw. 
De krachtige Clean Air Optima condensatie - luchtontvochtiger CA-707 bind de strijd aan met roest en schimmel!Naast de indamming van schimmelsporen bevrijdt deze multifunctionele luchtontvochtiger CA-707 van Clean Air Optima de binnenlucht van lastige dierharen, pollen en stof door de geïntegreerde continu werkende en zeer effectieve luchtreiniger functie met vijfvoudige filtertechniek.Allergie patiënten kunnen eindelijk weer gezond doorademen!Door de slanke, getailleerde belijning in het exclusieve design en de neutrale kleurstelling past deze compacte ontvochtiger in elk interieur.De Clean Air Optima condensatie - luchtontvochtiger CA-707 is door de ingebouwde hygrostaat geschikt voor automatische luchtontvochtiging. Enkel de gewenste luchtvochtigheid instellen en deze efficiënte luchtontvochtiger doet de rest.Luchtontvochtiger CA-707: een vier jaargetijden systeemMet de 2in1 functie voor luchtontvochtiging en luchtreiniging zorgt de CA-707 het hele jaar door voor een optimaal binnenklimaat: Wanneer de ingestelde relatieve luchtvochtigheid is bereikt stopt de ontvochtiging, maar de luchtreiniging blijft actief. Met de continu luchtreiniger functie bevrijdt de multifunctionele Clean Air Optima CA-707 het hele jaar door de binnenlucht van allergenen, schimmelsporen, lastige dierharen, pollen stof en geuren. Binnenlucht ontvochtigen door condensatie techniekDe compacte en supersterke Clean Air Optima condensatie - luchtontvochtiger CA-707 met 2in1 systeem voor luchtontvochtigen en luchtreinigen onttrekt aan binnenruimtes tot 70m²/175m³ het overtollige vocht met een capaciteit tot 20 liter / dag (30°C/Rv80%) en beschermt actief voor het ontstaan van schimmelvorming, vlekken, corrosie en moddergeur. Daardoor word ook de bouwsubstantie en nog belangrijker uw gezondheid beschermd.De condensatiedroger is het type luchtontvochtiger dat het meest gebruikt wordt en de CA-707 kan ingezet worden in een groot temperatuurbereik tussen de 5 en 32°C.Vijf filtertechnologieën voor effectieve luchtreiniging1. VoorfilterVoorfilter vangt grote stofdeeltjes zoals: pluisjes, haren en huidschilfers van huisdieren.2. Actief KoolstoffilterActiefkool neutraliseert rook, chemicaliën, gassen en geuren, voorkomt de groei van bacteriën, virussen en schimmels3. TRUE HEPA H13 filter met nano zilver coating Zuivert 99,97% van alle zweefstoffen tot 0,3 micrometer (0,3 µm) uit de lucht. Het HEPA filter is het meest effectieve luchtfilter voor het verwijderen van: • (fijn)stof, sigarettenrook, pollen• allergenen• alle andere vaste deeltjesDe antibacteriële laag van nano zilver coating op het filter elimineert bacteriën en schimmels. 4. UV lampHet ultraviolette licht van de permanente lamp (UV-C straling) met een golflente van 254nm doodt gezondheidsschadelijke micro-organismen zoals: kiemen, virussen, schimmels (schimmelsporen) en bacteriën. Van al het licht heeft UV licht de hoogste frequentie, de kortste golflengte en bevat daardoor de hoogste hoeveelheid aan energie die door haar straling de buitenzijde membraam van het organisme doorboort en de DNA vernietigt. Met wereldwijd duizenden geïnstalleerde apparaten van dit type heeft de geïntegreerde UV – technologie bewezen, dat UV straling hoogeffectief is tegen pathogene virussen, bacteriën en eencellige. Door de toepassing van UV licht kunnen microbiologische inactiverende percentages van 99,99% en hoger bereikt worden.5. IonisatorCapaciteit 3.000.000 negatieve ionen / cm³ die in de gehele ruimte verspreid worden en daardoor schadelijke stoffen en geuren neutraliseren. De ionisator produceert negatieve ionen voor het reinigen van de binnenlucht en het verrijken met actief zuurstof. Onaangename geuren worden geneutraliseerd en schadelijke stoffen uit de lucht gezuiverd. Negatieve ionen hebben bovendien een sterke antistatische werking.Ingebouwde hygrostaat voor automatische luchtontvochtiging. Kleurenmonitor voor aanduiding relatieve luchtvochtigheid.De Clean Air Optima condensatie - luchtontvochtiger CA-707 is voorzien van een ingebouwde hygrostaat voor het meten, controleren en automatisch regelen van de relatieve luchtvochtigheid. De gewenste luchtvochtigheid kan ingesteld worden tussen 35 en 80% relatieve luchtvochtigheid. Deze luchtontvochtiger is standaard voorgeprogrammeerd op het bereiken van de door medici geadviseerde optimale relatieve luchtvochtigheid van 55%. Bij instelling van de minimum te bereiken waarde van 35% volgt continubedrijf, waarbij het apparaat pas stopt bij de automatische afslag door een volle watertank.
 Het doordachte design communiceert de luchtvochtigheid ook via de ronde kleurenmonitor aan de voorzijde van het apparaat.BLAUW = droge lucht bereik = <53%GROEN = aangenaam bereik = 53% - 68%ROOD = hoge relatieve luchtvochtigheid = >68% Kenmerken en voordelen• Automatische ontvochtiging op programma door ingebouwde hygrostaat• Inclusief afvoerslang 10mm rond en 1 meter lang voor continu waterafvoer• Werkt preventief tegen schimmelvorming, roest en schade door vocht• Verwijdert muffe geuren• Groot temperatuur inzetbereik van 5 °C tot 32 °C 
 Vijf filtertechnologieën voor effectieve luchtreiniging:1. Voorfilter vangt grote stofdeeltjes en pluizen2. Actiefkoolstoffilter neutraliseert geuren en gassen3. TRUE HEPA H13 filter met nano zilver coating zuivert 99,97% van alle zweefstoffentot 0,3 micron (0,3 µm) uit de lucht 4. Permanente UV lamp elimineert kiemen, virussen, schimmels en bacteriën5. Ionisator reinigt en verfrist de binnenlucht met 3.000.000 neg.ionen/cm³• Oscillatieklep met swingfunctie voor ondersteuning luchtcirculatie• Ondersteunt wasdroging• Elegant en compact design• Comfortabele bediening door ingebouwde hygrostaat• LED functieaanduiding• Bediening door tiptoetsen in het display• Stopt automatisch met LED signaal bij volle tank• Timer voor in / uitschakelmoment apparaat (0-24h) • 3 Standen regelbare ventilator• sensor gestuurde ontdooi functie• Automatische herstart na ontdooien of stroomonderbreking• Geschikt voor continu gebruik zonder toezicht• Gemakkelijk te verplaatsen door praktische handgreep en robuuste wieltjes• Praktisch onderhoudsvrij!• Eenvoudige filterreiniging: permanent voorfilter 2x per maand stofzuigen• Actiefkoolstoffilter na 3 - 6 maanden vervangen• TRUE HEPA H13 filter met nano zilver coating na 3 - 6 maanden vervangen • Bijzonder geluidsarm• Laag energieverbruik• 365 Watt ventilator hoog en 270 Watt ventilator laag• Optimale prijs / prestatieverhouding 
 Toepassingsvoorbeelden Door de slanke, getailleerde belijning in het exclusieve design, de neutrale kleurstelling in ivoorwit / zwart en de stille werking is de compacte luchtontvochtiger en luchtreiniger CA-707 inzetbaar in elk interieur. De elektrische ontvochtiger CA-707 is geschikt voor het verwijderen van vocht in de woon- en slaapkamer, kinderkamer, kantoren, openbare gebouwen, sport - en fitnesscentrum, wellnessruimte, bedrijfsruimtes, woonboerderijen, industrie, opslagruimten of musea en is geschikt voor wasdrogen, gebruik in vakantiewoningen, campers en caravans. 
 Vervangen van filtersDe Clean Air Optima CA-707 is uitgerust met een bewakingsmechanisme voor de levensduur van het filter, dat aangeeft dat het filter (HEPA + Actief Koolstoffilter) na 500 werkuren moet worden vervangen. Om aan te geven dat het filter moet worden vervangen, begint het controlelampje dubbel nul van de luchtontvochtiger te knipperen. Reset de timer voor het filter door de droge kleding knop (Laundry Mode) ongeveer 3 seconden ingedrukt te houden. Als het controlelampje uitgaat, is de timer met succes gereset.Vervanging Actief Koolstoffilter + True HEPA H13 Filter na 3-6 maanden. 
"
27,Comfee - Luchtontvochtiger - 80m³ (32m²) - 16L,,Comfee,,"5,0",1,"205,-",,https://www.bol.com/nl/nl/p/comfee-luchtontvochtiger-80m-16l/9300000023638495/,8,"
 KRACHTIGE EN STILLE ONTHUIMIDATIE: De Comfee MDDF-16DEN7 WF luchtontvochtiger kan tot 16 liter per dag opnemen (30℃, RH80%), met een verwijderbaar reservoir van 3 liter; Geschikt voor kelder, woonkamer, kantoor en studeerkamer, dekking 32m². 3 ventilatieniveaus met een maximaal luchtdebiet van 166 m³/u. APP CONTROL: Dit apparaat kan via Bluetooth worden verbonden met je smartphone of tablets; gebruikers kunnen dus met enkele muisklikken het gewenste vochtigheidsniveau (instelbereik vochtigheid: 35% - 85%) en de timer instellen op hun slimme apparaten. En deze parameters zijn zichtbaar op het LED-paneel. INTELLIGENT ONTHUIMIDIGEN EN KLEDENDROGEN: Deze ontvochtigerlucht is uitgerust met een ingebouwde vochtigheidssensor die de vochtigheidsgraad in realtime kan controleren en de vochtigheidsgraad binnenshuis tussen 45% en 55% kan houden, wat aangenaam is voor ons leven; Continue afvoer, niet alleen ontvochtiging, goede assistent voor het drogen van kleding, uw andere wasdroger. GEBRUIKERSGESPECENTREERD ONTWERP EN EENVOUDIGE BEDIENING: dit compacte apparaat bespaart ruimte en heeft verschillende nuttige functies, zoals een alarm voor vol water en automatische ontdooiing, met als doel een betere gebruikerservaring te bevorderen. LAAG VERBRUIK EN ECOLOGISCH: Met ecologisch koelmiddel R290 is deze compressorontvochtiger ecologisch, bespaart energie en verbruikt 320W.Het is een slaapkamer luchtontvochtiger, badkamer luchtontvochtiger, woonkamer luchtontvochtiger. 
"
28,"Qlima D 612 Luchtontvochtiger - Wit - 12 L/Dag - Geschikt voor Woonkamer, Slaapkamer, Badkamer, Babykamer",,Qlima,,"4,6",117,"199,99",Op voorraad,https://www.bol.com/nl/nl/p/qlima-d-612-luchtontvochtiger-wit-12-l-dag-geschikt-voor-woonkamer-slaapkamer-badkamer-babykamer/9200000082767593/,13,"
De Qlima D 612 is een spatwaterdichte ontvochtiger en kan zodoende moeiteloos in natte ruimtes gebruikt worden. De ontvochtiger is zeer compleet met een timerfunctie, hygrometer en een 3-laags filter.
De D 612 werkt uitermate stil en heeft een groot reservoir.
Extra stilDeze ontvochtiger is zo stil dat je hem nauwelijks hoort in je woonkamer met een geluidsdrukniveau van 34 DBA. Ook wanneer de ventilator op de hoogste stand staat. Dat maakt het een van de stilste ontvochtigers op de markt.
Hoge capaciteitDit krachtige model heeft een ontvochtigingscapaciteit van 12 liter per dag, hierdoor verwijder jij razendsnel overtollig vocht uit de ruimte en heb de relatieve luchtvochtigheid binnen de kortste keren op een aangenaam peil.
Hygrostraat en HygrometerDoor de hygrostaat en hygrometer in dit apparaat kun je de relatieve luchtvochtigheid altijd aflezen en bijstellen naar het door jou gewenste percentage.
Groot waterreservoirDoor het grote waterreservoir van 1.8 liter hoef je het reservoir aanzienlijk minder vaak te legen dan bij modellen met een kleiner reservoir.
Eenvoudig in gebruikDe D 612 past zich automatisch aan aan de kamer waarin hij zich bevindt. Hij wisselt tussen stil en vol vermogen om de luchtvochtigheid op het juiste percentage te houden. Wanneer het waterreservoir vol is klinkt er een geluid en schakelt de D612 zichzelf automatisch uit.
TimerDe D612 is voorzien van een 24-uurs timer waardoor je de ontvochtiger kan laten starten en stoppen wanneer jij wilt.
Anti vriesDit apparaat is voorzien van een slim anti vries systeem waardoor hij ook te gebruiken is in lagere temperaturen.
Permanente waterafvoer mogelijkEen permante waterafvoer is ook mogelijk door middel van een slangetje dat je richting, bijvoorbeeld, een putje of afvoer kan leggen. Hierdoor hoeft het waterreservoir niet geleegd te worden en kan de D612 blijven werken.

Ontvochtigingscapaciteit: 12 L/24U
Maximale luchtstroom: 90 m³/u
Werkingsbereik: 5-35 ºC
Energieverbruik ontvochtigen: 0,2 kW
Geluidsdrukniveau: 34 dB
Voor ruimtes tot: 50-75 m³
Capaciteit waterreservoir: 1.8 L

"
29,Erikssøn Luchtontvochtiger Dry Pro - Ontvochtigt Tot 0.6 Liter Per Dag - Geschikt Voor Slaapkamer En Badkamer En Woonkamer En Kelder - Dehumidifier,,Erikssøn,,"4,1",34,"69,99",Op voorraad,https://www.bol.com/nl/nl/p/eriksson-luchtontvochtiger-prime/9300000151859614/,11,"
Wil jij schimmels en bacteriën voorkomen? Vrij ademen in huis? Niet meer afhankelijk zijn van een (slechte) afzuigkap om waterdamp in jouw huis te verwijderen? Allergieën minimaliseren? Dan is de Erikssøn Luchtontvochtiger Prime perfect geschikt voor jou!  De Erikssøn Luchtontvochtiger verwijdert moeiteloos vocht uit jouw binnenruimte. Met een droog binnenklimaat ben jij er van verzekerd dat vochtplekken en schimmels weg blijven! Droog en reinig de lucht in jouw huis op een Thuiswinkelwaarborg gekeurde manier!  Luchtreiniging èn ontvochtiging Met de Erikssøn Luchtontvochtiger verlaag jij in hoog tempo de luchtvochtigheid in elke gewenste ruimte. De door medisch specialisten geadviseerde optimale luchtvochtigheid in gesloten ruimtes ligt in het bereik van 40 tot 60% relatieve luchtvochtigheid. Is de lucht in binnenruimtes te vochtig dan kan de levenskwaliteit door schimmelsporen, allergenen en ademweg problemen sterk nadelig beïnvloedt worden. Met de Erikssøn Luchtontvochtiger zijn nare luchtjes en schimmels binnen no-time verdwenen. Voorkom gezondheidsproblemen - Verminder allergieën Als je last hebt van een allergie of astma, is het belangrijk dat de lucht in huis schoon is. De Erikssøn luchtontvochtiger draagt hier aan bij door middel van de bovengenoemde 2-in-1 functie. De Erikssøn Luchtontvochtiger maakt gebruik van een geïntegreerde HEPA-filter om de lucht te reinigen en pollen, huisstofmijt en overige deeltjes te minimaliseren.   Ontvochtigd tot 600 ml per dag - Voor ruimtes van 10-35 m2 De luchtontvochtiger heeft een groot waterreservoir met een opvangcapaciteit van 600 ml. Wanneer het reservoir vol is knippert het indicatielampje oranje. Hiermee weet jij dat het waterreservoir geleegd moet worden. De luchtontvochtiger vangt bij 30°C en 80% luchtvochtigheid maximaal 600 ml water per dag op. Je hoeft dus niet elke dag het waterreservoir te legen! Europees Geassembleerd - <30dB - 1 jaar fabrieksgarantieGeniet van 100% kwaliteitsgarantie en extreme stilte door de Europees Geassembleerde motor van de Erikssøn Luchtontvochtiger Prime. Specificaties:► Merk: Erikssøn► Inhoud verpakking: 1x luchtontvochtiger ► Materiaal: PP, ABS► Kleur: Zwart► Afmetingen: 25,60 x 15,00 x 15,00 cm► Gewicht: 1,3 kg► Snoerlengte: 1,2 m► Voltage – Frequentie: DC 12V 3.5A | 50/60Hz► Vermogen: 40W► Capaciteit waterreservoir: 600 ml► Capaciteit luchtontvochtiging: 600 ml/dag (bij 30°C en 80% RH)► Bereik: 10 – 25 m²► Geluidsniveau: 29 dB► Werktemperatuur: 15 – 30°C► BPA-vrij: ja► Signaal vol waterreservoir: Ja► Minimale luchtvochtigheid: 40%► Minimale kamertemperatuur: 5°C► Luchtfilter: Ja
"
30,"Clean Air Optima® CA-703W - Luchtontvochtiger - 700ml/dag - Met Ionisator, UV-LED en Fotokatalytisch filter voor luchtreiniging!",,Clean Air Optima,,"3,6",113,"109,-",Op voorraad,https://www.bol.com/nl/nl/p/clean-air-optima-ca-703w-luchtontvochtiger-700ml-dag-met-ionisator-uv-led-en-fotokatalytisch-filter-voor-luchtreiniging/9200000020953926/,13,"
2 in1: Luchtontvochtigen en Luchtreinigen  Ontvochtigingscapaciteit tot 700ml/dag Luchtreiniging door 3-voudige filtertechniek Compacte luchtontvochtiger met Peltier technologie Ondersteuning wasdroging Elegant design Geschikt voor ruimtes tot 10m²/25m³  Unieke technologie CA-703W voorkomt schimmelvorming en verbetert de luchtkwaliteitIs de lucht in uw binnenruimtes te vochtig dan kan de levenskwaliteit door schimmelsporen, allergenen en ademweg problemen sterk nadelig beïnvloedt worden. De door medische specialisten geadviseerde optimale luchtvochtigheid in gesloten ruimtes ligt in het bereik van 40 tot 60% relatieve luchtvochtigheid.De elektronische luchtontvochtiger CA-703W van Clean Air Optima® geeft schimmelvorming door een te hoge luchtvochtigheid geen kans.De 3-voudige filtertechniek in de CA-703W zuivert praktisch alle ongewenste stoffen, geuren en micro-organismen uit de binnenlucht.Door de tankinhoud van 2 liter en de ontvochtigingscapaciteit van 700ml/dag (bij 30°C en 80% relatieve luchtvochtigheid) is de elektronische luchtontvochtiger CA-703W met ionisator, UV licht en fotokatalytisch filter voor luchtreiniging, geschikt voor ruimtes tot 10m²/25m³ zoals de badkamer, was- en opslagruimtes.Het unieke ontwerp van de CA-703W combineert effectieve luchtontvochtiging met krachtige luchtreiniging, een elegant design, hoge functionaliteit en duurzaamheid als belangrijkste kenmerken. Effectieve luchtontvochtiging CA-703W door thermo-elektrisch Peltier elementQua effect is een Peltier element het omgekeerde van een thermokoppel: bij het thermokoppel wordt een temperatuurverschil over een overgang tussen verschillende metalen omgezet in een elektrische spanning.Het Peltier element zet een elektrische spanning over een overgang tussen verschillende metalen om in een temperatuurverschil.Het Peltier- element in de Clean Air Optima® luchtontvochtiger CA-703W is een elektrische component welke gebruikt wordt om warmte te verplaatsen van een koude naar een warme plek. Een aaneenschakeling van Peltier eenheden kan praktisch als koel (- of verwarming) element toegepast worden en laat vocht condenseren. Op deze wijze is een warmtepomp werking gerealiseerd zonder bewegende delen of vloeistoffen. De Clean Air Optima® luchtontvochtiger CA-703W met ionisator is daardoor zeer onderhoudsarm en trillingsvrij door het ontbreken van een compressor!Effectieve ontvochtiging en reiniging van binnenlucht in zes stappen1. Aanzuigen van de vochtige en verontreinigde binnenlucht door de geluidsarme met kogellagers uitgevoerde, krachtige ventilator2. Peltier elementen waarlangs de vochtige lucht wordt geleid. Vocht condenseert en wordt opgevangen in de tank met een inhoud van 2 liter3. Ionisator capaciteit >3.000.000 negatieve ionen/cm³ reinigt en verfrist de binnenlucht4. UV (ultraviolet) licht elimineert bacteriën, schimmels, schimmelsporen en virussen5. Fotokatalytisch filter / UV led zijn in staat nare geuren te verwijderen en bacteriën en virussen te elimineren6. Antibacterieel materiaal verwerkt in de lichtgewicht behuizing. Schone, gezonde ademlucht stroomt in de binnenruimteIonisatieDe Clean Air Optima® luchtontvochtiger CA-703W beschikt over een ingebouwde ionisator voor de productie van negatieve ionen welke de binnenlucht reinigen en verfrissen. Tot de positieve eigenschappen van de ionisator behoort ook het verrijken van de lucht met actief zuurstof. Negatieve ionen hangen zich aan stofdeeltjes, micro-organismen en andere ongewenste stoffen in de lucht en verbinden deze met elkaar. De deeltjes worden op deze wijze zwaarder dan de lucht en vallen neer of worden door de luchtreiniger uit de lucht gefilterd.UV led lichtUVC licht elimineert bacteriën, schimmels, schimmelsporen en virussenHet fotokatalytisch filter functioneert in combinatie met UV led lichtDoor deze combinatie ontstaat een bijzonder krachtige bacteriën en virus dodende werking. Het fotokatalytisch filter is opgebouwd uit titanium dioxide. Wanneer deze stof wordt blootgesteld aan UV licht, wordt hieruit waterstofperoxide (H²O²) en hydroxide radicalen (OH) vrijgemaakt. Deze stoffen zijn in staat nare geuren te verwijderen en bacteriën en virussen te elimineren.Kenmerken en voordelen• Automatisch werkend programma binnenlucht ontvochtigen en reinigen• Werkt preventief tegen schimmelvorming, roest en schade door vocht• Verwijdert muffe geuren, stof en micro-organismen• Bestrijdt stofmijten en schimmel, reduceert daardoor allergieklachten• Reduceert stookkosten: hoe droger het huis is, hoe lager de stookkosten• Inzetbereik boven 40% relatieve luchtvochtigheid• Luchtreiniging door ionisator, UV licht en fotokatalytisch filter• Ondersteunt wasdroging• Elegant en compact design• Eenvoudige bediening• LED functieaanduiding voor aan / uit, UV en ionisator, volle watertank• Stopt automatisch met LED signaal bij volle tank• Automatische herstart• Krachtige continu ventilatorfunctie• Geluidsarm door met kogellagers uitgevoerde ventilator• Gemakkelijk te verplaatsen door praktische handgreep• Onderhoudsvrij door permanent fotokatalytisch filter en UV LED• Inclusief 12 Volt auto adapter• Laag energieverbruik• Optimale prijs / prestatieverhoudingEffectieve toepassingenDe veelzijdige Clean Air Optima® CA-703W - elektronische luchtontvochtiger met krachtige luchtreiniging door ingebouwde ionisator, UV en fotokatalytisch filter is compact, geluidsarm en zeer effectief. Temperatuur inzetbereik boven 5°C, boven 40% relatieve luchtvochtigheid. Het automatische programma maakt gebruik mogelijk in ruimtes zonder direct toezicht. Door elegant design en decente kleurstelling toepasbaar in elk interieur. Geschikt voor gebruik in de kleinere woonruimte en kantoor, wasruimte, droogruimte, fitnessruimte, badkamer, magazijn etc. etc. Mobiel gebruik en recreatieDoor de extra meegeleverde 12 Volt auto adapter is de makkelijk inzetbare luchtontvochtiger Clean Air Optima® CA-703W ook geschikt voor gebruik in de auto, vrachtwagen, bus, bedrijfswagen, caravan, stacaravan, boot, etc. etc. Voorkoming en vermindering allergieënDe Clean Air Optima® CA-703W - elektronische luchtontvochtiger reduceert de relative luchtvochtigheid in de binnenruimte. Stofmijten, ander ongedierte en schimmelsporen gedijen het beste in een vochtige omgeving. De belangrijkste veroorzakers van allergie klachten zijn stofmijten en schimmel. In combinatie met de krachtige luchtzuivering door de 3-voudige filtertechniek van de CA-703W heeft gebruik van dit unieke apparaat een direct effect op de voorkoming en vermindering van allergieën.
"
31,"Bloomfold Luchtontvochtiger - 12L per Dag - Incl. Was-droog Functie - Geschikt voor Woonkamer, Slaapkamer & Badkamer - Dehumidifier - Wit",,Bloomfold,,"4,8",21,"169,-",Op voorraad,https://www.bol.com/nl/nl/p/bloomfold-luchtontvochtiger-bf001/9300000157117655/,9,"
Heb je last van vocht in je huis of droogt je was sloom? Dan is de Bloomfold luchtontvochtiger de oplossing die je zoekt! Met een speciale was-droogfunctie en een hoge capaciteit van 12L per dag ontvochtigen verdwijnen vochtproblemen als sneeuw voor de zon. De krachtige luchtontvochtiger van Bloomfold is daarnaast uiterst stil en kan zowel continue afvoeren als handmatig geleegd worden.  Voordelen  Ontvochtigt tot 12L per dag Kan zowel handmatig als continu afvoeren Stil in gebruik Inclusief timerfunctie Inclusief kinderslot 125 m3 per uur  Was droog functie Ruim reservoir van 2L  Inclusief LED-indicatieDankzij de handige LED-indicatie heb je altijd inzicht in de status van de luchtontvochtiger en kun je de instellingen eenvoudig aanpassen. Zo zie je in een oog opslag of een ruimte te vochtig is. Efficiënte OntvochtigingDe Bloomfold luchtontvochtiger kan maar liefst 12 liter vocht per dag verwijderen, met een energieverbruik van slechts 185 watt. Dat betekent een comfortabel en energiezuinig gebruik tijdens het ontvochtigen. Was-droog functie & 360° AirflowDe luchtontvochtiger van Bloomfold beschikt over talloze handige functies zoals de was-droogfunctie. In deze speciale functie wordt je was sneller droog dan ooit te voren, dankzij een moderne technologie wordt de vocht razendsnel uit de luchtontrokken. Hierdoor droogt de was sneller, daarnaast kun je ook kiezen voor 360° Airflow, dan ontvochtig de luchtontvochtiger continu tot al het vocht uit de lucht is onttrokken, geschikt voor overstroomde ruimtes. Tot slot beschikt de ontvochtiger ook nog over een timerfunctie, slaapmodus en kinderslot! GebruikersvriendelijkDe Bloomfold luchtontvochtiger is ontworpen met jouw gemak in gedachten, zodat je zonder gedoe kunt genieten van een gezonde en comfortabele leefomgeving. Met een paar drukken op de knop stel je de machine in en start die met het oplossen van jouw vochtproblemen.  Continu en Handmatig AfvoerenWe begrijpen dat het legen van het reservoir een irritant klusje is, stel je vergeet het per ongeluk dan werkt de luchtontvochtiger niet tot die weer is geleegd. Vandaar dat wij bij iedere bestelling gratis een afvoerslang leveren. Zo krijg je de mogelijkheid tot zowel continue als handmatig afvoeren! Dat is nog eens het ontvochtigen met gemak!  Verbeter de luchtkwaliteit en comfort in jouw leefruimte met de Bloomfold luchtontvochtiger morgen nog. Jouw welzijn staat voorop. Vandaag besteld, morgen in huis!
"
32,Luxoo LuchtonLuxoo Luchtontvochtiger – luchtontvochtiger slaapkamer – Luchtontvochtiger en luchtreiniger– Sfeervolle Verlichting-zwart,,Luxoo,,"3,5",6,"59,95",Op voorraad,https://www.bol.com/nl/nl/p/luxoo-luchtontvochtiger-luchtontvochtiger-voor-binnen-draagbaar-sfeervolle-verlichting-zwart/9300000157418971/,7,"
Wil je op een gemakkelijke en snelle wijze jouw meubels beschermen, allergenen tegengaan en vrijer kunnen ademen? Dan is de luchtontvochtiger van Luxoo de perfecte uitkomst om van je huis een frissere en gezondere omgeving te maken! De ontvochtiger is speciaal ontworpen met de nieuwste technologie en het beschikt over slimme sensoren, waardoor je volledig automatisch vocht uit jouw woonkamer, slaapkamer of kelder kan verwijderen. Dit zorgt ervoor dat je voor eens en altijd gedag kan zeggen tegen klamme ruimtes, vochtplekken en onnodige schimmel. Krachtige en betoverende werking De luchtontvochtiger is gemaakt van kwalitatief hoogwaardig materiaal en het beschikt over een uitmuntende afwerking. Daarnaast is het speciaal ontworpen met de nieuwste technologie, waardoor het tot wel 350 milliliter aan vocht per dag kan verwijderen. Verder beschikt over een watertank van maar liefst 1 liter, wat zorgt voor langdurig gebruik. Geruisloos en muisstil De ontvochtiger van Luxoo is uitgerust met een ingebouwde motor, welke weinig tot geen geluid maakt. Dit zorgt ervoor dat het volledig automatisch zijn werk doet zonder dat je tussentijds zal worden gestoord. Hierdoor hoeft je enkel het apparaat in de slaapkamer plaatsen zonder dat het je nachtrust zal verstoren.   Zeer gebruiksvriendelijk Het handzame bedieningspaneel in combinatie met het compacte formaat maken het mogelijk om op een gemakkelijk manier binnen no-time de luchtvochtigheid te verbeteren. Dankzij de compacte vormgeving en het lichte gewicht kan je het probleemloos uit het zicht plaatsen of opbergen zonder dat het veel ruimte in beslag zal nemen. Deze ontvochtiger kan je neerzetten waar jij wilt!   Jouw voordelen  Geruisloos en muisstil in gebruik Waterreservoir met een inhoudscapaciteit van 1 liter Zeer gebruiksvriendelijk en handzaam Nieuwste technologie en condensatie technieken Laag energieverbruik en milieubewuste werking Volledig automatisch vocht verwijderen uit je woonkamer, slaapkamer of kelder Verwijderd tot wel 350 ml vocht per dag  Nieuwste technologie De handzame ontvochtiger is speciaal ontworpen met de nieuwste technologie en condensatie technieken, waardoor jij jarenlang kan blijven genieten van je nieuwe huismaatje. Ook is het apparaat volledig vrij van chemische materialen en het biedt optimale bescherming tegen het uitstoten van freon gas. Wij denken niet alleen aan je vrije tijd, maar eveneens aan je veiligheid!   Specificaties  Merk: Luxoo Materiaal: ABS plastic Gewicht: Lichtgewicht Afmetingen: 15 x 15 x 25 cm Werk temperatuur: 20 tot 50 graden Inhoud waterreservoir: 1 Liter Effectiviteit: 350 ml/per dag Vermogen: 36 Watt     
"
33,"Qlima D630P Smart Wifi - Luchtontvochtiger - Wit - 30 L/Dag - Stille werking - Geschikt voor Woonkamer, Slaapkamer, Badkamer, Babykamer",Nieuw artikel,Qlima,,"3,8",33,"269,-",Op voorraad,https://www.bol.com/nl/nl/p/qlima-d630p-smart-wifi-luchtontvochtiger-wit-30-l-dag-stille-werking-geschikt-voor-woonkamer-slaapkamer-badkamer-babykamer/9300000046008663/,15,"
De Qlima D 630 P Smart ontvochtiger is fraai vormgegeven en voorzien van tal van praktische functies. Zo is het model uitgerust met een ingebouwde waterpomp, handige timerfunctie, filter, hygrometer en digitaal display. Dankzij de Wifi functie kan het model met behulp van een smartphone bediend worden.
Wat dit model onderscheidt is de ingebouwde waterpomp en zijn stille werking.
Draadloze slimme bediening
Deze luchtontvochtiger is uitgerust met Wifi voor extra comfort en om energie te besparen. Met de slimme app kun je de D630P smart volledig bedienen.
Ingebouwde pompDoor de ingebouwde pomp kun je de ontvochtiger het vocht laten afvoeren naar, bijvoorbeeld, een putje of afvoer die hoger staat dan de ontvochtiger zelf. Hierdoor hoef je het reservoir niet te legen en kun je het apparaat permanent laten werken.
Extra stilDeze ontvochtiger is zo stil dat je hem nauwelijks hoort in je woonkamer met een geluidsdrukniveau van 34 DBA. Ook wanneer de ventilator op de hoogste stand staat. Dat maakt het een van de stilste ontvochtigers op de markt.
Hoge capaciteitDit krachtige model heeft een ontvochtigingscapaciteit van 30 liter per dag, hierdoor verwijder jij razendsnel overtollig vocht uit de ruimte en heb de relatieve luchtvochtigheid binnen de kortste keren op een aangenaam peil.
Hygrostraat en HygrometerDoor de hygrostaat en hygrometer in dit apparaat kun je de relatieve luchtvochtigheid altijd aflezen en bijstellen naar het door jou gewenste percentage.
Groot waterreservoirDoor het grote waterreservoir van 6 liter hoef je het reservoir aanzienlijk minder vaak te legen dan bij modellen met een kleiner reservoir.
Eenvoudig in gebruikDe D630P past zich automatisch aan aan de kamer waarin hij zich bevindt. Hij wisselt tussen stil en vol vermogen om de luchtvochtigheid op het juiste percentage te houden. Wanneer het waterreservoir vol is klinkt er een geluid en schakelt de D630P zichzelf automatisch uit.
TimerDe D 630P is voorzien van een 24-uurs timer waardoor je de ontvochtiger kan laten starten en stoppen wanneer jij wilt.
Anti vriesDit apparaat is voorzien van een slim anti vries systeem waardoor hij ook te gebruiken is in lagere temperaturen.

Ontvochtigingscapaciteit: 30 L/24U
Maximale luchtstroom: 120 m³/u
Werkingsbereik: 5-35 ºC
Energieverbruik ontvochtigen: 0,58 kW
Geluidsdrukniveau: 34 dB
Voor ruimtes tot: 160-200 m³
Capaciteit waterreservoir: 6L

"
34,"Qlima D 820 A Smart -Luchtontvochtiger - 20 L/Dag - Timerfunctie - Hygrometer - Geschikt voor Woonkamer, Slaapkamer, Badkamer, Babykamer",,Qlima,,"4,0",5,"274,73",Op voorraad,https://www.bol.com/nl/nl/p/qlima-d-820-a-smart-luchtontvochtiger-20-l-dag-timerfunctie-hygrometer-geschikt-voor-woonkamer-slaapkamer-badkamer-babykamer/9300000158478959/,6,"
D 820 A Smart De krachtige D 820 A Smart: Een gezond vochtpercentage Een te hoge luchtvochtigheid in huis is niet prettig. De lucht gaat muf ruiken, ramen beslaan en je krijgt vochtplekken of zelfs schimmelplekken. In sommige gevallen kan een ongezonde lucht zelfs zorgen voor problemen met ademhaling, bijvoorbeeld wanneer je al astma hebt. Effectief aanpakkenEen luchtontvochtiger meet het vochtgehalte in de ruimte en brengt het terug naar het gewenste peil. De D 820 A Smart van Qlima kan het vochtgehalte exact terugbrengen naar het gewenste percentage. Dit voorkomt permanente schade aan de woning en verbetert de leefomgeving aanzienlijk. Door de ingebouwde hygrometer weet je altijd precies wat het actuele vochtgehalte is. Door de smart functionaliteiten kan het apparaat eenvoudig bestuurd worden via de wifi, bijvoorbeeld met jouw smartphone. Het is ook mogelijk om het apparaat op een timer in te stellen. Een einde aan vochtproblemen De Qlima luchtontvochtiger D 820 A Smart pakt het vochtprobleem daadkrachtig aan. Stekker erin, en het apparaat brengt het vochtpercentage direct omlaag. Het vocht wordt opgevangen in het waterreservoir, dit reservoir kun je eenvoudig uit het apparaat halen om het te legen. Ook is er de mogelijkheid om een afvoerslang aan te sluiten. Zo heb je een permanente waterafvoer en kan het apparaat non-stop doorwerken. Voordelen van de D 820 A Smart  Direct een einde aan overtollig vocht Capaciteit van 20 liter per 24 uur Laag energieverbruik (0,33 kW per uur) Geluidsdrukniveau <47dB Voor ruimtes tot 130m³ Capaciteit reservoir 3,8L HEPA filter Hygrometer Kan 24/7 doorwerken Bedienen met wifi Timer functie 
"
35,Chesto Luchtontvochtiger - 1000ml/dag - Extreem Stil - Geschikt voor Huis / Slaapkamer & Kantoor,,Chesto,,"3,8",27,"89,95",Op voorraad,https://www.bol.com/nl/nl/p/chesto-luchtontvochtiger-1000ml-dag-extreem-stil-geschikt-voor-huis-slaapkamer-kantoor/9300000144786322/,9,"
Verbeter Uw Luchtkwaliteit met de Geavanceerde Chesto Luchtontvochtiger De Chesto luchtontvochtiger gaat verder dan traditionele oplossingen, het is een geavanceerd apparaat voor luchtvochtigheidsbeheersing ontworpen om uw leefruimte gezonder en comfortabeler te maken. Kampt u met problemen als hoge luchtvochtigheid, schimmelvorming of slechte luchtkwaliteit in uw woning of werkplek? Zoek niet verder. Onze Chesto luchtontvochtiger pakt deze veelvoorkomende problemen effectief aan. Lees verder en ontdek waarom dit de beste keuze is voor luchtvochtigheidscontrole en luchtkwaliteitsverbetering. Belangrijkste kenmerken: ✓ Hoge Ontvochtigingscapaciteit: Verwijder tot wel 1 liter vocht per dag, perfect voor vochtbestrijding in verschillende ruimtes. ✓ Energie-Efficiëntie: Bespaar op uw energierekening en draag bij aan een duurzamere planeet met dit energiezuinige apparaat. ✓ Veilige Werking: Dankzij de automatische uitschakelfunctie en andere veiligheidskenmerken, kunt u op beide oren slapen. ✓ Geluidsarm Ontwerp: Geniet van een stille werking, ideaal voor slaapkamers en studeerkamers. ✓ Gebruikersvriendelijkheid: Het ruime 3-liter waterreservoir en de eenvoudige bediening maken onderhoud en gebruik tot een fluitje van een cent.   Luchtkwaliteit: Adem dieper en leef beter Onze geavanceerde technologie doet meer dan alleen het verwijderen van vocht uit de lucht; het helpt ook om schadelijke bacteriën en allergenen te verminderen. De verbeterde luchtkwaliteit kan bijdragen aan betere ademhalingsomstandigheden en een algeheel gezondere leefomgeving.   Veiligheid Eerst: Ingebouwde Beveiligingsfuncties Veiligheid is een van onze belangrijkste overwegingen. De Chesto luchtontvochtiger is uitgerust met meerdere beveiligingsfuncties, waaronder een automatische uitschakeling bij een vol waterreservoir en een waarschuwingssysteem voor eventuele storingen.   Geurverwijdering: Zeg maar dag tegen muffe luchtjes Dankzij de effectieve ontvochtiging helpt de Chesto luchtontvochtiger om onaangename geuren te elimineren. Het is een uitstekende keuze voor ruimtes zoals kelders, badkamers en keukens waar vocht en geur een probleem kunnen zijn.   Onderhoudsgemak: Zorgeloos en eenvoudig schoon te maken Het onderhoud van de Chesto luchtontvochtiger is een fluitje van een cent. Het waterreservoir en de filter zijn gemakkelijk te verwijderen en schoon te maken, waardoor u meer tijd overhoudt voor de belangrijke dingen in het leven.   210 CADR Waarde Uitgelegd: De Superioriteit van de Chesto Luchtontvochtiger De Chesto luchtontvochtiger blinkt uit met een indrukwekkende CADR (Clean Air Delivery Rate) waarde van 210. Deze hoge CADR-waarde garandeert snelle en efficiënte verwijdering van vocht en verontreinigende stoffen uit de lucht. Of u nu te maken heeft met schimmel, allergenen of hoge luchtvochtigheid, onze Chesto luchtontvochtiger met 210 CADR is de optimale keuze voor een gezondere en meer comfortabele binnenomgeving.   Hoe werkt de Thermo-Elektrische Koeling? Dit apparaat maakt gebruik van geavanceerde thermo-elektrische koeltechnologie. Dit betekent dat er thermische elektrische materialen worden gebruikt om een temperatuurverschil te creëren tussen twee platen. Wanneer vochtige lucht over de koude plaat stroomt, condenseert het vocht en wordt het opgevangen in het waterreservoir. Conclusie: De Chesto Luchtontvochtiger gaat verder dan een standaard huishoudapparaat; het vertegenwoordigt uw totaaloplossing voor een binnenklimaat dat zowel gezonder als aangenamer is. Met een opmerkelijke CADR-waarde van 210 en voorzien van geavanceerde mogelijkheden zoals automatisch uitschakelen en een uitzonderlijk groot reservoir, garandeert dit toestel superieure efficiëntie in het elimineren van vocht, schimmels en vervuilende stoffen. Neem vandaag nog de wijze beslissing en kies voor de Chesto Luchtontvochtiger voor een ideale atmosfeer binnenshuis. Voor verbeteringen van luchtkwaliteit en vochtbeheersing hoeft u niet verder te zoeken   Garantie en Klantenservice: Wij Zijn Er Voor Jou   Bij Chesto staan we volledig achter de kwaliteit van onze producten. Daarom bieden we een uitgebreide garantie en staan onze klantenservice experts klaar om je bij elke stap te ondersteunen.
"
36,Eeese Hugo 13L - Luchtontvochtiger,,Eeese,,"5,0",2,"169,-",,https://www.bol.com/nl/nl/p/eeese-hugo-13l-luchtontvochtiger/9300000140368057/,10,"
De Eeese Hugo 13L luchtontvochtiger onderscheidt zich van andere luchtontvochtigers van hetzelfde formaat door zijn extreem lage geluidsniveau van slechts 35 dB(A). Deze Eeese Hugo 13L luchtontvochtiger is uitstekend geschikt voor alle vertrekken in huis tot 65 m². De Hugo is ook geschikt voor gebruik in badkamers, omdat hij IPX4- geclassificeerd is voor gebruik in natte ruimtes. Bovendien heeft hij een heel laag stroomverbruik van slechts 145 Watt. IPX4 LUCHTONTVOCHTIGER Zeer laag stroomverbruik Met de praktische timerfunctie kunt u zelf bepalen wanneer de ontvochtiger actief moet zijn. De ontvochtiger heeft een laag stroomverbruik van 145 Watt. Dit is zeer laag voor een ontvochtiger met een capaciteit van 13 liter per dag. De Hugo kan rechtstreeks worden aangesloten op een afvoer met een afvoerslang. Dit is handig omdat men op deze manier de badkamer of bijkeuken kunt ontvochtigen zonder dat u zich zorgen hoeft te maken dat de tank vol raakt. Als men ervoor kiest om geen afvoerslang te gebruiken, schakelt de luchtontvochtiger gewoon automatisch uit als de tank vol is. Eenvoudige vochtigheidsinstelling De Eeese Hugo 13L luchtontvochtiger heeft een eenvoudige en logische luchtvochtigheidsinstelling, waardoor men eenvoudig de gewenste luchtvochtigheid in het vertrek instelt. Deze instellingen worden automatisch opgeslagen, zelfs als de luchtontvochtiger wordt uitgeschakeld. Hierdoor hoeft men de luchtontvochtiger bij een volgend gebruik niet opnieuw in te stellen. De luchtontvochtiger kan worden gebruikt in de slaapkamer terwijl men slaapt. Gebruikt u een Hugo 13L luchtontvochtiger in de slaapkamer, dan is het geen probleem om de luchtdroger 's nachts te laten draaien. De luchtontvochtiger heeft een slimme slaapstand, die eenvoudig kan worden geactiveerd. Als deze functie wordt gebruikt, werkt de luchtontvochtiger op een lage ventilatorsnelheid en een geluidsniveau van slechts 35 dB(A). Het stijlvolle design van de luchtontvochtiger Hugo past in elk huis. Door de praktische handgrepen verplaats men de luchtontvochtiger gemakkelijk van kamer naar kamer. Zo heeft u er maximaal profijt van. Hugo – een kwaliteitsproduct van Eeese De Eeese Hugo 13L maakt deel uit van de populaire serie van Eeese. Alle apparaten in deze serie zijn gemaakt met als doel de perfecte synergie te creëren tussen gedegen kennis van het Europese klimaat en milieu, een stijlvol en gestroomlijnd Scandinavisch design en de nieuwste technologie. Hugo’s speciale talenten  Extra stil – slechts 35 dB(A) Zeer laag stroomverbruik – slechts 145 Watt Stijlvol en compact design IPX4-geclassificeerd – geschikt voor gebruik in badkamers Wasbaar luchtfilter Handige handgrepen – eenvoudig te verplaatsen Kinderbeveiliging Automatische uitschakeling bij een volle watertank Automatische timer 
"
37,"Gologi luchtontvochtiger en luchtreiniger - Dehumidifier - Grote capaciteit - Extra stil - 750ml/dag - HEPA 13 Filter - Slaapkamer, badkamer, kelder etc.",,Gologi,,"3,7",22,"89,95",Op voorraad,https://www.bol.com/nl/nl/p/gologi-luchtontvochtiger-en-luchtreiniger-dehumidifier-grote-capaciteit-extra-stil-750ml-dag-hepa-13-filter-slaapkamer-badkamer-kelder-etc/9300000130858476/,9,"
Heb je last van een muffe lucht in huis? Of heb je problemen met vocht en vochtplekken op de muren of op de plafonds? Kies dan voor deze professionele luchtontvochtiger. Met deze ontvochtiger zorgt je dat de luchtvochtigheid in huis altijd op een ideaal niveau blijft, namelijk tussen de 40 en 60 procent. Vochtproblemen zijn hierdoor voorgoed verleden tijd! De dehumidifier n-h-l snelheid zorgt voor zuivering met een Hepa 13 filter, ontdooit automatisch en werkt daarnaast tussen de 5° en 50° Celsius. Voorkom overtollig vocht Overtollig vocht kan voor vochtplekken zorgen, wat weer kan leiden tot vervelende schimmelgroei. In het ergste geval moet er een grote renovatie plaatsvinden om deze problemen weer ongedaan te maken, wat natuurlijk erg zonde is. Door deze luchtontvochtiger neer te zetten wordt het te veel aan vocht snel uit de lucht gehaald en wordt de luchtvochtigheid weer naar een goed niveau gebracht. Het binnenklimaat zal hierdoor een stuk aangenamer zijn en daarnaast ook een stuk gezonder. Hoogwaardig filter De zuivering met het Hepa 13 filter zorgt ervoor dat de lucht optimaal gezuiverd wordt. De Filter verwijderd voor 99% alle ongewenste stoffen in de lucht. Het filter zelf is van hoogwaardige kwaliteit en gaat ongeveer 2200 uur mee. Hierdoor hoeft de filter niet snel vervangen te worden en kun je de luchtontvochtiger met alleen al deze filter zeer lang gebruiken. De luchtontvochtiger kan daarnaast tot wel 750 ml per dag opvangen, waardoor de gehele ruimte ontvochtigt wordt. Ervaar de voordelen nu zelf! · Schakelt automatisch uit – Het apparaat zal zichzelf automatisch uitschakelen wanneer de watertank van 1 liter vol is. Hierdoor zal het apparaat nooit overstromen. · Eenvoudig te gebruiken – Je kunt van buitenaf duidelijk zien hoe vol de watertank ziet. Je weet hierdoor op tijd wanneer je de watertank weer moet legen. · Een optimale luchtvochtigheid – Met deze dehumidifier zorg je voor een optimale luchtvochtigheid die ligt tussen de 40 en 60 procent in een ruimte tot 25 vierkante meter. · Ingebouwde timer – Je kunt de timer instellen op 2 uur of op 4 uur. De luchtontvochtiger werkt daarnaast ook met Wifi, waardoor je het apparaat eenvoudig via Wifi kunt bedienen. · Geen last meer van muffe luchtjes – Het gevolg van een te hoge luchtvochtigheid in huis kan niet alleen leiden tot vochtproblemen in huis wat weer kan leiden tot schimmelgroei, maar zorgt vaak ook voor muffe luchtjes. Door deze luchtontvochtiger met h-n-l snelheid voorkom je dat er muffe luchtjes in de ruimte blijven hangen. De lucht is hierdoor een stuk aangenamer om in te ademen en daarnaast ook een stuk gezonder. Specificaties · Afmetingen: 193 x 193 x 333 mm · Voltage: AC100-240 50/60HZ · Vermogen: 45v · Watertank: 1 liter · Capaciteit: 750 ml/d · h-n-l snelheid · Effectieve omgeving: <20 meter
"
38,EverythingPlus® Luchtontvochtiger - 1200ml/dag - Extra stil - Luchtontvochtiger slaapkamer - Dehumidifier - 2.5L capaciteit - Wit,,EverythingPlus,,"5,0",4,"104,95",Op voorraad,https://www.bol.com/nl/nl/p/everythingplus-luchtontvochtiger-slaapkamer/9300000163390138/,7,"
Vocht in uw ruimte die uw comfort verstoort? Met de EverythingPlus Luchtontvochtiger herstelt u de balans in uw klimaat. Deze krachtige ontvochtiger, uitgerust met een geavanceerd halfgeleiderkoelapparaat, zorgt ervoor dat uw omgeving droog en comfortabel blijft. Kenmerken en Voordelen  Efficiënt & Krachtig: Met een capaciteit van 1200ML/D zegt u vaarwel tegen ongewenst vocht. Veilig in Gebruik: Uitgerust met een ingebouwd uitschakelmechanisme voor volledig water en duidelijke werkinstructies op het scherm. Sfeervolle Verlichting: 7 kleurrijke omgevingslichten om de juiste stemming te creëren. Gebruiksvriendelijk: Met intuïtieve touch knoppen en een LCD-scherm voor eenvoudige bediening. Innovatief Design: Het product is uitgerust met een verwijderbare stofgaas en een uittrekbaar waterreservoir. Bovendien, voor langdurig gebruik, kan de watertank aangesloten worden op een externe afvoerleiding.    Gemak & Efficiëntie Waar u ook bent, de EverythingPlus Luchtontvochtiger zorgt voor de ideale vochtbalans. Met een geluidsniveau van maximaal 45dB en een slaapmodus van ≤30dB, werkt het apparaat geruisloos. Het is vervaardigd uit duurzaam ABS-materiaal en heeft een capaciteit van 2,5L.   Handige Extra's De Luchtontvochtiger wordt geleverd met:  Een uitneembaar stofgaas voor gemakkelijke reiniging. Een uittrekbaar waterreservoir. Een ontwerp watergeleider voor non-stop werking.    Let op! Gebruik het apparaat alleen zoals bedoeld en volg de meegeleverde instructies voor veilig en effectief gebruik.   Met de EverythingPlus Luchtontvochtiger ervaart u de ideale balans in vochtigheid en comfort. Perfect voor thuis of op kantoor. Geniet van een drogere en aangenamere leefomgeving.
"
39,alpina Mini Luchtontvochtiger - Dehumidifier - tot 330ml Per Dag - Wit,,alpina,,"4,3",9,"47,99",Op voorraad,https://www.bol.com/nl/nl/p/alpina-mini-luchtontvochtiger-dehumidifier-330-ml-per-dag-uitneembaar-waterreservoir-wit/9300000119556455/,9,"
 Heb jij regelmatig last van benauwdheid, verkoudheid, astma, of andere slecht verklaarbare symptomen thuis? Dan bestaat de kans dat de luchtvochtigheid in je huis te hoog is. Een goede luchtvochtigheid behoort tussen de 40 - 60 % te liggen, wanneer dit hoger is zul je dit gaan merken aan verschillende vervelende symptomen: het kan schimmelvorming in huis en problemen aan de luchtwegen veroorzaken. De mini luchtontvochtiger van alpina haalt overtollig vocht uit de lucht, wat zich verzamelt in de watertank die tot 800 milliliter kan vasthouden voordat deze geleegd dient te worden.Ontvochting tot 330 milliliter per dagDe Mini Luchtontvochtiger maakt gebruik van Thermo-Elektrische Peltier techniek en gaat daardoor geluidloos te werk. Door zijn kleine formaat wissel je gemakkelijk tussen ruimtes waar luchtontvochtiging nodig is. De luchtontvochtiger beschikt over een tank met een wateropslag van 800 milliliter en haalt in de optimale omstandigheden tot 330 milliliter vocht per dag uit de lucht: hoe hoger de luchtvochtigheid, hoe beter de werking. Wanneer de watertank vol is, zal dit worden aangegeven doormiddel van een indicatorlampje dat rood gaat branden. Indicatielicht en automatische uitschakelingWanneer je je mini luchtontvochtiger in gebruik neemt, plaats je het op een platte ondergrond en steek je de stekker in het stopcontact. Het groene indicatielampje zal gaan branden bij het indrukken van de aan/uitknop. Wanneer de watertank vol zit, brandt het indicatielampje rood. De mini luchtontvochtiger zal zichzelf in dit geval uitschakelen totdat de watertank is geleegd. Specificaties alpina Mini Luchtontvochtiger   Type luchtontvochtiger: Thermo-electrische Peltier Maximale luchtstroom: 42 CFM Luchtontvochtiging: tot 330 ml per dag Aanbevolen werkomgeving: Temperatuur ruimte boven de 15 ºC, luchtvochtigheid boven de 40% Afmetingen: 14.5 x 14.5 x 22.5 cm Geluidsniveau: 35 dB Watercapaciteit: 800 ml Volle watertank indicator: Ja Verwijderbare tank: Ja Vermogen: 9 V DC, 2,5 A Ingangsvermogen: 100-240V ~ 50/60Hz 1.0A Max Output: 5 V DC, 1 A 22,5 W 
"
40,"AG330 Luchtontvochtiger en Luchtreiniger - Dehumidifier - Tot 1L Per Dag Ontvochtiging, 35m2 - Grote watertank 2.7L capaciteit - Energiezuinig, Verlichting 7 kleuren - Voor Huis, Kamer, Badkamer & Kelder",,AG,,"4,6",32,"79,99",Op voorraad,https://www.bol.com/nl/nl/p/ag330-luchtontvochtiger-en-luchtreiniger-dehumidifier-tot-1l-per-dag-ontvochtiging-35m2-grote-watertank-2-7l-capaciteit-energiezuinig-verlichting-7-kleuren-voor-huis-kamer-badkamer-kelder/9300000172879885/,15,"
10.000+ klanten kozen al voor deze luchtontvochtiger. Zeg ook vaarwel tegen benauwde, vochtige kamers en verwelkom een verfrissend oord in je eigen huis. Deze innovatieve luchtonvochtiger staat klaar om je leefruimte te transformeren tot een oase van rust en frisheid.  Krachtige ontvochtiging tussen 10-35m2 Fluisterstille werking van slechts 39 dB. Verbetert de luchtkwaliteit met een koolstoffilter en ionisator. Automatische uitschakeling voorkomt lekken en overlopen. Draagbaar en compact ontwerp voor veelzijdige plaatsing. Ingebouwde sfeerverlichting voor een rustgevende ambiance. Snelle absorptie van maximaal 1000ml overtollig vocht per dag. Grote watertank 2.7L capaciteit  Met geavanceerde halfgeleidertechnologie verwijdert de AG340 moeiteloos vocht uit de lucht, met een maximale ontvochtigingsoppervlakte van 75m2. Ervaar de verlichting van maximaal 1 liter overtollig vocht per dag, wat zorgt voor snelle en effectieve vermindering van de luchtvochtigheid in elke kamer. Geen last meer van vochtige dagen - geniet het hele jaar door van een comfortabele leefomgeving. Fluisterstille Werking voor Ongestoord Rust Ontworpen met jouw rust in gedachten, beschikt de AG340 over een stille slaapstand, met slechts 39 DB geluid. Of je nu slaapt, studeert of gewoon ontspant, wees gerust dat deze luchtonvochtiger je sereniteit niet verstoort. Plus, de rustgevende sfeerverlichting voegt een vleugje ambiance toe, waardoor de perfecte omgeving ontstaat voor een rustgevende nachtrust. Verbeterde Luchtkwaliteit met Filter en Ionisator Niet alleen een luchtonvochtiger, de AG340 gaat nog een stap verder om je lucht te zuiveren. Uitgerust met een koolstoffilter en ionisator, verwijdert het effectief vocht en kleine deeltjes uit de lucht, waardoor optimale prestaties en schonere binnenluchtkwaliteit worden gegarandeerd. Ideaal voor gebruik in badkamers en keukens, geniet altijd en overal van de voordelen van schonere, gezondere lucht Moeteloos Gemak met Automatische Uitschakeling Vergeet constant het waterpeil in de gaten te houden - de AG340 beschikt over een automatische uitschakelfunctie die lekken of overlopen voorkomt wanneer het waterreservoir vol is. Leeg eenvoudig het reservoir wanneer de rode indicator knippert, of kies voor continue afvoer met een afvoerslang. Let op: een afvoerslang wordt niet meegeleverd. Geniet met een gerust hart van het feit dat je luchtonvochtiger veilig te gebruiken is, zelfs als je niet thuis bent. Sfeervolle Verlichting: 7-kleuren De AG330 luchtreiniger biedt een unieke atmosferische ervaring met zijn veelzijdige lichtopties. Met de mogelijkheid om te kiezen tussen twee lichtmodi, inclusief de betoverende 7-kleuren lichtshow of een vaste kleur naar keuze, kunt u de sfeer in elke ruimte aanpassen aan uw voorkeur en stemming. Of u nu een kalmerende ambiance wilt creëren voor ontspanning of een levendige sfeer wilt, deze luchtreiniger vult de ruimte met een subtiel schouwspel van kleuren. Elegant, Draagbaar Ontwerp voor Veelzijdige Plaatsing De AG340 is een compact en draagbaar ontwerp dat naadloos past in elke ruimte. Met ergonomische handgrepen is het gemakkelijk te verplaatsen, waardoor je het kunt positioneren waar je het het meest nodig hebt - van slaapkamers en badkamers tot kasten, keukens, campers en daarbuiten. Ervaar ongeëvenaard comfort en gemak met de AG340 Luchtonvochtiger.
"
41,Qlima DD 208 - Luchtontvochtiger - Wit - Geschikt voor koude ruimtes - 8 L/Dag - Antivries,,Qlima,,"4,8",38,"270,99",Op voorraad,https://www.bol.com/nl/nl/p/qlima-dd-208-luchtontvochtiger-wit-geschikt-voor-koude-ruimtes-8-l-dag-antivries/9200000082767595/,16,"
DD 208: een echte probleemoplosser Een luchtontvochtiger die ook of eigenlijk júist goed presteert in de koudere ruimtes thuis? Dan moet je de Qlima DD 208 hebben. Deze luchtontvochtiger werkt goed bij élke temperatuur, dus ook in garages, kelders of andere frisse ruimtes. Dat is vrij uniek. Groot bijkomend voordeel: zodra dat vochtpercentage omlaag is gebracht, zul je zien dat de muffe lucht in de vochtige ruimte ook snel weg is. Dankzij de ingebouwde filters en ionisatiefunctie ontvochtig je niet alleen de lucht in huis, je verbetert ook de luchtkwaliteit. Presteert altijd, ook bij kou De meeste luchtontvochtigers werken met een compressor. Heel geschikt voor de leefruimtes in huis. In een ruimte waar het wat koeler is, functioneert zo’n compressor minder goed. De DD 208 heeft geen compressor maar werkt op silicagel. Daarmee is deze ook geschikt voor hele koude ruimtes waar de temperatuur slechts een paar graden is. De kelder bijvoorbeeld. Hij is geschikt voor ruimtes tot zo’n 30 m² en ontvochtigt tot 8 liter per dag.Dat lijkt misschien niet zo heel veel in vergelijking met de krachtige Qlima D 630P Smart of de Qlima D 620, maar waar die ontvochtigers (mét compressor) bij lagere temperaturen teruglopen in capaciteit, blijft 8 liter ook 8 liter bij de DD 208. Zit het waterreservoir vol? Dan krijg je een melding om hem te legen. Goed voor de ruimte, goed voor je spullen Andere ruimtes waar de DD 208 goed tot z’n recht komt? Een archief, een muziekkamer of een opslag waar je spullen niet vochtig mogen worden. Eigenlijk alle ruimtes waarin vocht een gevaar is dat je liever buiten de deur houdt. Het bijkomende voordeel is dat je deze ruimtes niet hoeft te verwarmen als je de luchtontvochtiger af en toe aanzet. Normaal zet je misschien de thermostaat aan, die kan nu uitblijven of een stuk lager worden gezet. Ook voor in huisjes en chalets Bijna alle ontvochtigers zijn bedoeld voor ruimtes waar je ook zelf verblijft, maar deze DD 208 doet z’n werk ook in een huis dat je niet primair bewoont. Denk aan een huisje, chalet of een (sta)caravan. De kachel staat daar minder vaak aan dan in een permanent bewoond huis. Dat betekent dat de ruimte minder goed droog wordt gehouden en sneller vochtig wordt. De DD208 haalt moeiteloos veel vocht uit de lucht en is ook hier de beste ontvochtiger voor koude kamers waar weinig gestookt wordt. Voordelen van de DD 208: de probleemoplosser  Een van de weinige ontvochtigers die ook bij lage temperaturen het werk doet Ontvochtigt tot 8 liter per dag in ruimtes tot 30 m² Geeft meldingen wanneer het waterreservoir vol zit Vooraf stel je het tijdstip in dat de unit begint met ontvochtigen dankzij de timerfunctie Op het display stel je eenvoudig je gewenste luchtvochtigheidsgraad in Heeft ingebouwde filters en ionisatiefunctie Verbruikt weinig energie met maar 0,65 kW per uur Wordt geleverd met een afvoerslang van 2 meter  Niet te vochtig, niet te droog: zo zit je goed Luchtvochtigheid drukken we uit in het percentage vocht dat zich in de lucht bevindt. Zelf kun je dit thuis makkelijk meten. Een (simpele) digitale hygrometer geeft het meest betrouwbare resultaat. Met een luchtvochtigheidsgehalte tussen de 40% en 60% zit je helemaal goed. Bij een percentage hoger dan 60% is de lucht in de ruimte te vochtig en dus een broedplaats voor schimmels. Gelukkig maak je hier met de Qlima ontvochtiger DD 208 snel een einde aan. Wist je dat een luchtontvochtiger… 1. …ook je wasgoed sneller droogt op dagen met veel vocht in de lucht? 2 …indirect ook bijdraagt aan een lagere energierekening? Vochtige lucht is veel lastiger te verwarmen dan drogere lucht. 3. …ook het einde betekent van rondkrioelende zilvervisjes? Die zijn namelijk vooral gek op een vochtige omgeving. 4. …ook prima te gebruiken is op een boot. Handig als je bedenkt dat boten tijdens de winterstalling een hoge vochtigheidsgraad hebben. 5. … ook de lucht een beetje reinigt? Vuil en stof blijft achter op het filter
"
42,Luchtontvochtiger - Extreem Stil - 350ml/dag - Geschikt voor Huis / Slaapkamer & Badkamer,,Exclusive by TW,,"4,4",29,"69,95",Op voorraad,https://www.bol.com/nl/nl/p/luchtontvochtiger-extreem-stil-350ml-dag-geschikt-voor-huis-slaapkamer-badkamer/9300000135269950/,9,"
Wil jij jouw meubels beschermen, allergenen tegengaan en vrijer kunnen ademen op een gemakkelijke en snelle wijze? De Exclusive by TW luchtontvochtiger pakt de vochtproblemen bij de bron aan! De ontvochtiger is speciaal ontworpen met de nieuwste technologie en het beschikt over de slimste sensoren, waardoor je automatisch vocht uit je woonkamer, kelder of slaapkamer verdwijnen. Dit zorgt ervoor dat je voor eens en altijd gedag kan zeggen tegen vochtplekken, klamme ruimtes en onnodige schimmel. Extra krachtig en compactDeze luxe dehumidifier verwijderd tot wel 350 ML aan vocht per dag en transformeert jouw ruimte tot een goed gereinigde oase. Daarnaast is de luchtontvochtiger van Exclusive by TW compact en licht van gewicht. Hierdoor kan je de luchtontvochtiger eenvoudig verplaatsen en opbergen. Ruim reservoirDe luchtontvochtiger is voorzien van een ruime watertank van 1000 ml zodat je het opvangbakje niet steeds leeg hoeft te gieten. Is de tank vol? Geen probleem, het apparaat schakelt zichzelf automatisch uit. Gooi de tank inhoudt leeg en klaar is kees! Jouw voordelen  Waterreservoir met een inhoudscapaciteit van 1 liter Verwijderd tot wel 350 ml vocht per dag Zeer gebruiksvriendelijk en handzaam Voorzien van de nieuwste technologie Laag energieverbruik Geruisloos en muisstil in gebruik Volledig automatisch vocht verwijderen uit je woonkamer, slaapkamer of kelder 7 sfeervolle LED Kleuren  Geruisloos en fluisterstilDeze reinigende ontvochtiger is uitgerust met een ingebouwde motor, welke weinig tot geen geluid maakt. Dit zorgt ervoor dat het volledig automatisch zijn werk doet zonder dat je tussentijds zal worden gestoord. Hierdoor hoeft je enkel het apparaat in de slaapkamer plaatsen zonder dat het je nachtrust zal verstoren. Voor ruimtes van 10m² tot 25m².Voor het beste resultaat plaats je de luchtontvochtiger in een ruimte tussen 10m² tot 25m². Gebruik hem dus in kleine ruimtes zoals de bijkeuken, maar ook in grotere ruimtes zoals de slaapkamer! De gewenste kamertemperatuur is tussen 8°C en 40°C. De luchtontvochtiger zal niet goed werken bij kamertemperaturen onder 5°C of onder 45% luchtvochtigheid. Er zit dan te weinig vocht in de lucht. Druk op ‘in winkelwagen’ en zeg gedag tegen vocht in je woonkamer, slaapkamer of kelder en geniet van een frisse lucht.
"
43,"Evolar EVO-DH1000 Luchtontvochtiger - Ontvochtigt 10L per Dag - Geschikt voor Woonkamer, Slaapkamer, Badkamer en Kelder - Fluisterstil - Wit",,Evolar,,"3,9",31,"139,95",Op voorraad,https://www.bol.com/nl/nl/p/evolar-evo-dh1000-luchtontvochtiger/9300000078633895/,16,"
Heb je last van een ademwegproblemen door een benauwde lucht in huis en wil je de lucht graag kunnen ontvochtigen? Of heb je misschien last van vocht- of schimmelplekken door een te hoge luchtvochtigheid? Als je de lucht in je huis wilt ontvochtigen is de Evolar EVO-DH1000 iets voor jou! De ontvochtiger zuigt zeer stil de vochtige lucht op. De lucht gaat vervolgens door het luchtfilter, het apparaat condenseert het en blaast vervolgens droge lucht weer uit. De ontvochtiger kan wel 10 liter water uit de lucht trekken per dag, waardoor jij weer kunt genieten van de ideale luchtvochtigheid! OmschrijvingDe luchtontvochtiger heeft een modern en strak design. Het apparaat is zeer gemakkelijk te verplaatsen aan de handgreep aan de bovenzijde en hij is voorzien van rubberen voetjes, zodat hij een goede grip met de grond heeft. Je kunt zelf het gewenste vochtgehalte in de kamer instellen van 30% tot 90%. De ontvochtiger is geschikt voor ruimtes tot 20m2. Dat betekent dat je een kleine woonkamer, een slaapkamer, een badkamer of was- en opslagruimtes binnen no time kunt ontvochtigen! En dat kan zelfs wanneer je slaapt, studeert of werkt, want apparaat is zeer stil met een geluidsniveau van slechts 42 decibel. Werking en gebruikDe ontvochtiger is te bedienen aan de hand van een display aan de bovenzijde van het apparaat. Op het display zitten vier drukknoppen die je kunt gebruiken om de ontvochtiger aan te zetten, de gewenste vochtgehalte in de kamer in te stellen en om de timer in te stellen. Naast de drukknoppen bevinden er zich ook LED-lampjes op de unit om aan te geven welke stand op dat moment aan staat. Zo geeft de ontvochtiger aan wanneer de timerstand, de compressorstand of de ontdooistand aanstaat. Ook geeft het apparaat aan wanneer de tank vol is, zodat je deze kunt legen. Het display geeft ook het huidige vochtgehalte in de ruimte weer. Indien het luchtfilter is vervuild, hoef je deze niet te vervangen. Je kunt hem schoonspoelen en schoonzuigen. Niet alleen erg gemakkelijk, maar ook nog eens duurzaam! Voordelen Verwijdert 10 liter vocht per dagDe Evolar EVO-DH1000 verwijdert wel 10 liter vocht uit de lucht in no time, waardoor je kunt genieten van een heerlijke luchtvochtigheid in je ruimte. Je hoeft nooit meer last te hebben van benauwdheid of last van vochtplekken in je huis.  Zeer stilHet apparaat is zeer stil, waardoor je hem gewoon aan kunt laten staan wanneer je wilt slapen of werken. Met 42 decibel is hij één van de stilste luchtontvochtigers die er zijn.  Handige timerfunctieDe luchtontvochtiger heeft een zeer handige timerfunctie, waarbij je een timer kunt laten aflopen. Je kunt daarbij de timer per uur instellen met een maximum van 24 uur. Specificaties: Timer: instelbaar van 1 tot 24 uur Voorzien van milieuvriendelijk R290 koelgas  Watertank 1,5 liter 2 jaar garantie Geschikt voor ruimtes tot 20m² Zeer stil geluidsniveau van 42 dB(A)
"
44,"Komodo Luchtontvochtiger - 12-16L per Dag - Slaapkamer, Badkamer, Huis",,Komodo,,"5,0",2,"139,95",Op voorraad,https://www.bol.com/nl/nl/p/komodo-luchtontvochtiger-en-luchtreiniger-12-16l-per-dag-slaapkamer-badkamer-huis-dehumidifier/9300000167669176/,5,"
Heb je ook last van te veel vocht? Te veel vocht kan snel leiden tot de groei van bacteriën en schimmels, en zelfs allergische reacties veroorzaken. Onze luchtontvochtiger is ontworpen om dit probleem aan te pakken. Met een ontvochtigingscapaciteit van wel 12 - 16 liter per dag en een verwijderbaar waterreservoir van 3,2 liter, is de Komodo luchtontvochtiger alles wat je nodig zult hebben. De luchtontvochtiger beschikt over een fluisterstille slaapstand met slechts … dB aan geluidsniveau, waardoor deze ideaal is voor de nacht. Door de kracht van … watt blijft het super energiezuinig. Dankzij de geavanceerde 360° Airflow-technologie wordt de hele ruimte effectief ontvochtigd. Met drie instelbare standen en een handige ingebouwde timerfunctie, heb je volop keuzemogelijkheden om de luchtvochtigheid te beheren. Belangrijke Voordelen - Ontvochtigt tot 12 - 16 liter per dag - Waterreservoir van 3,2Liter - 2-in-1 luchtreiniger- en ontvochtiger - 7 Verschillende Standen - Automatisch ontdooien - Timer Functie - Afvoer slang Ontvochtigt 12 - 16 liter per dag De luchtontvochtiger van Komodo kan 12 - 16 liter vocht per dag verwijderen. Met een uitneembare waterreservoir van 3,2 liter hoef je niet constant bezig te zijn met het legen ervan. 7 verschillende standen Met 7 verschillende standen heb je voor diverse omstandigheden een oplossing. Je hebt een krachtige stand, auto stand en een slaapstand. De kracht stand kan je nog verder aanpassen tot 3 verschillende standen en daarnaast heb je ook nog een eco stand. Timer Functie Dankzij de timerfunctie kun je een tijdsinterval van 8 tot 48 uur instellen. Na afloop schakelt de luchtontvochtiger automatisch uit. Het apparaat stopt ook als het waterreservoir vol is. 2-in-1 luchtreiniger- en ontvochtiger De luchtontvochtiger van Komodo maakt gebruik van de geavanceerde 360° Airflow-techniek om niet alleen vocht te verwijderen, maar ook schimmels, bacteriën en allergenen aan te pakken. De ingebouwde filter verwijdert stof en zuivert het water. LED-indicatie en display De geïntegreerde LED-indicatie toont nauwkeurig de actuele vochtigheidsgraad. Daarnaast word het ook weergegeven via drie verschillende kleuren (groen, geel en rood) wordt de vochtigheid weergegeven: groen voor optimaal, geel als het tijd is om te ontvochtigen en rood als er te veel vocht aanwezig is. Je kan de verschillende standen gemakkelijk selecteren via het led display. Muisstil De fluisterstille motor van de luchtontvochtiger zorgt voor onopvallende werking in jouw ruimte. Met de extra stille slaapstand, die slechts …dB geluid produceert, kun je het apparaat zelfs naast je bed plaatsen zonder je nachtrust te verstoren.
"
45,EUROM Drybest 20C Lucht ontvochtiger Luchtontvochtiger 20ltr/24u 220W,,Eurom,,"4,5",44,"198,71",Op voorraad,https://www.bol.com/nl/nl/p/eurom-drybest-20c-lucht-ontvochtiger-luchtontvochtiger-20ltr-24u-220w/9200000048055977/,10,"
Bijzondere kenmerkenSignaal bij volle watertankHygrostaatContinue drain mogelijkheidSpecificatiesLamp: 380 WattOntvochtigen: 20l/24hWatertank: 5LTimer: 0-24 uurLuchtverplaatsing: 180 m3/hKoelmiddel: R290Geluidsniveau (DBA): 47Wielen: JaElektrokabel: 1,8 mOmkasting: KunststofAfmetingen: 24,5 x 28 x 51 cmGewicht: 11,5 kgAansluitspanning: 220-240 V / 50 Hz
"
46,Bison Vochtvreter - 2 keer navulling,,Bison,,"3,3",75,"12,95",Op voorraad,https://www.bol.com/nl/nl/p/bison-vochtvreter-2-keer-navulling/9200000119867087/,7,"
    De Bison Vochtvreter Original is geschikt om de vochtigheid te bestrijden in ruimtes met weinig of geen ventilatie.Waar is het artikel voor geschikt?De Bison Vochtvreter Orginal gaat condens, vocht en muffe geurtjes tegen in afgesloten ruimtes, waar weinig toch geen ventilatie is zoals in caravan, schuurtjes, kelders, opslagruimtes etc.De voordelen van de Bison Vochtvreter Original:Pluspunten Bestrijdt muffe geurtjes.Pluspunten Schoon en makkelijk in gebruik.Pluspunten Beschermt je waardevolle spullen tegen vocht.Pluspunten Alle Vochtvreter navullingen passen in deze Vochtvreter.Pluspunten Kost geen energie.Hoe lang gaat de Bison Vochtvreter Original mee?450gr werkt ca. 3 maanden in een ruimte tot ca. 45 m³ en neemt ca. 450 ml water op, afhankelijk van temperatuur, luchtvochtigheid en grootte van de ruimte.Tips & tricks:• Zorg ervoor dat je de Vochtvreter op een vlakke en stabiele ondergrond zet.• Als je de vloeistof morst, kan dit vlekken veroorzaken. Mocht dit gebeuren, maak het dan gelijk schoon met veel water. Dep de vloeistof zoveel mogelijk op en herhaal als dit nodig is. Contact met leer, hout, natuursteen en metaal vermijden; deze materialen kunnen worden aangetast.• Bij lage temperaturen werkt Vochtvreter® langzamer en kan klontvorming ontstaan. Bij verhoging van de temperatuur zal de werking weer versnellen.Wat zit er in de verpakking?• de Bison Vochtvreter Orginal 450gr.• 2 x 450gr om na te vullen.Technische Specificaties:- Basisgrondstof: Calciumchloride.- Kleur: wit.- Waterabsorptie: ca. 1 gram water per gram zout.- Opslagcondities: minimaal 24 maanden na productie.
  "
47,Lanedo - Luchtontvochtiger en Luchtreiniger - 2L - Dehumidifier - 50m2 bereik - Luchtontvochtiger Slaapkamer - Energiezuinig - Luchtontvochtiger Badkamer,,Lanedo,,"5,0",1,"119,95",Op voorraad,https://www.bol.com/nl/nl/p/lanedo-luchtontvochtiger-en-luchtreiniger-grote-watertank-2-2l-650ml-day-dehumidifier-50m2-bereik-luchtontvochtiger-badkamer-luchtontvochtiger-slaapkamer-energiezuinig/9300000170244880/,14,"
Jouw ultieme bondgenoot voor een comfortabele en gezonde leefomgeving. Deze compacte krachtpatser is niet alleen meesterlijk in het verwijderen van vocht, maar excelleert ook in het effectief drogen van de lucht en het reguleren van de vochtigheid in jouw leefruimte. Zeg vaarwel tegen schimmel en meeldauw, want deze luchtontvochtiger werkt als een schild voor een gezondere omgeving. Verhoog bovendien het comfort in jouw huis of kantoor, en voorkom dat de lucht onaangenaam klam wordt. Voordelen  Grote watercapaciteit van 2 liter. 450/ML per dag Auto Restart functie voor ononderbroken werking. Automatische uitschakeling bij volle emmer en indicatorlampje. Voorkomt de groei van schimmel en meeldauw. Verhoogt het comfort door het verwijderen van overtollig vocht. Helpt ademhalingssymptomen te verlichten. Beschermt persoonlijke spullen tegen vochtschade. LED display voor gebruiksgemak. Verwijderbare waterbak voor eenvoudig onderhoud.  Dankzij de functie voor automatische uitschakeling bij een volle emmer en het indicatorlampje voor een volle emmer, hoeft u zich nooit zorgen te maken over overvulling. Behalve het verbeteren van de luchtkwaliteit en het verhogen van het comfort, draagt deze luchtontvochtiger ook bij aan de gezondheid van de gebruikers. Door de vochtigheid in de lucht te verminderen, kan het de symptomen van ademhalingsproblemen zoals astma helpen verlichten. Tegelijkertijd beschermt het apparaat uw waardevolle spullen door te voorkomen dat overmatig vocht schade aan meubels, kleding en andere persoonlijke bezittingen veroorzaakt. De luchtontvochtiger heeft ook een LED display voor het gemakkelijk bekijken en wijzigen van instellingen. De apparatuur is ook voorzien van een verwijderbare waterbak voor eenvoudige reiniging Luchtzuivering  Huisstofmijt Bacteriën & Virussen Fijnstof Fijnstof van Houtkachels Schimmels & Huisstofmijt Rooklucht & nare geurtjes Pollen Honden & katten geur Nare geurtjes  Bedieningsinstructies  Haal het AC-stroomsnoer uit de verpakking en steek het in de stroomingangspoort van de ontvochtiger. Sluit het product aan op de stroomvoorziening en het LED-display zal oplichten.  Tik op de aan/uit toets om het apparaat aan te zetten. Na het inschakelen, staat het standaard op de lage ontvochtigingsmodus. Het licht is ook standaard aan (kleurgradiënt). Tik nogmaals om het apparaat uit te zetten. Tik zachtjes op de modusknop om de hoge ontvochtigingsmodus / lage ontvochtigingsmodus / luchtvochtigheidsdisplay te wisselen. Als het licht niet uitgeschakeld is, zullen beide modus bij het wisselen van versnelling standaard het licht aanzetten. Het LED-scherm geeft de lage ontvochtigingsmodus weer: L1.Hoge ontvochtiging: L2. Na het omschakelen naar het luchtvochtigheidsdisplay, schakelt het binnen 30 seconden terug naar de huidige versnelling.  Tik op de lichtknop om het apparaat aan te zetten, en het licht in de watertank zal oplichten in een zeven kleuren gradiënt (kleur verandert willekeurig). Tik er nogmaals op om het licht uit te zetten. Tik op de intelligente ontvochtigingstoets om de intelligente ontvochtigingsmodus in te schakelen. Als de modus aan is, blijft het RH-pictogram aan. Tik nogmaals om de intelligente ontvochtigingsmodus uit te schakelen, het RH-pictogram zal verdwijnen. Intelligente ontvochtigingsmodus. In deze modus wordt de ontvochtiger intelligent gestuurd om aan/uit te schakelen door temperatuur- en vochtigheidssensoriek. Wanneer gedetecteerd wordt dat de omgevingstemperatuur boven de 22 graden Celsius is en de luchtvochtigheid boven de 50% is, zal het apparaat automatisch starten en automatisch stoppen. Wanneer de temperatuur onder de 20 graden Celsius is en de luchtvochtigheid boven de 60% is, zal het automatisch starten met ontvochtigen. En wanneer het onder de 60% is, zal het apparaat automatisch stoppen. Tik zachtjes op de timerknop om de timer in te schakelen. Daarna, klik op de knop om te kiezen voor 02-04-06-08-12H. Houd de key 2 seconden ingedrukt om de timer te annuleren. Nadat de timer is ingesteld, blijft het H-pictogram aan staan. Na het annuleren van de timer, zal het H-pictogram verdwijnen. Het apparaat zal automatisch uitschakelen na 24 uur zonder enige bediening (als de timer niet is ingeschakeld). Tik op de slaapknop om de slaapmodus in te schakelen. Daarna zal het LED-digitaal scherm de slaapknop weergeven. In de slaapmodus wordt de lamp standaard uitgeschakeld en het scherm uitzetting uitgeschakeld. Het zal op een laag vermogen werken. Als de watertank vol is, zal het LED-scherm knipperen, de lamp wordt rood en blijft branden, en het apparaat stopt met werken. Op dit moment is het noodzakelijk om de watertank te verwijderen en schoon te maken, en daarna weer in het apparaat te plaatsen. Voordat de watertank wordt verwijderd, moet het apparaat worden uitgeschakeld.  De effectiviteit van deze ontvochtiger is gerelateerd aan de temperatuur, luchtvochtigheid en grootte van de kamer. Hoe vochtiger, hoe beter het effect. Hoe kleiner de kamer, hoe beter het effect. Wanneer u de ontvochtiger in de winter gebruikt, zorg er dan voor dat de kamer voldoende temperatuur heeft, dit kan helpen om de ontvochtiger beter te laten werken. Als de luchttemperatuur lager is dan 15, zal de automatische ontdooifunctie geactiveerd worden en zal de ontvochtigingscapaciteit verminderen. 100% Geld terug garantie Ben je niet helemaal tevreden? dan mag je het product binnen 30 dagen kosteloos retourneren. Wij zorgen dat je het volledige aankoopbedrag terug ontvangt. Heb je een vraag? neem gerust contact op.
"
48,Clean Air Optima® CA-702 Smart - 2in1 Luchtontvochtiger en Luchtreiniger - 5 liter/dag - 5 voudige filtertechnologie - Ultrastille werking,,Clean Air Optima,,"4,5",12,"179,-",Op voorraad,https://www.bol.com/nl/nl/p/clean-air-optima-ca-702-smart-2in1-luchtontvochtiger-en-luchtreiniger-5-liter-dag-5-voudige-filtertechnologie-ultrastille-werking/9300000164824414/,14,"
De nieuwe slimme 2in1 Luchtontvochtiger & Luchtreiniger CA-702 Smart van Clean Air Optima®!  2 in1: Luchtontvochtigen en Luchtreinigen  Ontvochtigingscapaciteit tot 5 liter / dag Werkt preventief tegen schimmelvorming, roest en schade door vocht Vijf filtertechnologieën voor effectieve luchtreiniging Ondersteuning wasdroging Ultrastille werking Eenvoudige bediening: Handmatig of via de Clean Air Optima® App Geschikt voor ruimtes tot 20m²/50m³  Multifunctionele luchtontvochtiger CA-702 Smart voor een optimaal binnenklimaat Geschikt voor ruimtes tot 20m² / 50m³ / 215ft² - Ontvochtigingscapaciteit 5 liter per dag (30°C / Rv80%)Voor een optimaal binnenklimaat is de luchtvochtigheid doorslaggevend. De door medisch specialisten geadviseerde, optimale luchtvochtigheid in gesloten ruimtes ligt in het bereik van 40 tot 60% relatieve luchtvochtigheid.Is de lucht in binnenruimtes te vochtig, dan kan de luchtkwaliteit door schimmelsporen, allergenen en ademweg problemen sterk nadelig beïnvloedt worden.Optimale luchtvochtigheid essentieel voor gezondheid en schadepreventieDe multifunctionele luchtontvochtiger CA-702 Smart van Clean Air Optima® geeft schimmelvorming door een te hoge luchtvochtigheid geen kans. Door de 5-voudige filtertechniek zuivert de CA-702 Smart praktisch alle ongewenste stoffen, geuren en micro-organismen uit de binnenlucht.Door de ontvochtigingscapaciteit van 5 liter per dag (bij 30°C en 80% relatieve luchtvochtigheid) is de luchtontvochtiger CA-702 met voorfilter, actief koolstoffilter, TRUE HEPA filter, ionisator en UV-C licht voor luchtreiniging, geschikt voor binnenruimtes tot 20m²/50m³. Het unieke ontwerp van de luchtontvochtiger CA-702 Smart combineert effectieve luchtontvochtiging met krachtige luchtreiniging, een elegant design, hoge functionaliteit en duurzaamheid als belangrijkste kenmerken.De veelzijdige Clean Air Optima® CA-702 Smart luchtontvochtiger met krachtige luchtreiniging, is compact, geluidsarm en zeer effectief. Inzetbaar bij temperaturen tussen de 5°C - 32°C en een relatieve luchtvochtigheid hoger dan 35%. Het automatische programma maakt gebruik mogelijk in ruimtes zonder direct toezicht. Door elegant design en kleurstelling toepasbaar in elk interieur. Geschikt voor gebruik in de kleinere woonruimte en kantoor, wasruimte, droogruimte, fitnessruimte, magazijn, camper, caravan etc. Luchtontvochtiger CA-702 Smart: een vier jaargetijden systeemMet de 2in1 functie voor luchtontvochtiging en luchtreiniging zorgt de CA-702 Smart het hele jaar door voor een optimaal binnenklimaat. Wanneer de ingestelde relatieve luchtvochtigheid is bereikt, stopt de ontvochtiging maar de luchtreiniging blijft actief. Met de continu luchtreinigingsfunctie bevrijdt de multifunctionele Clean Air Optima® CA-702 Smart het gehele jaar de binnenlucht van allergenen, schimmelsporen, hinderlijke dierharen, pollen, (fijn)stof en geuren. Binnenlucht ontvochtigen door condensatie techniekDe compacte en supersterke Clean Air Optima® condensatie - luchtontvochtiger CA-702 Smart met 2in1 systeem voor luchtontvochtigen en luchtreinigen onttrekt aan binnenruimtes tot 20m²/50m³ het overtollige vocht met een capaciteit tot 5 liter / dag (30°C/Rv80%) en beschermt actief voor het ontstaan van schimmelvorming, vlekken, corrosie en moddergeur. Daardoor word ook de bouwsubstantie en nog belangrijker uw gezondheid beschermd.De condensatiedroger is het type luchtontvochtiger dat het meest gebruikt wordt en de CA-702 Smart kan ingezet worden in een groot temperatuurbereik tussen de 5 en 32°C. Deze effectieve luchtontvochtiger is uitgerust met een compressor die de vochtige binnenlucht langs een koelelement geleid. Vochtige omgevingslucht wordt op deze wijze in zeer korte tijd afgekoeld. Het vocht in de lucht condenseert omdat lucht bij een lage temperatuur minder vocht kan bevatten. Het condensvocht wordt opgevangen in de watertank en kan direct worden afgevoerd door aansluiting van de meegeleverde afvoerslang. Vijf filtertechnologieën voor effectieve luchtreiniging1. VoorfilterVoorfilter vangt grote stofdeeltjes zoals: pluisjes, haren en huidschilfers van huisdieren.2. Actief KoolstoffilterActiefkool neutraliseert rook, chemicaliën, gassen en geuren, voorkomt de groei van bacteriën, virussen en schimmels.3. TRUE HEPA H13 filter met nano zilver coatingZuivert 99,97% van alle zweefstoffen tot 0,3 micrometer (0,3 µm) uit de lucht. Het HEPA filter is het meest effectieve luchtfilter voor het verwijderen van:• (fijn)stof, sigarettenrook, pollen• allergenen• alle andere vaste deeltjesDe antibacteriële laag van nano zilver coating op het filter elimineert bacteriën en schimmels. 4. UV-C LampHet ultraviolette licht van de permanente lamp (UV-C straling) met een golflente van 254nm, doodt gezondheidsschadelijke micro-organismen zoals: kiemen, virussen, schimmels (schimmelsporen) en bacteriën. 5. IonisatorCapaciteit > 3.000.000 negatieve ionen / cm³ die in de gehele ruimte verspreid worden en daardoor schadelijke stoffen en geuren neutraliseren. De ionisator produceert negatieve ionen voor het reinigen van de binnenlucht en het verrijken met actief zuurstof. Onaangename geuren worden geneutraliseerd en schadelijke stoffen uit de lucht gezuiverd. Negatieve ionen hebben bovendien een sterke antistatische werking. Ingebouwde hygrostaat voor automatische luchtontvochtigingDe Clean Air Optima® condensatie - luchtontvochtiger CA-702 Smart is voorzien van een ingebouwde hygrostaat voor het meten, controleren en automatisch regelen van de relatieve luchtvochtigheid. Praktische handgreepDe Clean Air Optima® condensatie - luchtontvochtiger CA-702 Smart is voorzien van een stevige, leren handgreep. Door middel van deze praktische handgreep kan de ontvochiger makkelijk verplaatst worden van de ene naar de andere ruimte. Watertank en permanente waterafvoerDe luchtontvochtiger schakelt automatisch uit bij volle watertank met LED signaal in de display. De watertank van de luchtontvochtiger CA-702 Smart heeft een inhoud van 1.5 liter. De tank is makkelijk uitneembaar vanuit de voorzijde.Het condensvocht dat wordt opgevangen in de watertank, kan ook direct worden afgevoerd door aansluiting van de meegeleverde afvoerslang. Hierdoor is de luchtontvochtiger CA-702 Smart geschikt voor continubedrijf en gebruik zonder toezicht. WasdrogingDe Clean Air Optima® luchtontvochtiger CA-702 Smart met 2in1 systeem voor luchtontvochtiging en luchtreiniging ondersteunt de droging van uw was. De hoge ontvochtigingscapaciteit met hoge ventilatorsnelheid zorgt voor een goede luchtcirculatie in de wasruimte.Het voorfilter en TRUE HEPA H13 filter met nano zilver coating vangt grote stofdeeltjes zoals stofvezels en pluisjes uit de wasruimte en het actiefkoolstoffilter neutraliseert geuren.De door de ionisator tijdens de wasdroging geproduceerde negatieve ionen hebben bovendien een sterke antistatische werking hetgeen zich positief uitwerkt bij wasdroging. Automatische ontdooifunctie en herstartDe Clean Air Optima® condensatie - luchtontvochtiger CA-702 Smart beschikt over een automatisch werkende ontdooi functie. Zodra de sensor een temperatuur onder de ingestelde waarde signaleert start automatisch het ontdooien en stopt ook automatisch indien gereed. Bij het ontdooiproces wordt de verdamper weer ijsvrij gemaakt door het koelproces stop te zetten en de ventilator te laten draaien, waardoor het ijs smelt. Bij herstart vervolgt de luchtontvochtiger automatisch zijn werking met behoud van de instellingen. Eenvoudige bediening: Via het bedieningspaneel en/of met de Clean Air Optima® AppHet overzichtelijke digitale bedienpaneel op de voorzijde van de luchtontvochtiger is voorzien van tiptoetsen voor het eenvoudig selecteren van de gewenste instellingen.Instelmogelijkheden van de luchtontvochtiger CA-702 Smart• Met de hygrostaat stel je zelf de gewenste luchtvochtigheid in (instelbaar tussen 35 - 80%)• Mode-knop voor het instellen van het gewenste programma (Luchtontvochtiging, Luchtreiniging)• Ionisator en UV-C lamp in- en uitschakelen• Weekprogrammering en in- en uitschakelmoment 0 - 24 uur (via de App instelbaar)Luchtontvochtiger display weergave• Actuele luchtvochtigheid• Indicatorlampje voor ontvochtiging• Indicatorlampje voor luchtreiniging• Indicatorlampje voor watertank vol• 0-24 uur timerDe functies zijn instelbaar via het digitale bedienpaneel en/of de Clean Air Optima® App. Vervangen van filtersDe Clean Air Optima CA-702 Smart is uitgerust met een bewakingsmechanisme voor de levensduur van het filter, dat aangeeft dat het filter (HEPA + Actief Koolstoffilter) na 400 werkuren moet worden vervangen. Om aan te geven dat het filter moet worden vervangen, begint het controlelampje dubbel nul (00) van de luchtontvochtiger te knipperen. Reset de timer voor filtervervanging door de vochtigheidinstelling-knop ongeveer 3 - 5 seconden ingedrukt te houden. Als het controlelampje uitgaat, is de timer met succes gereset.Vervanging Actief Koolstoffilter + TRUE HEPA H13 Filter na 2-3 maanden.
"
49,Clean Air Optima® CA-707 - 2in1 Luchtontvochtiger en Luchtreiniger - 20 liter/dag - Automatische ontvochtiging - 5 voudige filtertechnologie - Bijzonder geluidsarm,,Clean Air Optima,,"4,6",157,"379,-",Op voorraad,https://www.bol.com/nl/nl/p/clean-air-optima-ca-707-2in1-luchtontvochtiger-en-luchtreiniger-20-liter-dag-automatische-ontvochtiging-5-voudige-filtertechnologie-bijzonder-geluidsarm/9200000063560388/,12,"
 2 in 1: Luchtontvochtiger & luchtreiniger Clean Air Optima® CA-707• Ontvochtigingscapaciteit tot 20 liter / dag• Werkt preventief tegen schimmelvorming, roest en schade door vocht• Vijf filtertechnologieën voor effectieve luchtreiniging• Ondersteuning wasdroging• Ultrastille werking• Geschikt voor ruimtes tot: 70m²/175m³Multifunctionele luchtontvochtiger CA-707 voor een optimaal binnenklimaatVoor een optimaal binnenklimaat is de luchtvochtigheid doorslaggevend. De door medisch specialisten geadviseerde optimale luchtvochtigheid in gesloten ruimtes ligt in het bereik van 40 tot 60% relatieve luchtvochtigheid.Is de lucht in binnenruimtes te vochtig dan kan de levenskwaliteit door schimmelsporen, allergenen en ademweg problemen sterk nadelig beïnvloedt worden.Optimale luchtvochtigheid essentieel voor gezondheid en schadepreventieToepassing van de multifunctionele Clean Air Optima luchtontvochtiger CA-707 met 2in1 systeem voor luchtontvochtiging & luchtreiniging werkt preventief ter voorkoming van hoge luchtvochtigheid en allesvernietigende corrosie, schadelijke condensatie, ijs- en schimmelvorming, verhindert ongewenste bacteriegroei, reduceert geuroverdracht en is effectief voor bouwdroging bij bestaande of nieuwbouw. 
De krachtige Clean Air Optima condensatie - luchtontvochtiger CA-707 bind de strijd aan met roest en schimmel!Naast de indamming van schimmelsporen bevrijdt deze multifunctionele luchtontvochtiger CA-707 van Clean Air Optima de binnenlucht van lastige dierharen, pollen en stof door de geïntegreerde continu werkende en zeer effectieve luchtreiniger functie met vijfvoudige filtertechniek.Allergie patiënten kunnen eindelijk weer gezond doorademen!Door de slanke, getailleerde belijning in het exclusieve design en de neutrale kleurstelling past deze compacte ontvochtiger in elk interieur.De Clean Air Optima condensatie - luchtontvochtiger CA-707 is door de ingebouwde hygrostaat geschikt voor automatische luchtontvochtiging. Enkel de gewenste luchtvochtigheid instellen en deze efficiënte luchtontvochtiger doet de rest.Luchtontvochtiger CA-707: een vier jaargetijden systeemMet de 2in1 functie voor luchtontvochtiging en luchtreiniging zorgt de CA-707 het hele jaar door voor een optimaal binnenklimaat: Wanneer de ingestelde relatieve luchtvochtigheid is bereikt stopt de ontvochtiging, maar de luchtreiniging blijft actief. Met de continu luchtreiniger functie bevrijdt de multifunctionele Clean Air Optima CA-707 het hele jaar door de binnenlucht van allergenen, schimmelsporen, lastige dierharen, pollen stof en geuren. Binnenlucht ontvochtigen door condensatie techniekDe compacte en supersterke Clean Air Optima condensatie - luchtontvochtiger CA-707 met 2in1 systeem voor luchtontvochtigen en luchtreinigen onttrekt aan binnenruimtes tot 70m²/175m³ het overtollige vocht met een capaciteit tot 20 liter / dag (30°C/Rv80%) en beschermt actief voor het ontstaan van schimmelvorming, vlekken, corrosie en moddergeur. Daardoor word ook de bouwsubstantie en nog belangrijker uw gezondheid beschermd.De condensatiedroger is het type luchtontvochtiger dat het meest gebruikt wordt en de CA-707 kan ingezet worden in een groot temperatuurbereik tussen de 5 en 32°C.Vijf filtertechnologieën voor effectieve luchtreiniging1. VoorfilterVoorfilter vangt grote stofdeeltjes zoals: pluisjes, haren en huidschilfers van huisdieren.2. Actief KoolstoffilterActiefkool neutraliseert rook, chemicaliën, gassen en geuren, voorkomt de groei van bacteriën, virussen en schimmels3. TRUE HEPA H13 filter met nano zilver coating Zuivert 99,97% van alle zweefstoffen tot 0,3 micrometer (0,3 µm) uit de lucht. Het HEPA filter is het meest effectieve luchtfilter voor het verwijderen van: • (fijn)stof, sigarettenrook, pollen• allergenen• alle andere vaste deeltjesDe antibacteriële laag van nano zilver coating op het filter elimineert bacteriën en schimmels. 4. UV lampHet ultraviolette licht van de permanente lamp (UV-C straling) met een golflente van 254nm doodt gezondheidsschadelijke micro-organismen zoals: kiemen, virussen, schimmels (schimmelsporen) en bacteriën. Van al het licht heeft UV licht de hoogste frequentie, de kortste golflengte en bevat daardoor de hoogste hoeveelheid aan energie die door haar straling de buitenzijde membraam van het organisme doorboort en de DNA vernietigt. Met wereldwijd duizenden geïnstalleerde apparaten van dit type heeft de geïntegreerde UV – technologie bewezen, dat UV straling hoogeffectief is tegen pathogene virussen, bacteriën en eencellige. Door de toepassing van UV licht kunnen microbiologische inactiverende percentages van 99,99% en hoger bereikt worden.5. IonisatorCapaciteit 3.000.000 negatieve ionen / cm³ die in de gehele ruimte verspreid worden en daardoor schadelijke stoffen en geuren neutraliseren. De ionisator produceert negatieve ionen voor het reinigen van de binnenlucht en het verrijken met actief zuurstof. Onaangename geuren worden geneutraliseerd en schadelijke stoffen uit de lucht gezuiverd. Negatieve ionen hebben bovendien een sterke antistatische werking.Ingebouwde hygrostaat voor automatische luchtontvochtiging. Kleurenmonitor voor aanduiding relatieve luchtvochtigheid.De Clean Air Optima condensatie - luchtontvochtiger CA-707 is voorzien van een ingebouwde hygrostaat voor het meten, controleren en automatisch regelen van de relatieve luchtvochtigheid. De gewenste luchtvochtigheid kan ingesteld worden tussen 35 en 80% relatieve luchtvochtigheid. Deze luchtontvochtiger is standaard voorgeprogrammeerd op het bereiken van de door medici geadviseerde optimale relatieve luchtvochtigheid van 55%. Bij instelling van de minimum te bereiken waarde van 35% volgt continubedrijf, waarbij het apparaat pas stopt bij de automatische afslag door een volle watertank.
 Het doordachte design communiceert de luchtvochtigheid ook via de ronde kleurenmonitor aan de voorzijde van het apparaat.BLAUW = droge lucht bereik = <53%GROEN = aangenaam bereik = 53% - 68%ROOD = hoge relatieve luchtvochtigheid = >68% Kenmerken en voordelen• Automatische ontvochtiging op programma door ingebouwde hygrostaat• Inclusief afvoerslang 10mm rond en 1 meter lang voor continu waterafvoer• Werkt preventief tegen schimmelvorming, roest en schade door vocht• Verwijdert muffe geuren• Groot temperatuur inzetbereik van 5 °C tot 32 °C 
 Vijf filtertechnologieën voor effectieve luchtreiniging:1. Voorfilter vangt grote stofdeeltjes en pluizen2. Actiefkoolstoffilter neutraliseert geuren en gassen3. TRUE HEPA H13 filter met nano zilver coating zuivert 99,97% van alle zweefstoffentot 0,3 micron (0,3 µm) uit de lucht 4. Permanente UV lamp elimineert kiemen, virussen, schimmels en bacteriën5. Ionisator reinigt en verfrist de binnenlucht met 3.000.000 neg.ionen/cm³• Oscillatieklep met swingfunctie voor ondersteuning luchtcirculatie• Ondersteunt wasdroging• Elegant en compact design• Comfortabele bediening door ingebouwde hygrostaat• LED functieaanduiding• Bediening door tiptoetsen in het display• Stopt automatisch met LED signaal bij volle tank• Timer voor in / uitschakelmoment apparaat (0-24h) • 3 Standen regelbare ventilator• sensor gestuurde ontdooi functie• Automatische herstart na ontdooien of stroomonderbreking• Geschikt voor continu gebruik zonder toezicht• Gemakkelijk te verplaatsen door praktische handgreep en robuuste wieltjes• Praktisch onderhoudsvrij!• Eenvoudige filterreiniging: permanent voorfilter 2x per maand stofzuigen• Actiefkoolstoffilter na 3 - 6 maanden vervangen• TRUE HEPA H13 filter met nano zilver coating na 3 - 6 maanden vervangen • Bijzonder geluidsarm• Laag energieverbruik• 365 Watt ventilator hoog en 270 Watt ventilator laag• Optimale prijs / prestatieverhouding 
 Toepassingsvoorbeelden Door de slanke, getailleerde belijning in het exclusieve design, de neutrale kleurstelling in ivoorwit / zwart en de stille werking is de compacte luchtontvochtiger en luchtreiniger CA-707 inzetbaar in elk interieur. De elektrische ontvochtiger CA-707 is geschikt voor het verwijderen van vocht in de woon- en slaapkamer, kinderkamer, kantoren, openbare gebouwen, sport - en fitnesscentrum, wellnessruimte, bedrijfsruimtes, woonboerderijen, industrie, opslagruimten of musea en is geschikt voor wasdrogen, gebruik in vakantiewoningen, campers en caravans. 
 Vervangen van filtersDe Clean Air Optima CA-707 is uitgerust met een bewakingsmechanisme voor de levensduur van het filter, dat aangeeft dat het filter (HEPA + Actief Koolstoffilter) na 500 werkuren moet worden vervangen. Om aan te geven dat het filter moet worden vervangen, begint het controlelampje dubbel nul van de luchtontvochtiger te knipperen. Reset de timer voor het filter door de droge kleding knop (Laundry Mode) ongeveer 3 seconden ingedrukt te houden. Als het controlelampje uitgaat, is de timer met succes gereset.Vervanging Actief Koolstoffilter + True HEPA H13 Filter na 3-6 maanden. 
"
50,"JAP Enivio D9 - Luchtontvochtiger met filter - 12 l/dag - Hygrostaat - 2in1 Luchtreiniger voor in huis - Slaapkamer, badkamer en kelder",,JAP Appliances,,"4,8",13,"199,95",Op voorraad,https://www.bol.com/nl/nl/p/jap-enivio-d9-luchtontvochtiger-met-filter-12-l-dag-hygrostaat-2in1-luchtreiniger-voor-in-huis-slaapkamer-badkamer-en-kelder/9300000143545497/,12,"
  Heb je last van vocht in jouw huis dat kan resulteren in schimmelvorming? Ga dit dan tegen met de JAP Enivio D9. Je hebt de ontvochtiging volledig onder controle, en kunt zelf het gewenste vochtgehalte in de kamer instellen. JAP Enivio D9 ✓ Dankzij de geluidsarme werking overal op ieder moment van de dag te gebruiken✓ Voorzien van een ontvochtigingsvermogen van 12 l/dag, schakelt zichzelf uit✓ Vervuiling in de lucht wordt tot wel 99,97% gereinigd✓ Uitgerust met een afvoerslang zodat het water continu weg kan lopen✓ Kan worden ingesteld op de gewenste luchtvochtigheid en een timer Geruisloos De geluidsarme werking laat het toe om de luchtontvochtiger overal op ieder moment van de dag te kunnen gebruiken. De ontvochtiger is perfect voor kamers tot 30 m2, zoals op kantoor, de woonkamer en dus ook de slaapkamer. Snelheidsniveaus Gebruik de luchtontvochtiger in drie verschillende snelheden afgestemd op de ruimte en situatie. Een hoge snelheid voor een grote kamer met veel vocht en een lage snelheid voor bijvoorbeeld de slaapkamer in nachturen. Groot reservoir De ontvochtiger beschikt over een uitneembare watertank met een grote capaciteit van 3,2 l. Je hoeft daardoor niet constant het reservoir te legen. Wanneer het waterreservoir vol zit schakelt de luchtontvochtiger zichtzelf uit. Veelzijdig De ontvochtiger is voorzien van een hoog ontvochtigingsvermogen van 12 l/dag. Het vermindert de vochtigheidsconcentratie, verhoogt het welzijn en voorkomt schimmel, aantasting van het meubileur en andere vochtproblemen. Reinigt lucht Er zit veel vervuiling in de lucht zoals stof, pollen en rook. De uitnaambare HEPA filter neemt tot wel 99,97% van deze fijne deeltjes op. Ook worden allergieën en bacteriën verminderd en voorkomen. Volledige controle De luchtontvochtiger kan worden ingesteld op de gewenste luchtvochtigheid. De ontvochtiger start de werking en stopt pas als de ingestelde luchtvochtigheid bereikt is. Ook kan er gebruik worden gemaakt van een timer. Continue afvoer Uitgerust met een afvoerslang zodat het water continu weg kan lopen. Handmatig legen van de watertank is niet langer nodig. Sluit alleen de slang aan op de ontvochtiger, en de permanente afvoer gaat van start. Eenvoudig te verplaatsen De luchtontvochtiger heeft een ergonomisch transporthandvat om hem gemakkelijk te kunnen verplaatsen en op te bergen. Wat zit er in de doos? De JAP Bionic Purifier Enivio D9De HEPA-filterDe afvoerslangDe handleiding Specificaties  Merk: JAP Appliances Materiaal behuizing: Kunststof Kleur: Zwart Afwerking: Mat Gewicht product: 12 kg Gewicht verpakking: 13,2 kg Afmetingen product: 29,5 x 29,5 x 56 cm Afmetingen verpakking: 340 x 340 x 620 mm Snoerlengte: 1,5 m Spanning: 220-240 V, 50 Hz Vermogen: 158 W Afneembare waterreservoir: Ja CADR-waarde: 120 m³/h Gaat automatisch aan en uit: Ja Geschikt voor ruimte tot: 30 m² Hygrometer: Ja Inhoud waterreservoir: 3,2 l Instelbare vochtigheidsgraad: Ja Kind veilig: Ja Nachtmodus: Ja Timer: Ja Type luchtontvochtiger: Compressor Type reiniging: HEPA filter, koolstoffilter  JAP Appliances Een merk van de tijd met een kijk naar de toekomst. De producten worden in Nederland gedesignd. Jouw behoeftes staan bovenaan en zijn de drijfveer voor het uiterste resultaat.  
"
51,Clean Air Optima® CA-705 Smart - 2in1 Luchtontvochtiger en Luchtreiniger - 16 liter/dag - 5 voudige filtertechnologie,,Clean Air Optima,,"4,3",34,"319,-",,https://www.bol.com/nl/nl/p/clean-air-optima-ca-705-smart-2in1-luchtontvochtiger-en-luchtreiniger-16-liter-dag-5-voudige-filtertechnologie/9300000083434670/,12,"
De nieuwe slimme 2in1 Luchtontvochtiger & Luchtreiniger CA-705 Smart van Clean Air Optima®!  2 in1: Luchtontvochtigen en Luchtreinigen  Ontvochtigingscapaciteit tot 16 liter / dag Werkt preventief tegen schimmelvorming, roest en schade door vocht Vijf filtertechnologieën voor effectieve luchtreiniging Ondersteuning wasdroging Geruisarme werking <38 dB(A) laag Eenvoudige bediening: Handmatig of via de Clean Air Optima® App Geschikt voor ruimtes tot 50m²/125m³  Multifunctionele luchtontvochtiger CA-705 Smart voor een optimaal binnenklimaatVoor een optimaal binnenklimaat is de luchtvochtigheid doorslaggevend. De door medisch specialisten geadviseerde optimale luchtvochtigheid in gesloten ruimtes ligt in het bereik van 40 tot 60% relatieve luchtvochtigheid. Is de lucht in binnenruimtes te vochtig dan kan de levenskwaliteit door schimmelsporen, allergenen en ademweg problemen sterk nadelig beïnvloedt worden. Optimale luchtvochtigheid essentieel voor gezondheid en schadepreventieToepassing van de multifunctionele Clean Air Optima® luchtontvochtiger CA-705 Smart met 2in1 systeem voor luchtontvochtiging & luchtreiniging werkt preventief ter voorkoming van hoge luchtvochtigheid en allesvernietigende corrosie, schadelijke condensatie, ijs- en schimmelvorming, verhindert ongewenste bacteriegroei, reduceert geuroverdracht en is effectief voor bouwdroging bij bestaande of nieuwbouw.De krachtige Clean Air Optima® condensatie - luchtontvochtiger CA-705 Smart bind de strijd aan met roest en schimmel!Naast de indamming van schimmelsporen bevrijdt deze multifunctionele luchtontvochtiger CA-705 Smart van Clean Air Optima® de binnenlucht van lastige dierharen, pollen en stof door de geïntegreerde continu werkende en zeer effectieve luchtreiniger functie met vijfvoudige filtertechniek. Allergie patiënten kunnen eindelijk weer gezond doorademen! Door de slanke, getailleerde belijning in het exclusieve design en de neutrale kleurstelling past deze compacte ontvochtiger in elk interieur. De Clean Air Optima® condensatie - luchtontvochtiger CA-705 Smart is door de ingebouwde hygrostaat geschikt voor automatische luchtontvochtiging. Enkel de gewenste luchtvochtigheid instellen en deze efficiënte luchtontvochtiger doet de rest. Luchtontvochtiger CA-705 Smart: een vier jaargetijden systeemMet de 2in1 functie voor luchtontvochtiging en luchtreiniging zorgt de CA-705 Smart het hele jaar door voor een optimaal binnenklimaat: Wanneer de ingestelde relatieve luchtvochtigheid is bereikt stopt de ontvochtiging. Met de continu luchtreinigingsfunctie bevrijdt de multifunctionele Clean Air Optima® CA-705 Smart het gehele jaar de binnenlucht van allergenen, schimmelsporen, hinderlijke dierharen, pollen, (fijn)stof en geuren. Binnenlucht ontvochtigen door condensatie techniekDe compacte en supersterke Clean Air Optima® condensatie - luchtontvochtiger CA-705 Smart met 2in1 systeem voor luchtontvochtigen en luchtreinigen onttrekt aan binnenruimtes tot 50m²/125m³ het overtollige vocht met een capaciteit tot 16 liter / dag (30°C/Rv80%) en beschermt actief voor het ontstaan van schimmelvorming, vlekken, corrosie en moddergeur. Daardoor word ook de bouwsubstantie en nog belangrijker uw gezondheid beschermd.De condensatiedroger is het type luchtontvochtiger dat het meest gebruikt wordt en de CA-705 Smart kan ingezet worden in een groot temperatuurbereik tussen de 5 en 32°C.Deze effectieve luchtontvochtiger is uitgerust met een compressor die de vochtige binnenlucht langs een koelelement geleid. Vochtige omgevingslucht wordt op deze wijze in zeer korte tijd afgekoeld. Het vocht in de lucht condenseert omdat lucht bij een lage temperatuur minder vocht kan bevatten. Het condensvocht wordt opgevangen in de watertank en kan direct worden afgevoerd door aansluiting van de meegeleverde afvoerslang.Vijf filtertechnologieën voor effectieve luchtreiniging1. Actief KoolstoffilterActiefkool neutraliseert rook, chemicaliën, gassen en geuren, voorkomt de groei van bacteriën, virussen en schimmels.2. VoorfilterVoorfilter vangt grote stofdeeltjes zoals: pluisjes, haren en huidschilfers van huisdieren.3. TRUE HEPA H13 filter met nano zilver coatingZuivert 99,97% van alle zweefstoffen tot 0,3 micrometer (0,3 µm) uit de lucht. Het HEPA filter is het meest effectieve luchtfilter voor het verwijderen van:• (fijn)stof, sigarettenrook, pollen• allergenen• alle andere vaste deeltjesDe antibacteriële laag van nano zilver coating op het filter elimineert bacteriën en schimmels.4. UV-C LampHet ultraviolette licht van de permanente lamp (UV-C straling) met een golflente van 254nm doodt gezondheidsschadelijke micro-organismen zoals: kiemen, virussen, schimmels (schimmelsporen) en bacteriën. 5. IonisatorCapaciteit > 3.000.000 negatieve ionen / cm³ die in de gehele ruimte verspreid worden en daardoor schadelijke stoffen en geuren neutraliseren. De ionisator produceert negatieve ionen voor het reinigen van de binnenlucht en het verrijken met actief zuurstof. Onaangename geuren worden geneutraliseerd en schadelijke stoffen uit de lucht gezuiverd.Ingebouwde hygrostaat voor automatische luchtontvochtiging. Kleurenmonitor voor aanduiding relatieve luchtvochtigheidDe Clean Air Optima® condensatie - luchtontvochtiger CA-705 Smart is voorzien van een ingebouwde hygrostaat voor het meten, controleren en automatisch regelen van de relatieve luchtvochtigheid. De gewenste luchtvochtigheid kan ingesteld worden tussen 30 en 80% relatieve luchtvochtigheid. Het doordachte design communiceert de luchtvochtigheid ook via de ronde kleurenmonitor aan de voorzijde van het apparaat.BLAUW = droge lucht bereik = <53%GROEN = aangenaam bereik = 53% - 68%ROOD = hoge relatieve luchtvochtigheid = >68% Eenvoudige bediening: Handmatig of met de Clean Air Optima® AppHet overzichtelijke digitale bedienpaneel op de bovenzijde van het apparaat is voorzien van tiptoetsen voor het eenvoudig selecteren van de gewenste instellingen. Grote watertankHet apparaat schakelt automatisch uit bij volle watertank met LED signaal in de display. De grote watertank van de luchtontvochtiger CA-705 Smart heeft een inhoud van 6,5 liter en is voorzien van een handgreep. Permanente waterafvoerHet condensvocht dat wordt opgevangen in de watertank kan ook direct worden afgevoerd door aansluiting van de meegeleverde afvoerslang. Hierdoor is de luchtontvochtiger CA-705 Smart geschikt voor continubedrijf en gebruik zonder toezicht.WasdrogingDe Clean Air Optima® luchtontvochtiger CA-705 Smart met 2in1 systeem voor luchtontvochtiging en luchtreiniging ondersteunt de droging van uw was. De hoge ontvochtigingscapaciteit met hoge ventilatorsnelheid zorgt voor een goede luchtcirculatie in de wasruimte. ToepassingsvoorbeeldenDoor de slanke, getailleerde belijning in het exclusieve design, de neutrale kleurstelling in ivoorwit / zwart is de compacte luchtontvochtiger en luchtreiniger CA-705 Smart inzetbaar in elk interieur. De elektrische ontvochtiger CA-705 Smart is geschikt voor het verwijderen van vocht in de woon- en slaapkamer, kinderkamer, kantoren, openbare gebouwen, sport - en fitnesscentrum, wellnessruimte, bedrijfsruimtes, woonboerderijen, industrie, opslagruimten of musea en is geschikt voor wasdrogen, gebruik in vakantiewoningen, campers en caravans. Kenmerken en voordelen• Geschikt voor ruimtes tot 50m²/125m³ • Ontvochtigingscapaciteit tot maximaal 16 liter / dag (30°C/Rv80%) • Ventilator capaciteit tot 195m³/h • Inhoud watertank: 6,5 liter• Instelbaar tussen 30 – 80% relatieve luchtvochtigheid• Automatische ontvochtiging op programma door ingebouwde hygrostaat• Continue luchtreinigingsfunctie of gecombineerd luchtontvochtigen en luchtreinigen• Inclusief afvoerslang 10mm rond en 1.5 meter lang voor continu waterafvoer• Werkt preventief tegen schimmelvorming, roest en schade door vocht• Verwijdert muffe geuren• Groot temperatuur inzetbereik van 5 °C tot 32 °C• Vijf filtertechnologieën voor effectieve luchtreiniging • Ondersteunt wasdroging• Eenvoudige bediening: Handmatig of met de Clean Air Optima® App• Stopt automatisch met LED signaal bij volle tank• Timer voor in / uitschakelmoment luchtontvochtiger (0-24h)• 2 Standen regelbare ventilator• Geruisarme werking <38 dB(A) laag / 48 dB(A) hoog• Sensor gestuurde ontdooi functie• Automatische herstart na ontdooien of stroomonderbreking• Geschikt voor continu gebruik zonder toezicht• Gemakkelijk te verplaatsen door praktische handgreep en robuuste wieltjes• Eenvoudige filterreiniging: permanent voorfilter 2x per maand stofzuigen• Actiefkoolstoffilter na 3 - 6 maanden vervangen• TRUE HEPA H13 filter met nano zilver coating na 3 - 6 maanden vervangen
"
52,StayPowered Luchtontvochtiger - 1000ml per dag - LED verlichting - Energiezuinig - ruimtes tot 30m² - Automatische anti-vochtigheid - Antischimmel - wit -> april Deal! (levering sneller dan aangegeven),,StayPowered,,"5,0",1,"79,95",,https://www.bol.com/nl/nl/p/staypowered-luchtontvochtiger-1000ml-per-dag-led-verlichting-energiezuinig-ruimtes-tot-30m-automatische-anti-vochtigheid-antischimmel-wit-april-deal/9300000127388649/,8,"
StayPowered presenteert een efficiënte, stille en stijlvolle ontvochtiger! Onze kleine ontvochtiger gebruikt Peltier-technologie om tot 450 ml vocht per dag te verwijderen, zonder dat er een compressor nodig is. Met zijn ultrastille werking (39dB) en lage energieverbruik is deze luchtontvochtiger perfect voor slapen, werken of ontspannen in uw slaapkamer, kantoor, badkamer of caravan. De voordelen: Betere luchtkwaliteit binnenshuis, minder allergieën, bescherming van uw huis en meubels, energiebesparing en meer comfort. Door overtollig vocht te verwijderen, vermindert onze luchtontvochtiger de groei van schimmels en bacteriën, die gezondheidsproblemen kunnen veroorzaken. Het kan ook allergenen zoals huisstofmijt en huidschilfers van huisdieren verminderen, waardoor uw binnenmilieu comfortabeler wordt voor mensen met allergieën. Bovendien helpt onze luchtontvochtiger, door de vochtigheid in uw huis te verlagen, schade aan uw huis en meubels te voorkomen en maakt hij het gemakkelijker voor uw airconditioning om uw ruimte te koelen, wat energie kan besparen en uw energierekening kan verlagen. Auto-off functie: Stopt deze luchtontvochtiger wanneer het waterreservoir vol is en herinnert u eraan met drie piepjes en een rode LED indicator. Het waterreservoir is transparant, zodat u gemakkelijk het waterniveau kunt controleren. De luchtontvochtiger heeft ook een handvat voor eenvoudige draagbaarheid en een verwijderbaar filternet om de lucht te zuiveren. En, om een vleugje stijl aan uw ruimte toe te voegen, is onze StayPowered luchtontvochtiger uitgerust met regelbare LED-lampjes, die u kunt instellen op een vaste kleur, constant veranderende kleuren, of helemaal kunt uitschakelen. De LED lampjes zijn voor de sfeer, niet voor de verlichting. Bestel nu uw StayPowered luchtontvochtiger en geniet van een droge, comfortabele en stijlvolle ruimte!   Snelle Levering:  We zijn verheugd om aan te kondigen dat we in staat zijn om snellere verzendtijden aan te bieden dan wat momenteel op de website staat. Ons team heeft hard gewerkt om onze processen te stroomlijnen en de efficiëntie te verbeteren, en als gevolg daarvan kunnen we uw bestellingen nu nog sneller verzenden. Wij begrijpen dat het voor onze klanten belangrijk is om uw aankopen zo snel mogelijk te ontvangen, en wij doen er alles aan om dat mogelijk te maken. Of u nu een cadeau nodig heeft voor een speciale gelegenheid of gewoon uw nieuwe artikelen zo snel mogelijk wilt ontvangen, wij zijn er om u te helpen. We hopen dat onze snellere verzending een extra niveau van gemak en tevredenheid zal brengen aan uw winkelervaring bij ons. Dank u voor het kiezen voor ons.
"
53,"PRIMO PR578DH Luchtontvochtiger - Automatisch instelbaar - 12L/Dag - Geschikt voor Woonkamer, Slaapkamer, Badkamer & Kelder - Wit",,PRIMO,PRIMO Klimaatbeheersing,"4,9",39,"169,95",,https://www.bol.com/nl/nl/p/primo-pr578dh-luchtontvochtiger-automatisch-instelbaar-hygrometer-ontvochtiger-huis-overloopbeveiliging-groot-2-1-liter-waterreservoir/9300000113248210/,8,"
De PRIMO luchtontvochtiger helpt je het luchtvochtigheidsgehalte in huis te reguleren. Een ontvochtiger in huis is belangrijk voor een gezond leefklimaat zonder slechte schimmels en bacteriën. De PRIMO PR578DH stel je met één knop in op de ideale vochtigheidsgraad, door de interne hygrometer stopt de PR578DH automatisch zodra de ingestelde waarde is bereikt. De ontvochtiger stopt ook automatisch als de 2.1 liter watertank vol is, dit is handig want met slechts 45 decibel geluid is het toestel fluisterstil in gebruik. De PRIMO PR578DH is ideaal voor gebruik in ruimtes tot 25m².  Luchtontvochtiger slaapkamer, met 45 decibel fluisterstil De PRIMO PR578DH luchtontvochtiger is ideaal om de luchtvochtigheid op de slaapkamer te reguleren. Met slechts 45 decibel zul je nauwelijks merken dat het toestel aan staat. Daarnaast heeft de PR578DH geen storende verlichting die uw slaapritme verstoord. De overloopbeveiliging zorgt ervoor dat je de ontvochtiger zonder zorgen aan kunt laten terwijl u slaapt.  Ontvochtiger in huis Naast de slaapkamer kan de PRIMO PR578DH overal in huis worden ingezet. Met een maximale kracht in ruimtes tot 25m², is de ontvochtiger inzetbaar in kelders, badkamers, garages en woonkamers. Het reguleren van de luchtvochtigheid gaat de groei van schimmels en bacteriën tegen waardoor het een gezond leefklimaat stimuleert. Ook kan het helpen uw was sneller te drogen. Door het geïntegreerde handvat verplaats je de PR578DH gemakkelijk naar waar hij het meeste nodig is.  2.1 liter waterreservoir De PRIMO PR578DH luchtontvochtiger heeft een groot waterreservoir van 2,1 liter. Hierdoor kan de PR578DH lang doorwerken zonder dat het reservoir geleegd hoeft te worden. Zelfs als het reservoir vol is, hoef je je geen zorgen te maken. De PR578DH beschikt over een overloopbeveiliging waardoor het toestel zich automatisch uitschakelt zodra het reservoir vol is. De PR578DH kun je dus gerust zonder toezicht laten werken.  Automatische bediening met Hygrometer De PRIMO PR578DH luchtontvochtiger heeft een ingebouwde hygrometer die de actuele luchtvochtigheidsgraad meet. Hierdoor is het toestel gemakkelijk te bedienen. Je stelt de ontvochtiger in op een van de drie voorgeprogrammeerde luchtvochtigheidsgraden 40%, 50% of 60% en de PR578DH doet de rest. Door continue de vochtigheid te meten gaat de PR578DH automatisch aan en uit.  Makkelijk te bedienen De PR578DH heeft slechts twee knoppen waardoor hij makkelijk te bedienen is. Een modus knop waarmee je gemakkelijk schakelt tussen 40%, 50% en 60% luchtvochtigheid of continue ontvochtigen en een aan/uit knop. De indicatie lampjes geven duidelijk aan naar welk doel de PR578DH werkt. Ook zie je middels een indicatie lampje duidelijk wanneer het 2.1 liter grote waterreservoir vol is.  Specificaties  Ontvochtigingscapaciteit: 12 l/24u Maximale luchtstroom 118 m³/u Voor ruimtes tot 25 m² Bedieningspaneel met indicatielampjes (indicatie voor ontdooien, volle watertank) Instellingen: continu ontvochtigen en graad 40/50/60 Overloopbeveiliging Automatische herstart- en ontdooifunctie Waterreservoir (2,1 l) gemakkelijk leeg en schoon te maken Waterniveau-aanduiding Automatische uitschakeling Geluidsniveau: 45 dB Milieuvriendelijke koelvloeistof: R290 Geïntegreerd handvat Afmetingen (l x b x h): 20,5 x 31,5 x 41,5 cm  Tips voor een goed vochtklimaat in huis:  De ideale luchtvochtigheid in huis ligt tussen de 40% en 60%, in de slaapkamer adviseert men 40% tot 50%. Het controleren van de juiste luchtvochtigheid voorkomt o.a. een muffe geur, ademhalingsklachten, vochtplekken op de muren, schimmelvorming en verschillende soorten ongedierte. Het meeste vocht in huis komt van menselijke activiteiten zoals ademen, douchen en koken maar ook de status van het huis is een belangrijke factor. Hierom is het belangrijk om dagelijks te ventileren. Soms is ventileren alleen niet voldoende en biedt een ontvochtiger de uitkomst. Met een luchtontvochtiger zorg je goed voor jezelf, je spullen en je omgeving.   Met de PR578DH heb je een makkelijk te bedienen manier om de luchtvochtigheid in huis te reguleren. Wacht daarom niet langer en gun jezelf een beter woonklimaat. Je hebt altijd 30 dagen bedenktijd, mocht je toch niet tevreden zijn met je aankoop dan kun je deze gratis retour sturen. 
"
54,Golden Goods® Luchtontvochtiger 3L. - Extreem Stil - Ontvochtigt 1000ml/Dag - Geschikt voor Babykamer & Slaapkamer - 2-in1 Luchtreiniger - Voor Huis & Kantoor - LED - Vochtvreter Elektrisch - Zwart,,Golden Goods,,"4,2",5,"86,95",Op voorraad,https://www.bol.com/nl/nl/p/luchtontvochtiger-3l-ontvochtigd-1000ml-per-dag-geschikt-voor-babykamer-slaapkamer-2-in1-luchtreiniger-voor-huis-kantoor-led/9300000143664187/,9,"
Voorkom vochtplekken, bacteriën en schimmels in huis en gebruik de krachtige luchtontvochtiger / luchtreiniger van GoldenGoods. Vochtige lucht heeft nadelige gevolgen voor de gezondheid van mens en dier. Per dag filter je maar liefst 1000 ml vocht uit de lucht! Dankzij een extra groot waterreservoir van 3 liter hoef je hem maar eens in de drie dagen te legen. Deze luchtontvochtiger schakelt automatisch uit voordat hij vol zit en het rode licht knippert in de watertank. Voor het beste resultaat plaats je de ontvochtiger in ruimtes tot 30 m2 met een temperatuur tussen de 18ºC en 30°C.     Hoge capaciteit De GoldenGoods ontvochtiger haalt minimaal 1Liter water uit de lucht per dag, zodat je in no-time een droge en pure lucht in huis hebt. Het apparaat is geschikt voor gebruik bij een oppervlakte tot 30 m2 en werkt dan ook perfect in bijna elke omgeving. Zo wordt bijvoorbeeld de natte was droog in een mum van tijd door zijn krachtige (60W) motor.   3 Liter ontvochtigen In tegenstelling tot andere ontvochtigers heeft dit waterreservoir een capaciteit van 3 Liter. Hierdoor hoeft hij maar één keer in de drie dagen geleegd te worden. Is het apparaat vol? Geen probleem hij schakelt zichzelf automatisch uit. De indicator in de watertank geeft door middel van een rode verlichting aan dat hij vol is en geleegd kan worden. Als het waterreservoir geleegd is kan het ontvochtigen doorgaan.   Let op: Voor het beste resultaat dient de temperatuur van de ruimte 20 graden of hoger te zijn.   360° Airflow en Was-droog functie Deze lucht ontvochtiger beschikt over 360° Airflow, dit betekent dat de ruimte volledig ontvochtigd wordt door luchtcirculatie. De vochtige lucht wordt via filters aan de achterkant aangezogen en uitgeblazen aan de zijkanten. De schone en pure lucht zal hierdoor de was sneller drogen.   210 CADR Waarde  Deze luchtontvochtiger onderscheidt zich door een indrukwekkende CADR (Clean Air Delivery Rate) waarde van 210. Door deze hoge CADR-waarde wordt snel en efficiënt vocht en verontreinigende stoffen uit de lucht verwijdert. Of u nu te maken heeft met schimmel, allergenen of hoge luchtvochtigheid, onze Golden Goods luchtontvochtiger met 210 CADR is de optimale keuze voor een gezondere en meer comfortabele leefomgeving.     Eenvoudig te bedienen Plug & Play is het principe van de GoldenGoods ontvochtiger. Nadat de stekker in het stopcontact is gedaan druk je eenvoudig op de knop en gaat deze krachtige machine direct aan het werk voor je. Als het waterreservoir vol raakt schakelt hij automatisch uit en zal de machine je waarschuwen met een rood lampje. Dus ben je en paar dagen weg, kun je deze ontvochtiger gewoon zijn werk laten doen.   Multifunctioneel Door het stijlvolle ontwerp komt deze luchtontvochtiger in elke ruimte tot zijn recht. In de woonkamer en in de keuken, in de badkamer en op kantoor. Ondanks zijn krachtige motor is hij eenvoudig te verplaatsen door de handige handgrepen en zijn lichte gewicht. Vocht en schimmels zijn slecht voor de gezondheid van mens en dier, ook wanneer er geen duidelijke vochtproblemen zijn in huis is een luchtontvochtiger goed voor schone en droge lucht.       Muisstil Naast de normale ontvochtigingsstand is er gezorgd voor een stille modus van <40dB, welke ideaal is voor de babykamer en de slaapkamer. Tijdens de nacht werkt hij dan gewoon door. Hierdoor is de GoldenGoods luchtontvochtiger ook geschikt voor kantoor en andere ruimtes waar de stilte gewaardeerd wordt.   Verpakkingsinhoud: 1x Luchtontvochtiger 1x Handleiding     Specificaties: • Merk: GoldenGoods • Model: YP2118 • Capaciteit: 3 Liter per sessie • Materiaal: ABS • Ruimte: Tot 30 m2 • Beste temperatuur: 18°- 30°C ! • Ontvochtigen: 1 Liter per Dag • Waterniveau-indicator: Ja • Kleur: Zwart • Garantie: 1 Jaar •Geluid: 45dB max. Stil <40dB • Capaciteit waterreservoir: 3 liter • Afmeting: 200 x 145 x 364 mm • Methode: Condensatie ontvochtiging • Gewicht: 2,79 kg • Veiligheid: Automatische uitschakeling watertank • Led-Verlichting: Keuze uit 7 kleuren • Effectiviteit: 360° Airflow • Vermogen: 60W • Voltage: 220V • Overig: De was droogt sneller   Conclusie: de Golden Goods Luchtontvochtiger is uw ultieme oplossing voor een gezonder en comfortabeler binnenklimaat. Met een indrukwekkende CADR-waarde van 210 en geavanceerde functies zoals automatische uitschakeling en een extra grote tank, biedt dit apparaat een ongeëvenaarde efficiëntie in het verwijderen van vocht, schimmel en verwerpelijke bacteriën. Maak de verstandige keuze vandaag nog en investeer in de Golden Goods Luchtontvochtiger voor een optimaal klimaat in huis. Zoek niet verder voor luchtkwaliteitsverbetering en luchtvochtigheidsbeheersing; u hebt uw oplossing al gevonden.
"
55,Clean Air Optima® CA-704 - 2in1 Luchtontvochtiger en Luchtreiniger - 12 liter/dag - Automatische ontvochtiging - 5 voudige filtertechnologie - Bijzonder geluidsarm,,Clean Air Optima,,"4,6",157,"299,-",,https://www.bol.com/nl/nl/p/clean-air-optima-ca-704-2in1-luchtontvochtiger-en-luchtreiniger-12-liter-dag-automatische-ontvochtiging-5-voudige-filtertechnologie-bijzonder-geluidsarm/9200000019689722/,14,"
2 in 1: Luchtontvochtiger & luchtreiniger Clean Air Optima® CA-704• Ontvochtigingscapaciteit tot 12 liter / dag• Werkt preventief tegen schimmelvorming, roest en schade door vocht• Vijf filtertechnologieën voor effectieve luchtreiniging• Ondersteuning wasdroging• Ultrastille werking• Geschikt voor ruimtes tot: 40m²/100m³Multifunctionele luchtontvochtiger CA-704 voor een optimaal binnenklimaatVoor een optimaal binnenklimaat is de luchtvochtigheid doorslaggevend. De door medisch specialisten geadviseerde optimale luchtvochtigheid in gesloten ruimtes ligt in het bereik van 40 tot 60% relatieve luchtvochtigheid.Is de lucht in binnenruimtes te vochtig dan kan de levenskwaliteit door schimmelsporen, allergenen en ademweg problemen sterk nadelig beïnvloedt worden.Optimale luchtvochtigheid essentieel voor gezondheid en schadepreventieToepassing van de multifunctionele Clean Air Optima luchtontvochtiger CA-704 met 2in1 systeem voor luchtontvochtiging & luchtreiniging werkt preventief ter voorkoming van hoge luchtvochtigheid en allesvernietigende corrosie, schadelijke condensatie, ijs- en schimmelvorming, verhindert ongewenste bacteriegroei, reduceert geuroverdracht en is effectief voor bouwdroging bij bestaande of nieuwbouw.
De krachtige Clean Air Optima condensatie - luchtontvochtiger CA-704 bind de strijd aan met roest en schimmel!Naast de indamming van schimmelsporen bevrijdt deze multifunctionele luchtontvochtiger CA-704 van Clean Air Optima de binnenlucht van lastige dierharen, pollen en stof door de geïntegreerde continu werkende en zeer effectieve luchtreiniger functie met vijfvoudige filtertechniek.Allergie patiënten kunnen eindelijk weer gezond doorademen!Door de slanke, getailleerde belijning in het exclusieve design en de neutrale kleurstelling past deze compacte ontvochtiger in elk interieur.De Clean Air Optima condensatie - luchtontvochtiger CA-704 is door de ingebouwde hygrostaat geschikt voor automatische luchtontvochtiging. Enkel de gewenste luchtvochtigheid instellen en deze efficiënte luchtontvochtiger doet de rest.Luchtontvochtiger CA-704: een vier jaargetijden systeemMet de 2in1 functie voor luchtontvochtiging en luchtreiniging zorgt de CA-704 het hele jaar door voor een optimaal binnenklimaat: Wanneer de ingestelde relatieve luchtvochtigheid is bereikt stopt de ontvochtiging, maar de luchtreiniging blijft actief. Met de continu luchtreiniger functie bevrijdt de multifunctionele Clean Air Optima CA-704 het hele jaar door de binnenlucht van allergenen, schimmelsporen, lastige dierharen, pollen stof en geuren. Binnenlucht ontvochtigen door condensatie techniekDe compacte en supersterke Clean Air Optima condensatie - luchtontvochtiger CA-704 met 2in1 systeem voor luchtontvochtigen en luchtreinigen onttrekt aan binnenruimtes tot 40m²/100m³ het overtollige vocht met een capaciteit tot 12 liter / dag (30°C/Rv80%) en beschermt actief voor het ontstaan van schimmelvorming, vlekken, corrosie en moddergeur. Daardoor word ook de bouwsubstantie en nog belangrijker uw gezondheid beschermd.De condensatiedroger is het type luchtontvochtiger dat het meest gebruikt wordt en de CA-704 kan ingezet worden in een groot temperatuurbereik tussen de 5 en 32°C.Vijf filtertechnologieën voor effectieve luchtreiniging1. VoorfilterVoorfilter vangt grote stofdeeltjes zoals: pluisjes, haren en huidschilfers van huisdieren.2. Actief KoolstoffilterActiefkool neutraliseert rook, chemicaliën, gassen en geuren, voorkomt de groei van bacteriën, virussen en schimmels3. TRUE HEPA H13 filter met nano zilver coating Zuivert 99,97% van alle zweefstoffen tot 0,3 micrometer (0,3 µm) uit de lucht. Het HEPA filter is het meest effectieve luchtfilter voor het verwijderen van: • (fijn)stof, sigarettenrook, pollen• allergenen• alle andere vaste deeltjesDe antibacteriële laag van nano zilver coating op het filter elimineert bacteriën en schimmels. 4. UV lampHet ultraviolette licht van de permanente lamp (UV-C straling) met een golflente van 254nm doodt gezondheidsschadelijke micro-organismen zoals: kiemen, virussen, schimmels (schimmelsporen) en bacteriën. Van al het licht heeft UV licht de hoogste frequentie, de kortste golflengte en bevat daardoor de hoogste hoeveelheid aan energie die door haar straling de buitenzijde membraam van het organisme doorboort en de DNA vernietigt. Met wereldwijd duizenden geïnstalleerde apparaten van dit type heeft de geïntegreerde UV – technologie bewezen, dat UV straling hoogeffectief is tegen pathogene virussen, bacteriën en eencellige. Door de toepassing van UV licht kunnen microbiologische inactiverende percentages van 99,99% en hoger bereikt worden.5. IonisatorCapaciteit 3.000.000 negatieve ionen / cm³ die in de gehele ruimte verspreid worden en daardoor schadelijke stoffen en geuren neutraliseren. De ionisator produceert negatieve ionen voor het reinigen van de binnenlucht en het verrijken met actief zuurstof. Onaangename geuren worden geneutraliseerd en schadelijke stoffen uit de lucht gezuiverd. Negatieve ionen hebben bovendien een sterke antistatische werking.Ingebouwde hygrostaat voor automatische luchtontvochtiging. Kleurenmonitor voor aanduiding relatieve luchtvochtigheid.De Clean Air Optima condensatie - luchtontvochtiger CA-704 is voorzien van een ingebouwde hygrostaat voor het meten, controleren en automatisch regelen van de relatieve luchtvochtigheid. De gewenste luchtvochtigheid kan ingesteld worden tussen 35 en 80% relatieve luchtvochtigheid. Deze luchtontvochtiger is standaard voorgeprogrammeerd op het bereiken van de door medici geadviseerde optimale relatieve luchtvochtigheid van 55%. Bij instelling van de minimum te bereiken waarde van 35% volgt continubedrijf, waarbij het apparaat pas stopt bij de automatische afslag door een volle watertank.
Het doordachte design communiceert de luchtvochtigheid ook via de ronde kleurenmonitor aan de voorzijde van het apparaat.BLAUW = droge lucht bereik = <53%GROEN = aangenaam bereik = 53% - 68%ROOD = hoge relatieve luchtvochtigheid = >68% Kenmerken en voordelen• Automatische ontvochtiging op programma door ingebouwde hygrostaat• Inclusief afvoerslang 10mm rond en 1 meter lang voor continu waterafvoer• Werkt preventief tegen schimmelvorming, roest en schade door vocht• Verwijdert muffe geuren• Groot temperatuur inzetbereik van 5 °C tot 32 °C
Vijf filtertechnologieën voor effectieve luchtreiniging:1. Voorfilter vangt grote stofdeeltjes en pluizen2. Actiefkoolstoffilter neutraliseert geuren en gassen3. TRUE HEPA H13 filter met nano zilver coating zuivert 99,97% van alle zweefstoffen tot 0,3 micron (0,3 µm) uit de lucht 4. Permanente UV lamp elimineert kiemen, virussen, schimmels en bacteriën5. Ionisator reinigt en verfrist de binnenlucht met 3.000.000 neg.ionen/cm³• Oscillatieklep met swingfunctie voor ondersteuning luchtcirculatie• Ondersteunt wasdroging• Elegant en compact design• Comfortabele bediening door ingebouwde hygrostaat• LED functieaanduiding• Bediening door tiptoetsen in het display• Stopt automatisch met LED signaal bij volle tank• Timer voor in / uitschakelmoment apparaat (0-24h)• 3 Standen regelbare ventilator• sensor gestuurde ontdooi functie• Automatische herstart na ontdooien of stroomonderbreking• Geschikt voor continu gebruik zonder toezicht• Gemakkelijk te verplaatsen door praktische handgreep en robuuste wieltjes• Praktisch onderhoudsvrij!• Eenvoudige filterreiniging: permanent voorfilter 2x per maand stofzuigen• Actiefkoolstoffilter na 3 - 6 maanden vervangen• TRUE HEPA H13 filter met nano zilver coating na 3 - 6 maanden vervangen • Bijzonder geluidsarm• Laag energieverbruik• 260 Watt ventilator hoog en 165 Watt ventilator laag• Optimale prijs / prestatieverhouding
Toepassingsvoorbeelden Door de slanke, getailleerde belijning in het exclusieve design, de neutrale kleurstelling in ivoorwit / zwart en de stille werking is de compacte luchtontvochtiger en luchtreiniger CA-704 inzetbaar in elk interieur. De elektrische ontvochtiger CA-704 is geschikt voor het verwijderen van vocht in de woon- en slaapkamer, kinderkamer, kantoren, openbare gebouwen, sport - en fitnesscentrum, wellnessruimte, bedrijfsruimtes, woonboerderijen, industrie, opslagruimten of musea en is geschikt voor wasdrogen, gebruik in vakantiewoningen, campers en caravans.
Vervangen van filtersDe Clean Air Optima CA-704 is uitgerust met een bewakingsmechanisme voor de levensduur van het filter, dat aangeeft dat het filter (HEPA + Actief Koolstoffilter) na 500 werkuren moet worden vervangen. Om aan te geven dat het filter moet worden vervangen, begint het controlelampje dubbel nul van de luchtontvochtiger te knipperen. Reset de timer voor het filter door de droge kleding knop (Laundry Mode) ongeveer 3 seconden ingedrukt te houden. Als het controlelampje uitgaat, is de timer met succes gereset.Vervanging Actief Koolstoffilter + True HEPA H13 Filter na 3-6 maanden.
"
56,Comfee - Luchtontvochtiger - 80m³ (32m²) - 16L,,Comfee,,"5,0",1,"205,-",,https://www.bol.com/nl/nl/p/comfee-luchtontvochtiger-80m-16l/9300000023638495/,8,"
 KRACHTIGE EN STILLE ONTHUIMIDATIE: De Comfee MDDF-16DEN7 WF luchtontvochtiger kan tot 16 liter per dag opnemen (30℃, RH80%), met een verwijderbaar reservoir van 3 liter; Geschikt voor kelder, woonkamer, kantoor en studeerkamer, dekking 32m². 3 ventilatieniveaus met een maximaal luchtdebiet van 166 m³/u. APP CONTROL: Dit apparaat kan via Bluetooth worden verbonden met je smartphone of tablets; gebruikers kunnen dus met enkele muisklikken het gewenste vochtigheidsniveau (instelbereik vochtigheid: 35% - 85%) en de timer instellen op hun slimme apparaten. En deze parameters zijn zichtbaar op het LED-paneel. INTELLIGENT ONTHUIMIDIGEN EN KLEDENDROGEN: Deze ontvochtigerlucht is uitgerust met een ingebouwde vochtigheidssensor die de vochtigheidsgraad in realtime kan controleren en de vochtigheidsgraad binnenshuis tussen 45% en 55% kan houden, wat aangenaam is voor ons leven; Continue afvoer, niet alleen ontvochtiging, goede assistent voor het drogen van kleding, uw andere wasdroger. GEBRUIKERSGESPECENTREERD ONTWERP EN EENVOUDIGE BEDIENING: dit compacte apparaat bespaart ruimte en heeft verschillende nuttige functies, zoals een alarm voor vol water en automatische ontdooiing, met als doel een betere gebruikerservaring te bevorderen. LAAG VERBRUIK EN ECOLOGISCH: Met ecologisch koelmiddel R290 is deze compressorontvochtiger ecologisch, bespaart energie en verbruikt 320W.Het is een slaapkamer luchtontvochtiger, badkamer luchtontvochtiger, woonkamer luchtontvochtiger. 
"
57,De'Longhi DEX210SF Tasciugo AriaDry - Luchtontvochtiger - Wit,,De'Longhi,,"5,0",1,"248,81",Op voorraad,https://www.bol.com/nl/nl/p/de-longhi-dex210sf-tasciugo-ariadry-luchtontvochtiger-wit/9300000161805051/,8,"
De'Longhi DEX210SF Luchtontvochtiger Werk overtollig vocht weg en creëer thuis een aangename sfeer   Zeer stil: De DEX210SF is extreem stil zonder afbreuk te doen aan zijn ontvochtigings-capaciteit en is daarom geschikt voor de slaapkamer. 37% minder geluid voor een stillere, maar toch krachtige ontvochtiging**** Actieve Koolstof Filter tegen geurtjes: Actieve Koolstof Filter om geuren te verwijderen in combinatie met een Anti-stof Filter.  Wasdroogfunctie: Met de wasdroogfunctie helpt de DEX210SF de droogtijden van wasgoed te verkorten. Afvoerslang: Voor het verwijderen van het water zonder de tank te hoeven legen. 475 keer meer Eco-vriendelijk: Koelgas R290 is tot 475 keer meer milieuvriendelijker dan traditionele gassen**.   Informatie:  10 l/24u* Anti-stof Filter Actieve Koolstof Filter tegen geurtjes Zeer stil! Slechts 36 dB, perfect voor slaapkamers 475 keer meer milieuvriendelijk** Digitale Display Anti-stof en anti-allergie filter Koolstoffilter tegen geurtjes Geluidsniveau: stil - perfect for slaapkamers Milieuvriendelijk: 30% gerecycleerd plastic**** Verwijderbaar waterreservoir (2,1 l) Wasdroogfunctie Elektronisch anti-vries functie Afvoerslang meegeleverd Geïntegreerde handgreep voor maximale draagbaarheid Automatische herstartsfunctie    * 30°C/80% R.H. ** 475 keer vergeleken met de impact van R134 - F-Gas Reg. 517/2014. *** De afmetingen van de kamers zijn bij benadering en hangen sterk af van de temperatuur en de vochtigheidsgraad tijdens het gebruik van het product. *****vs vorige productversie
"
58,Erikssøn Luchtontvochtiger Dry Pro - Ontvochtigt Tot 0.6 Liter Per Dag - Geschikt Voor Slaapkamer En Badkamer En Woonkamer En Kelder - Dehumidifier,,Erikssøn,,"4,1",34,"69,99",Op voorraad,https://www.bol.com/nl/nl/p/eriksson-luchtontvochtiger-prime/9300000151859614/,11,"
Wil jij schimmels en bacteriën voorkomen? Vrij ademen in huis? Niet meer afhankelijk zijn van een (slechte) afzuigkap om waterdamp in jouw huis te verwijderen? Allergieën minimaliseren? Dan is de Erikssøn Luchtontvochtiger Prime perfect geschikt voor jou!  De Erikssøn Luchtontvochtiger verwijdert moeiteloos vocht uit jouw binnenruimte. Met een droog binnenklimaat ben jij er van verzekerd dat vochtplekken en schimmels weg blijven! Droog en reinig de lucht in jouw huis op een Thuiswinkelwaarborg gekeurde manier!  Luchtreiniging èn ontvochtiging Met de Erikssøn Luchtontvochtiger verlaag jij in hoog tempo de luchtvochtigheid in elke gewenste ruimte. De door medisch specialisten geadviseerde optimale luchtvochtigheid in gesloten ruimtes ligt in het bereik van 40 tot 60% relatieve luchtvochtigheid. Is de lucht in binnenruimtes te vochtig dan kan de levenskwaliteit door schimmelsporen, allergenen en ademweg problemen sterk nadelig beïnvloedt worden. Met de Erikssøn Luchtontvochtiger zijn nare luchtjes en schimmels binnen no-time verdwenen. Voorkom gezondheidsproblemen - Verminder allergieën Als je last hebt van een allergie of astma, is het belangrijk dat de lucht in huis schoon is. De Erikssøn luchtontvochtiger draagt hier aan bij door middel van de bovengenoemde 2-in-1 functie. De Erikssøn Luchtontvochtiger maakt gebruik van een geïntegreerde HEPA-filter om de lucht te reinigen en pollen, huisstofmijt en overige deeltjes te minimaliseren.   Ontvochtigd tot 600 ml per dag - Voor ruimtes van 10-35 m2 De luchtontvochtiger heeft een groot waterreservoir met een opvangcapaciteit van 600 ml. Wanneer het reservoir vol is knippert het indicatielampje oranje. Hiermee weet jij dat het waterreservoir geleegd moet worden. De luchtontvochtiger vangt bij 30°C en 80% luchtvochtigheid maximaal 600 ml water per dag op. Je hoeft dus niet elke dag het waterreservoir te legen! Europees Geassembleerd - <30dB - 1 jaar fabrieksgarantieGeniet van 100% kwaliteitsgarantie en extreme stilte door de Europees Geassembleerde motor van de Erikssøn Luchtontvochtiger Prime. Specificaties:► Merk: Erikssøn► Inhoud verpakking: 1x luchtontvochtiger ► Materiaal: PP, ABS► Kleur: Zwart► Afmetingen: 25,60 x 15,00 x 15,00 cm► Gewicht: 1,3 kg► Snoerlengte: 1,2 m► Voltage – Frequentie: DC 12V 3.5A | 50/60Hz► Vermogen: 40W► Capaciteit waterreservoir: 600 ml► Capaciteit luchtontvochtiging: 600 ml/dag (bij 30°C en 80% RH)► Bereik: 10 – 25 m²► Geluidsniveau: 29 dB► Werktemperatuur: 15 – 30°C► BPA-vrij: ja► Signaal vol waterreservoir: Ja► Minimale luchtvochtigheid: 40%► Minimale kamertemperatuur: 5°C► Luchtfilter: Ja
"
59,"Clean Air Optima® CA-703W - Luchtontvochtiger - 700ml/dag - Met Ionisator, UV-LED en Fotokatalytisch filter voor luchtreiniging!",,Clean Air Optima,,"3,6",113,"109,-",Op voorraad,https://www.bol.com/nl/nl/p/clean-air-optima-ca-703w-luchtontvochtiger-700ml-dag-met-ionisator-uv-led-en-fotokatalytisch-filter-voor-luchtreiniging/9200000020953926/,13,"
2 in1: Luchtontvochtigen en Luchtreinigen  Ontvochtigingscapaciteit tot 700ml/dag Luchtreiniging door 3-voudige filtertechniek Compacte luchtontvochtiger met Peltier technologie Ondersteuning wasdroging Elegant design Geschikt voor ruimtes tot 10m²/25m³  Unieke technologie CA-703W voorkomt schimmelvorming en verbetert de luchtkwaliteitIs de lucht in uw binnenruimtes te vochtig dan kan de levenskwaliteit door schimmelsporen, allergenen en ademweg problemen sterk nadelig beïnvloedt worden. De door medische specialisten geadviseerde optimale luchtvochtigheid in gesloten ruimtes ligt in het bereik van 40 tot 60% relatieve luchtvochtigheid.De elektronische luchtontvochtiger CA-703W van Clean Air Optima® geeft schimmelvorming door een te hoge luchtvochtigheid geen kans.De 3-voudige filtertechniek in de CA-703W zuivert praktisch alle ongewenste stoffen, geuren en micro-organismen uit de binnenlucht.Door de tankinhoud van 2 liter en de ontvochtigingscapaciteit van 700ml/dag (bij 30°C en 80% relatieve luchtvochtigheid) is de elektronische luchtontvochtiger CA-703W met ionisator, UV licht en fotokatalytisch filter voor luchtreiniging, geschikt voor ruimtes tot 10m²/25m³ zoals de badkamer, was- en opslagruimtes.Het unieke ontwerp van de CA-703W combineert effectieve luchtontvochtiging met krachtige luchtreiniging, een elegant design, hoge functionaliteit en duurzaamheid als belangrijkste kenmerken. Effectieve luchtontvochtiging CA-703W door thermo-elektrisch Peltier elementQua effect is een Peltier element het omgekeerde van een thermokoppel: bij het thermokoppel wordt een temperatuurverschil over een overgang tussen verschillende metalen omgezet in een elektrische spanning.Het Peltier element zet een elektrische spanning over een overgang tussen verschillende metalen om in een temperatuurverschil.Het Peltier- element in de Clean Air Optima® luchtontvochtiger CA-703W is een elektrische component welke gebruikt wordt om warmte te verplaatsen van een koude naar een warme plek. Een aaneenschakeling van Peltier eenheden kan praktisch als koel (- of verwarming) element toegepast worden en laat vocht condenseren. Op deze wijze is een warmtepomp werking gerealiseerd zonder bewegende delen of vloeistoffen. De Clean Air Optima® luchtontvochtiger CA-703W met ionisator is daardoor zeer onderhoudsarm en trillingsvrij door het ontbreken van een compressor!Effectieve ontvochtiging en reiniging van binnenlucht in zes stappen1. Aanzuigen van de vochtige en verontreinigde binnenlucht door de geluidsarme met kogellagers uitgevoerde, krachtige ventilator2. Peltier elementen waarlangs de vochtige lucht wordt geleid. Vocht condenseert en wordt opgevangen in de tank met een inhoud van 2 liter3. Ionisator capaciteit >3.000.000 negatieve ionen/cm³ reinigt en verfrist de binnenlucht4. UV (ultraviolet) licht elimineert bacteriën, schimmels, schimmelsporen en virussen5. Fotokatalytisch filter / UV led zijn in staat nare geuren te verwijderen en bacteriën en virussen te elimineren6. Antibacterieel materiaal verwerkt in de lichtgewicht behuizing. Schone, gezonde ademlucht stroomt in de binnenruimteIonisatieDe Clean Air Optima® luchtontvochtiger CA-703W beschikt over een ingebouwde ionisator voor de productie van negatieve ionen welke de binnenlucht reinigen en verfrissen. Tot de positieve eigenschappen van de ionisator behoort ook het verrijken van de lucht met actief zuurstof. Negatieve ionen hangen zich aan stofdeeltjes, micro-organismen en andere ongewenste stoffen in de lucht en verbinden deze met elkaar. De deeltjes worden op deze wijze zwaarder dan de lucht en vallen neer of worden door de luchtreiniger uit de lucht gefilterd.UV led lichtUVC licht elimineert bacteriën, schimmels, schimmelsporen en virussenHet fotokatalytisch filter functioneert in combinatie met UV led lichtDoor deze combinatie ontstaat een bijzonder krachtige bacteriën en virus dodende werking. Het fotokatalytisch filter is opgebouwd uit titanium dioxide. Wanneer deze stof wordt blootgesteld aan UV licht, wordt hieruit waterstofperoxide (H²O²) en hydroxide radicalen (OH) vrijgemaakt. Deze stoffen zijn in staat nare geuren te verwijderen en bacteriën en virussen te elimineren.Kenmerken en voordelen• Automatisch werkend programma binnenlucht ontvochtigen en reinigen• Werkt preventief tegen schimmelvorming, roest en schade door vocht• Verwijdert muffe geuren, stof en micro-organismen• Bestrijdt stofmijten en schimmel, reduceert daardoor allergieklachten• Reduceert stookkosten: hoe droger het huis is, hoe lager de stookkosten• Inzetbereik boven 40% relatieve luchtvochtigheid• Luchtreiniging door ionisator, UV licht en fotokatalytisch filter• Ondersteunt wasdroging• Elegant en compact design• Eenvoudige bediening• LED functieaanduiding voor aan / uit, UV en ionisator, volle watertank• Stopt automatisch met LED signaal bij volle tank• Automatische herstart• Krachtige continu ventilatorfunctie• Geluidsarm door met kogellagers uitgevoerde ventilator• Gemakkelijk te verplaatsen door praktische handgreep• Onderhoudsvrij door permanent fotokatalytisch filter en UV LED• Inclusief 12 Volt auto adapter• Laag energieverbruik• Optimale prijs / prestatieverhoudingEffectieve toepassingenDe veelzijdige Clean Air Optima® CA-703W - elektronische luchtontvochtiger met krachtige luchtreiniging door ingebouwde ionisator, UV en fotokatalytisch filter is compact, geluidsarm en zeer effectief. Temperatuur inzetbereik boven 5°C, boven 40% relatieve luchtvochtigheid. Het automatische programma maakt gebruik mogelijk in ruimtes zonder direct toezicht. Door elegant design en decente kleurstelling toepasbaar in elk interieur. Geschikt voor gebruik in de kleinere woonruimte en kantoor, wasruimte, droogruimte, fitnessruimte, badkamer, magazijn etc. etc. Mobiel gebruik en recreatieDoor de extra meegeleverde 12 Volt auto adapter is de makkelijk inzetbare luchtontvochtiger Clean Air Optima® CA-703W ook geschikt voor gebruik in de auto, vrachtwagen, bus, bedrijfswagen, caravan, stacaravan, boot, etc. etc. Voorkoming en vermindering allergieënDe Clean Air Optima® CA-703W - elektronische luchtontvochtiger reduceert de relative luchtvochtigheid in de binnenruimte. Stofmijten, ander ongedierte en schimmelsporen gedijen het beste in een vochtige omgeving. De belangrijkste veroorzakers van allergie klachten zijn stofmijten en schimmel. In combinatie met de krachtige luchtzuivering door de 3-voudige filtertechniek van de CA-703W heeft gebruik van dit unieke apparaat een direct effect op de voorkoming en vermindering van allergieën.
"
60,"Cleanforce Luchtontvochtiger - 1000ml capaciteit - Extreem Stil - 2-in-1 Luchtreiniger - Ontvochtiger huis - Slaapkamer, badkamer, kelder etc.",,Cleanforce,,"4,0",41,"67,95",Op voorraad,https://www.bol.com/nl/nl/p/cleanforce-luchtontvochtiger-1000ml-capaciteit-extreem-stil-2-in-1-luchtreiniger-ontvochtiger-huis-slaapkamer-badkamer-kelder-etc/9300000053539308/,8,"
Is de luchtvochtigheid in jouw huis te hoog? Met de Cleanforce Luchtontvochtiger pak je eenvoudig en doeltreffend vochtproblemen aan. Bescherm jouw huis en familie met een perfect vochtigheidsniveau in al jouw kamers en tijdens elk seizoen. Deze mini dehumidifier verlaagt de luchtvochtigheid in ruimtes tot 20m2 en zorgt voor een optimale vochtigheidsgraad. Vervelende vochtproblemen zoals schimmel en bacteriën kunnen zo gemakkelijk worden voorkomen. Efficiënte ontvochtiging  De draagbare luchtontvochtiger van Cleanforce met een tankinhoud van 1000 ml onttrekt dagelijks tot wel 350 ml water in een vochtige omgeving. De luchtontvochtiger is geschikt voor kamers van 5 tot 20 m2 en houdt het vocht onder 45%. Zet de draagbare luchtontvochtiger gemakkelijk overal waar je maar wilt neer. Het is perfect voor ruimtes met een hoge luchtvochtigheid, zoals de badkamer, kelder, of slaapkamer. Creëer een gezonde en comfortabele leefomgeving  Uit onderzoek blijkt dat een luchtvochtigheid boven 50% ongemakkelijke of andere gezondheidsproblemen kan veroorzaken. De Cleanforce Luchtontvochtiger begint te werken wanneer de luchtvochtigheid hoger is dan 45%, het verzamelt vocht en geeft frisse lucht af, waardoor u een gezonde en comfortabele omgeving krijgt. Met LED licht en automatische uitschakeling De elektrische luchtontvochtiger beschikt over wit LED licht waarmee de luchtontvochtiger ook kan dienen als ambiance- of nachtlampje. Met de automatische uitschakelfunctie voorkom je dat het water overloopt, hierdoor is het ook geschikt om aan te laten wanneer je niet thuis bent. Het groene indicatielampje wordt rood wanneer het waterreservoir moet worden geleegd. Extreem Stil Bij gebruik van de luchtontvochtiger produceert het minder dan 40dB geluid zonder luid of hinderlijk geluid. Je zult niet eens door hebben dat het aanstaat! Ruimte besparend en Draagbaar Deze luchtontvochtiger heeft een cilindrisch ontwerp en een klein formaat (15 x 15 x 23 cm). Perfect voor het regelen van de vochtigheid in uw huis, zoals keuken, badkamer, slaapkamer, kelder, garage, kast. Temperatuur De optimale temperatuur voor de luchtontvochtiger is 15 tot 40°C. Bij deze temperatuur wordt de lucht optimaal ontvocht. Onder de temperatuur van 5°C is de lucht te koud.
"
61,"Luchtontvochtiger - Luchtontvochtiger en luchtreiniger - Luchtontvochtiger slaapkamer, badkamer, kelder, huis - 2in1 - Ontvochtiger - Wit - Klein - Stil - Dehumidifier - Sfeervolle Verlichting-wit",,Merkloos,,"5,0",5,"64,95",,https://www.bol.com/nl/nl/p/luchtontvochtiger-luchtontvochtiger-en-luchtreiniger-luchtontvochtiger-slaapkamer-badkamer-kelder-huis-2in1-ontvochtiger-wit-klein-stil-dehumidifier-sfeervolle-verlichting-wit/9300000169663451/,7,"
Luchtontvochtiger - Creëer een gezond leefklimaatHaal de geavanceerde luchtontvochtiger in huis en geniet van een comfortabel en gezond leefklimaat. Met krachtige prestaties en een stijlvol ontwerp is dit de ideale oplossing voor vochtproblemen in jouw huis. Zeg gedag tegen vochtige ruimtes en verwelkom een frissere, drogere omgeving. ► Voordelen van de luchtontvochtiger en luchtreiniger: ✓ Efficiënte ontvochtiging.✓ Intelligent bedieningspaneel.✓ Geruisloos en muisstil in gebruik.✓ Compact en stijlvol design.✓ Energiezuinig en milieubewuste werking.✓ Geschikt voor iedere leefruimte.✓ Waterreservoir met een inhoudscapaciteit van 1 liter.✓ Verwijderd tot wel 350 ml. vocht per dag.✓ Zeer gebruiksvriendelijk.✓ 7 Led standen voor een sfeervolle inrichting.   Kenmerken: ► Efficiënte ontvochtiging Deze luchtontvochtiger is ontworpen met de nieuwste technologie en het beschikt over slimme sensoren, waardoor de luchtontvochtiger volledig automatisch vocht uit jouw (leef)ruimtes kan verwijderen, waardoor schimmelvorming en muffe geuren worden voorkomen.De luchtontvochtiger kan wel 350 milliliter aan vocht per dag verwijderen. Verder beschikt de luchtontvochtiger over een watertank van maar liefst 1 liter, wat zorgt voor langdurig gebruikt. ► Intelligent bedieningspaneel Met het eenvoudig te gebruiken bedieningspaneel stel je moeiteloos de gewenste luchtvochtigheid in. De automatische modus past zich aan de omgeving aan voor optimaal comfort, waardoor je altijd kunt genieten van een optimale luchtvochtigheid. ► Fluisterstille werking Dankzij geavanceerde geluidsdempende technologieën werkt de luchtontvochtiger bijna geluidloos, ideaal voor gebruik in slaapkamers, woonkamers, studeerkamers of kantoren. ► Compact en stijlvol design Het slanke en stijlvolle ontwerp past gemakkelijk in elke ruimte. Het compacte formaat en lichte gewicht maakt het eenvoudig te plaatsen waar je het nodig hebt, zonder kostbare ruimte in beslag te nemen. ► Energiezuinig Bespaar op energiekosten zonder in te leveren op prestaties. Onze luchtontvochtiger is ontworpen met duurzaamheid in gedachten. ► 7 kleuren De luchtontvochtiger is voorzien van 7 mooie kleuren die je huis lekker opfleuren. Of je nou voor groen, rood of paars gaat, de luchtontvochtiger maakt elke ruimte net wat specialer.   ► Toepassingen:  Woonkamers Slaapkamers Badkamers Kelders Kantoren Studeerkamers      ► In de doos:  Luchtontvochtiger Gebruikershandleiding Stroomkabel      ► Specificaties  Merk: Dehumidifier Materiaal: ABS plastic Gewicht: 1300 gram Afmetingen: 15,2 x 15,3 x 25 cm Kleur: wit Werk temperatuur: 20 tot 50 graden Inhoud waterreservoir: 1 Liter Effectiviteit: 350 ml/per dag Vermogen: 36 Watt      Investeer in jouw gezondheid en een comfortabele leefomgeving. Bestel vandaag nog de luchtontvochtiger en adem gemakkelijk in een frisse en gedroogde leefruimte.
"
62,"L'air Pur luchtontvochtiger slaapkamer - Ontvochtiger huis - Dehumidifier - vochtvreter elektrisch - 1000ML/dag - slaapstand - 3L reservoir - LED - Ook voor badkamer of woonkamer - Tegen schimmel, condens of vochtige was!",,L'air Pur,,"3,9",7,"117,95",Op voorraad,https://www.bol.com/nl/nl/p/l-air-pur-luchtontvochtiger-slaapkamer-ontvochtiger-huis-dehumidifier-vochtvreter-elektrisch-1000ml-dag-slaapstand-3l-reservoir-led-ook-voor-badkamer-of-kelder-tegen-schimmel-condens-of-vochtige-was/9300000107385498/,11,"
Jouw oplossing voor overtollig vocht, schimmels, condens of een langzaam drogende was! Klaar met de vochtvreters? Voorkom een klamme, vochtige omgeving met de krachtige luchtontvochtiger van L'air Pur. Geniet van een aangename huiselijke omgeving en adem fijner, zonder een hoog vochtgehalte. PowerMet zijn 60W is de luchtontvochtiger van L'air Pur krachtig genoeg om ruimtes tot 28m2 tot een zeer aangename luchtvochtigheidsgraad te brengen. Hierdoor is de ontvochtiger in te zetten in bijna alle huiselijke ruimtes, zelfs in een woonkamer van formaat!Hoor jij 'm?De luchtontvochtiger van L'air Pur is zeer stil. Wanneer hij op zijn maximale stand draait, komt het geluid nooit boven de 45dB uit. Wil jij hem graag nog stiller hebben? Geen probleem. Met behulp van de slaapstand komt het geluid zelfs nooit boven de 40dB uit!Ruim reservoir = weinig zelf hoeven doenMet zijn zeer ruime waterreservoir van 3000ML hoeft de luchtonvochtiger maar weinig geleegd te worden. Komt dit moment er dan toch aan, gaat dit zeer gemakkelijk door middel van het afneembare station. één L per dag onder de juiste omstandighedenZoals eerder vermeld, heeft de luchtontvochtiger kracht zat. Hierdoor kan de ontvochtiger onder de ideale omstandigheden tot 1000ml/dag uit jouw vochtige ruimte halen! De ontvochtiger werkt op het condensatieprincipe. Condensatie luchtontvochtigers zijn over het algemeen effectiever bij hogere temperaturen. Dit komt omdat warme lucht meer vocht kan bevatten dan koude lucht. Bij hogere temperaturen kan het apparaat efficiënter werken en meer vocht uit de lucht halen. Om deze reden adviseren wij de ontvochtiger te gebruiken in verwarmde ruimtes.  NL HandleidingGebruiksgemak. De luchtontvochtiger wordt geleverd inclusief een Nederlands- en Engelstalige handleiding. Hierin staat precies hoe alles werkt! Rood, groen of blauw? 7 keuzes LED-verlichtingEen mooi zwart design gepaard met een keuze uit 7 verschillende LED-verlichtingen. De luchtontvochtiger van L'air Pur is naast praktisch ook passend binnen elke ruimte! Met zijn 7 keuzes kan hij opgaan in elke gewenste atmosfeer.Zelf uitzetten? Niet nodigIs het moment supreme aangebroken en zit het waterreservoir vol? Vrees niet, de luchtontvochtiger schakelt zichzelf automatisch uit. Hiernaast gaat het LED-lampje knipperen om aan te geven dat het reservoir geheel gevuld is. Uitgebreide rangeDe dehumidifier werkt binnen een uitgebreide temperatuursrange. Hij is op zijn sterkst tussen de 20 en 32 graden, waarin hij zeer snel de luchtvochtigheid van 80% terugbrengt naar 50%! Zie de productieafbeeldingen wat er verwacht mag worden van de ontvochtiger onder verschillende omstandigheden. + + + Punten:  Energiebesparend (60W) Bruikbaar in ruimtes t/m 28m2 Zeer stil (slaapstand <40dB) Ruim reservoir van 3000ML tot 1000ML/dag 7 keuzes LED-verlichting Schakelt automatisch uit Slaapmodus CE-Markering Strak design NL handleiding 
"
63,"Auronic Luchtontvochtiger - 16L - Slaapkamer, Badkamer, Woonkamer en Kantoor - Wit",,Auronic,Auronic Luchtontvochtigers,"4,7",57,"199,99",Op voorraad,https://www.bol.com/nl/nl/p/auronic-dehumidifier-16l/9300000150185223/,12,"
Ervaar een ongekend comfort met de Auronic Luchtontvochtiger, jouw ultieme oplossing voor klamme ruimtes en vochtig wasgoed. Deze hoogwaardige luchtontvochtiger rekent snel en effectief af met deze ongemakken, en verbetert jouw wooncomfort in een handomdraai. Maak gebruik van de geavanceerde droogfunctie die jouw kleding in recordtijd droogt, de redder in nood tijdens drukke wasdagen. Kies vandaag nog voor de Auronic luchtontvochtiger en geniet meteen van een comfortabeler thuis. Jouw voordelen  Capaciteit van 16L: ideaal voor grotere ruimtes Met speciale droogfunctie voor kleding Zuinig: slechts 0,21 KW/h verbruik Met timerfunctie (0-24H) 2 meter lange afvoerslang en 180 cm kabel Automatische defrost functie  Krachtige prestaties Deze krachtige luchtontvochtiger kan tot wel 16 liter vocht per dag te onttrekken, waardoor vochtige kamers tot het verleden behoren. Maar dat is niet alles, zijn ingebouwde R290 koelmiddel maakt hem ook milieuvriendelijk, geurloos en een veilige keuze voor jouw woning. Slimme functies Stel je voor: je hebt haast en moet de net gewassen kleren snel drogen. Geen zorgen, de Auronic luchtontvochtiger biedt de oplossing. Met zijn speciale droogfunctie voor kleding zorg je ervoor dat jouw was snel droog wordt! En met de automatische vochtigheidsmeter, die de vochtigheid in de kamer meet en aanpast, hoef je je nooit meer zorgen te maken over ongewenste vochtproblemen. Handig in gebruik Met behulp van de indicatielampjes kun je eenvoudig zien wat de vochtigheid in de kamer is. Rood staat voor +70% vochtigheid, groen voor 50-70% vochtigheid en blauw voor 30-50% vochtigheid. Zo geniet je van een comfortabele ruimte en blijf je altijd moeiteloos op de hoogte van de vochtigheid in de kamer. Gezondheid en comfort Een hoge luchtvochtigheid in huis kan leiden tot problemen zoals schimmels en mijten, met alle gevolgen van dien. Door effectief vocht te verminderen, zorgt de luchtontvochtiger voor een gezonder binnenklimaat, beschermt het je woning en voorkomt het allergieën. En het beste? Dankzij het lage energieverbruik van slechts 0,21 KW/h, is het ook een slimme keuze voor elk huishouden dat streeft naar een gezonde leefruimte zonder hoge kosten. Multifunctioneel De droogfunctie voor kleding helpt je was sneller te drogen, terwijl de timerfunctie en de mogelijkheid om alleen de ventilator te gebruiken, je volledige controle geven over je binnenklimaat. Wil je de ontvochtiger verplaatsen naar een andere kamer? Dat kan gemakkelijk dankzij de handige handvatten en wieltjes. Ook kun je de ontvochtiger moeiteloos in elke ruimte gebruiken dankzij de 2 meter lange afvoerslang en een 180 cm kabel. Zorg ervoor dat je de ontvochtiger niet aanzet tijdens het douchen in de badkamer, maar je kunt het prima na het douchen gebruiken. Over Auronic Technologie en gemak gaan hand in hand bij Auronic. Elk van onze apparaten, of het nu een ontvochtiger of powerbank is, staat symbool voor gebruiksgemak. In een tijd waarin technologie steeds sneller evolueert, geloven wij dat eenvoud de oplossing is. Ontdek de betrouwbaarheid van onze producten, verkrijgbaar op bol.com.  
"
64,Eeese Otto 13L - Luchtontvochtiger,,Eeese,,"4,8",12,"189,-",,https://www.bol.com/nl/nl/p/eeese-otto-13l-luchtontvochtiger/9300000140350213/,11,"
De Eeese Otto 13L is een krachtige luchtontvochtiger die zowel via WiFi als met Google Assistant kan worden bediend. Op deze manier wordt het nog makkelijker om een perfecte luchtvochtigheid in huis te realiseren! Met slechts 35 dB(A) is de Eeese Otto 13L extra stil. Daarbij heeft de Eeese Otto 13L Luchtdroger een oscillerende wasdroogfunctie en is IPX4-geclassificeerd zodat de Eeese Otto 13L in natte ruimtes kan worden gebruikt en heeft hij bovendien een laag stroomverbruik van slechts 145 Watt.   Productbeschrijving: Eeese Otto 13L - Luchtontvochtiger Droogfunctie voor kleding Efficiënt, beter voor het milieu en een lager elektriciteitsverbruik. In veel huishoudens moet een wasdroger worden gebruikt om de kleding van het hele gezin snel te laten drogen. Ook hierbij kan de Eeese Otto 13L luchtontvochtiger helpen. De luchtontvochtiger heeft een ingebouwde kledingdroogfunctie die via het functionele display kan worden bediend. Met slechts één klik op het display wordt de oscillerende praktische kledingdroogfunctie gestart, die de kleding extra snel droogt. Omdat het stroomverbruik slechts 145 watt bedraagt, is deze luchtontvochtiger een goedkoper en slimmer alternatief voor een wasdroger. Gebruik je Otto-luchtontvochtiger in de badkamer De badkamer is één van de vertrekken waar veel vocht gevormd wordt. Na een warm bad is het fijn om de Otto 13L luchtontvochtiger aan te kunnen zetten om snel een normale luchtvochtigheid in de kamer te bereiken. De Otto 13L luchtontvochtiger is IPX4-geclassificeerd voor natte ruimtes en dus kunt u de Eeese Otto 13L veilig in de badkamer plaatsen. Automatische vochtregulatie De Eeese Otto 13L luchtdroger is uitgerust met een auto-modus die de vochtigheid in het vertrek controleert en overtollig vocht verwijdert. Op het display van de ontvochtiger stelt u de gewenste luchtvochtigheid in, zodat u precies de gewenste luchtvochtigheid in het vertrek bereikt. Deze instellingen worden automatisch opgeslagen, ook als de luchtontvochtiger uit staat, zodat je ze de volgende keer niet opnieuw hoeft in te stellen. WiFi – de ontvochtiger regelen via je telefoon of Google Assistant Deze luchtontvochtiger is voorzien van WiFi, waardoor je hem eenvoudig via je mobiele telefoon kunt regelen. Hij is slim, flexibel en innovatief. De ontvochtiger is ook compatibel met Google Assistant. Eenvoudig in gebruik Met zijn slechts 10.2 kilo is de ontvochtiger gemakkelijk te verplaatsen, afhankelijk van de ruimte waar je hem wil gebruiken. De luchtontvochtiger is voorzien van praktische handgrepen die mooi in het ontwerp zijn geïntegreerd. Zeer laag stroomverbruik Met de praktische timerfunctie kun je zelf bepalen wanneer de ontvochtiger actief moet zijn. De ontvochtiger heeft een laag stroomverbruik van 145 Watt. Dit is heel laag voor een luchtontvochtiger die tot 13 liter per dag kan ontvochtigen. De Otto kan met een afvoerslang rechtstreeks worden aangesloten op een afvoer in huis. Dat is een groot voordeel, want hierdoor kun je het vertrek droog houden zonder dat je je zorgen hoeft te maken dat de watertank vol raakt. Kies je ervoor geen afvoerslang aan te sluiten, dan heeft de luchtontvochtiger een automatische uitschakelfunctie met een volle tank-indicator, die waarschuwt met een alarm en de luchtontvochtiger zelfs uitschakelt als de tank vol is. De tank heeft een capaciteit van 2.3 liter. De ontvochtiger met een discreet geluid Het is geen probleem om de Otto 13L 's nachts aan te laten, want hij heeft een slimme slaapstand, die je eenvoudig activeert. Als deze functie is ingesteld, werkt de luchtontvochtiger met een lage ventilatorsnelheid en een geluidsniveau van slechts 35 dB(A). Eeese Otto 13L – een kwaliteitsproduct van Eeese De Eeese Otto 13L Luchtontvochtiger maakt deel uit van de populaire serie van Eeese. Alle apparaten in deze serie zijn gemaakt met als doel de perfecte synergie te creëren tussen gedegen kennis van het Europese klimaat en milieu, een stijlvol en gestroomlijnd Scandinavisch design en de nieuwste technologie. Otto’s speciale talenten  Stijlvol en compact design Ontvochtigingscapaciteit 13 liter/dag Wifi – compatibel met Google Assistant Extra stil – slechts 35 dB(A) Zeer laag stroomverbruik – slechts 145 Watt Oscillerende kledingdroogfunctie Timerfunctie Antibacterieel luchtfilter Ingebouwde ionisator IPX4-geclassificeerd – ook geschikt voor gebruik in natte ruimtes Praktische handgrepen – zeer gemakkelijk te verplaatsen Kinderbeveiliging Automatische uitschakeling bij een volle watertank 
"
65,Nordix Luchtontvochtiger - Navulbaar - Vochtopnemer - Absorberend - 13 x 13 cm - Vochtvanger - Auto - Voor in huis,,Nordix,,"2,5",2,"10,95",Op voorraad,https://www.bol.com/nl/nl/p/orange85-vochtvreter-navulbaar-absorberend-13-x-13-cm-vochtvanger-auto-voor-in-huis/9300000039389410/,7,"
De Nordix luchtontvochtiger Navulbaar beschermt je kamer, auto of garage tegen vocht, vieze geurtjes en schimmelvorming. De luchtontvochtiger is eenvoudig in gebruik en beschikt over een opvangbak van 400 ML. Het meegeleverde zoutgranulaat bindt het vocht en geeft het af aan de opvangbak als vloeistof. Het product wordt meegeleverd met 2 vullingen en is navulbaar.  Opvangbak van 400 ML Geschikt voor vochtige ruimtes Materiaal kunststof Navulbaar  Specificaties van de luchtontvochtiger:  Merk: Nordix Materiaal: Kunststof Afmeting: 12 x 13 x 13 Kleur: Wit / Blauw 
"
66,AG Commerce - Huishoudelijke Mini Ontvochtiger - Elektrische Vochtvanger - Kelder Droogmiddel Machine - Lucht Droger,,AG Commerce,,"5,0",1,"69,95",,https://www.bol.com/nl/nl/p/ag-commerce-huishoudelijke-mini-ontvochtiger-elektrische-vochtvanger-kelder-droogmiddel-machine-lucht-droger/9300000167366168/,6,"
    Introductie   Op zoek naar een compacte ontvochtiger? AG Commerce presenteert de Huishoudelijke Mini Ontvochtiger, de perfecte elektrische vochtvanger voor kelders, kamers en zelfs keukens! Met een 800ML water tank en een vocht extractie capaciteit van 200-300M/24H, houdt deze lucht droger jouw ruimte droog en fris. Met het ingebouwde ABS plastic materiaal en een vermogen van 25W is dit de ideale luchtontvochtiger voor jouw baseroom. Bestel vandaag nog! Specificaties 1. De AG Commerce Huishoudelijke Mini Ontvochtiger is gemaakt van duurzaam ABS plastic, waardoor het lang meegaat en bestand is tegen dagelijks gebruik. 2. Met een ingangsspanning van 220V-240V/50HZ en een uitgangsspanning van DC9V, is deze ontvochtiger geschikt voor gebruik in Nederlandse huizen. 3. Met een vermogen van 25W is de ontvochtiger energiezuinig en helpt het energiekosten te besparen. 4. De water tank heeft een volume van 800ML, wat betekent dat je minder vaak de tank hoeft te legen en langer kunt genieten van een drogere omgeving. 5. Met een vocht extractie capaciteit van 200-300M/24H, is deze ontvochtiger in staat om effectief vocht uit de lucht te verwijderen en zo schimmel en andere vochtproblemen te voorkomen. 6. Het netsnoer heeft een lengte van 125cm, wat zorgt voor voldoende flexibiliteit bij het plaatsen van de ontvochtiger in de gewenste locatie. 7. Met een compacte productgrootte van 16.5*14.5*23cm, neemt de ontvochtiger weinig ruimte in beslag en kan gemakkelijk in elke kamer worden geplaatst. 8. De AG Commerce Huishoudelijke Mini Ontvochtiger wordt geleverd met een handleiding, waterleiding, netsnoer en host, zodat je direct kunt beginnen met het gebruik ervan. Met de AG Commerce Huishoudelijke Mini Ontvochtiger ben je verzekerd van een betrouwbare en effectieve oplossing voor vochtproblemen in huis. Dankzij de compacte en gebruiksvriendelijke ontwerp is deze ontvochtiger geschikt voor iedereen die op zoek is naar een makkelijk te gebruiken en onderhoudsvrije ontvochtiger. Bestel nu en geniet van een drogere en gezondere leefomgeving! USP's Compacte ontvochtiger voor huishoudelijk gebruik De AG Commerce Huishoudelijke Mini Ontvochtiger is de perfecte oplossing voor mensen die op zoek zijn naar een compacte ontvochtiger voor hun huis. Met een afmeting van slechts 16.5*14.5*23cm past deze machine gemakkelijk in elke kamer. Eenvoudig te gebruiken en onderhouden Deze elektrische vochtvanger is eenvoudig te gebruiken en te onderhouden. Het product wordt geleverd met een handleiding, waterleiding, netsnoer en host, zodat je alles hebt wat je nodig hebt voor een probleemloze ervaring. Krachtige vochtextractie Met een vochtextractiecapaciteit van 200-300M/24H is deze ontvochtiger in staat om effectief overtollig vocht in de lucht te verwijderen. Met een vermogen van 25W zorgt deze machine voor een optimale droging van je kelder, waardoor schimmel en vochtproblemen worden voorkomen. Voordelen Met de AG Commerce Huishoudelijke Mini Ontvochtiger haal je een compacte en efficiënte machine in huis die ervoor zorgt dat de lucht in jouw kelder of andere ruimtes fris en droog blijft. Dankzij de elektrische vochtvanger hoef je je geen zorgen meer te maken over schimmelvorming of muffe geuren. Deze krachtige lucht droger verwijdert moeiteloos overtollig vocht uit de lucht, waardoor jouw ruimtes altijd aangenaam en gezond blijven. Met een vermogen van 25W is deze ontvochtiger energiezuinig en stil. Je kunt dus genieten van een aangename omgeving zonder hinderlijke geluiden. Daarnaast is het apparaat eenvoudig te bedienen en kun je de gewenste instellingen gemakkelijk aanpassen. De AG Commerce Huishoudelijke Mini Ontvochtiger is gemaakt van duurzaam ABS plastic en heeft een water tank volume van 800ML. Hierdoor hoef je de tank niet vaak te legen en kun je de ontvochtiger voor langere tijd gebruiken zonder onderbreking. Met een vocht extractie capaciteit van 200-300M/24H weet je zeker dat de lucht in jouw ruimtes snel droogt. Of je nu de ontvochtiger inzet in de kelder, de keuken of een andere ruimte, hij zal zijn werk altijd naar behoren doen. Daarnaast wordt de AG Commerce Huishoudelijke Mini Ontvochtiger geleverd met handige accessoires, zoals een handleiding, waterleiding, netsnoer en de host. Zo kun je direct aan de slag en hoef je geen extra kosten te maken voor losse onderdelen. Wil jij ook genieten van schone, droge lucht in jouw huis? Bestel dan nu de AG Commerce Huishoudelijke Mini Ontvochtiger en ervaar het verschil!   FAQ Veelgestelde vragen over de AG Commerce Huishoudelijke Mini Ontvochtiger: 1. Wat zijn de belangrijkste parameters van deze ontvochtiger? De belangrijkste parameters van deze ontvochtiger zijn:- Materiaal: ABS plastic- Ingangsspanning: 220V-240V/50HZ- Uitgangsspanning: DC9V- Vermogen: 25W- Water tank volume: 800ML- Vocht extractie capaciteit: 200-300M/24H- Netsnoer lengte: 125cm- Product grootte: 16.5*14.5*23cm 2. Welke accessoires worden er meegeleverd? Bij deze ontvochtiger worden de volgende accessoires meegeleverd:- Handleiding- Waterleiding- Netsnoer- Host 3. Welke ontvochtigingstechnologie wordt er gebruikt? Deze ontvochtiger maakt gebruik van de compressor ontvochtigingstechnologie. 4. Wat zijn de afmetingen van deze ontvochtiger? De afmetingen van deze ontvochtiger zijn: 20*17.5*27cm. 5. Wat is de toepassingstemperatuur van deze ontvochtiger? Deze ontvochtiger is geschikt voor toepassingen bij temperaturen tussen 11-20 graden Celsius.
"
67,TROTEC Peltier luchtontvochtiger TTP 2 E,,Trotec,,"3,6",5,"34,95",,https://www.bol.com/nl/nl/p/trotec-peltier-luchtontvochtiger-ttp-2-e/9200000088319683/,12,"
    Optimale droogoplossing - in een tijdloos designMet de ultracompacte Peltier luchtontvochtiger TTP 2 E kunnen overtuigende resultaten worden behaald in de kleinste ruimtes. Omdat het ongeveer 2/3 van de ruimte van een schoenendoos in beslag neemt - maar anders dan dit is uitgerust met een innovatieve thermo-elektrische technologie die altijd droge omstandigheden belooft en u bevrijdt van muffe, vochtige binnenlucht.Met een ontvochtigingscapaciteit van ongeveer 220 ml kunnen ruimtes tot 5 m² betrouwbaar worden gedroogd. Dankzij het eenvoudig elegante ontwerp en de speciale compactheid past de TTP 1E in elke woon- en werkomgeving. De Peltier-luchtontvochtiger is echter in goede handen, vooral bij gevoelige vochtplekken. Kleding- en schoenkasten, voedselopslagkamers of zelfs kleine sanitaire ruimtes zonder raam, de TTP 2 E bevrijdt van vocht of vermindert de condensatie en voorkomt zo schimmelgroei.De werking is niet alleen op een energiezuinige manier geoptimaliseerd, maar ook dankzij het Peltier-element fluisterstil, verstoort het apparaat de nachtrust niet. Bovendien scoort het TTP-apparaat met zijn gebruiksgemak: sluit de stekker aan op het stroomnet, schakel in en u bent klaar. Een LED geeft duidelijk aan of het apparaat in bedrijf is en of het waterreservoir moet worden geleegd. Elk apparaat werkt totdat een sensor aangeeft dat de watertank van 500 ml vol is en schakelt vervolgens automatisch uit. Zodra de het reservoir geleegd is, wordt de werking automatisch hervat. Dankzij de geïntegreerde luchtreinigingsfunctie filtert de TTP 2 E dierenharen, pluisjes en stof uit de lucht.Praktische voordelen xisvorteile des TTP 2 EVoor het drooghouden van slecht geventileerde ruimtesHoge flexibilitetit door extra compacte bouwwijzeModern thermo-elektrisch Peltier-element (zonder compressor en koelmiddel)Luchtreingingsfunctie – filtert dierharen, pluishes en stofWaarschuwingslampje bij vol waterreservoirAutomatische uitschakeling bij vol waterreservoirAantrekkelijk, compact designMet een transparant waterreservoirBedrijfswaarschuwingslampjeDe gedetailleerde technische gegevens:Ontvochtigingscapaciteit max. (l/24h): 0,22Aanbevolen voor ruimtes tot 5 m² / 12,5 m³Netaansluiting: 100 - 240 V/50 - 60 HzNominaal stroomverbruik: 0,6 AOpgenomen vermogen: 0,02 kWKabellengte: 1,4 mWaterreservoir (Inhoud): 0,5 lGeluidsniveau (Afstand 1m): 35 dB(A)Afmetingen (LxBxH): 95x150x220 mmGewicht: 1 kg
Let op: specificaties kunnen zonder opgave van redenen in het belang van een lopende productverbetering door de fabrikant worden gewijzigd.
Aan de afbeeldingen van producten en eventueel getoonde specificaties of keurmerken kunnen geen rechten worden ontleend
"
68,Luchtontvochtiger - Luchtreiniger - Vochtvreters Voor in Huis - Dehumidifier - Ontvochtiger - Stil - 350ML per dag - Slaapkamer en Badkamer,,VANTILATE,,"3,8",5,"59,95",Op voorraad,https://www.bol.com/nl/nl/p/luchtontvochtiger-luchtreiniger-vochtvreters-voor-in-huis-dehumidifier-ontvochtiger-stil-350ml-per-dag-slaapkamer-en-badkamer/9300000142156852/,9,"
Haal de vochtigheid uit de lucht en verbeter de luchtkwaliteit in je huis met deze krachtige dehumidifier. Dit handige apparaat verwijdert tot 350ml vocht per 24 uur uit de lucht en vermindert zo de kans op schimmelvorming, allergieën en andere gezondheidsproblemen. Deze dehumidifier produceert minder dan 36dB geluid, zodat je er nauwelijks last van hebt. Bovendien is hij uitgerust met een led-lampje dat in zeven verschillende kleuren kan branden, zodat je een aangename sfeer in huis creëert. De dehumidifier is voorzien van een waterreservoir, waarin het verzamelde vocht wordt opgevangen. Als het reservoir vol is, schakelt het apparaat automatisch uit en wordt het led-lampje rood. Zo weet je wanneer het tijd is om het reservoir te legen. Dit apparaat is ideaal voor ruimtes van 10m2 tot 25m2 en levert de beste resultaten op in deze ruimtes. Met zijn stijlvolle ontwerp en gebruiksvriendelijke bediening is deze dehumidifier een aanwinst voor elk huishouden.   Voordelen op een rij: : Ontvochtigt 350 ML per dag: Stil: Luchtreiniging: Modern ontwerp: 7 LED kleuren. : Automatische uitschakeling: Slaapknop voor stillere werking. : Weinig verbruik Inhoud verpakking: - Luchtontvochtiger- Handleiding - Adapter / stekker Kies voor gezonde en comfortabele lucht in huis met deze dehumidifier. Bestel hem vandaag nog en geniet van de vele voordelen die hij te bieden heeft!""
"
69,"Evolar EVO-DH65 Luchtontvochtiger - Air purifier - 2-in-1 - Ontvochtigt 650ml per Dag - HEPA filter - Geschikt voor Woonkamer, Slaapkamer, Badkamer en Kelder - tank 1,5 liter - Wit",,Evolar,,"3,9",31,"59,95",Op voorraad,https://www.bol.com/nl/nl/p/evolar-evo-dh65-luchtontvochtiger-air-purifier/9300000078635824/,22,"
Ben je op zoek naar een luchtontvochtiger die niet alleen ervoor zorgt dat de lucht in je ruimte minder vocht bevat, maar die ook de lucht tegelijkertijd reinigt? Dan is de Evolar EVO-DH65 luchtontvochtiger / airpurifier echt hét product dat je zoekt. De EVO-DH65 haalt ongeveer 650ml vocht per dag uit de lucht en kan een vochtgehalte bereiken van 30 tot 80 procent. Zo hoef je nooit meer last te hebben van benauwdheid in je eigen huis. Zet de luchtontvochtiger op je slaapkamer tijdens warme benauwde dagen of zet hem in je badkamer na het douchen om vochtvlekken en schimmel te voorkomen! OmschrijvingDe luchtvochtiger heeft een modern uiterlijk. De afmetingen zijn 221x138x308mm en daarmee is hij lekker compact en overal te plaatsen. Door zijn lichte gewicht van slechts 2,6kg is hij gemakkelijk op te tillen en kun je hem neerzetten waar je maar wil. De luchtontvochtiger / luchtreiniger heeft een bereik van 20m2. Je kunt hem dus gemakkelijk in een slaapkamer, woonkamer, washok, toilet of badkamer plaatsen. Ook kun je hem tijdens het werken of slapen lekker aan laten staan, want de EVO-HD65 heeft een zeer laag geluidsniveau van slechts 42 decibel. Werking en gebruikHet apparaat is gemakkelijk te bedienen aan de hand van het aan/uitknopje aan de bovenzijde van de unit. Wanneer je het apparaat inschakelt, gaat het indicatielampje groen branden. De luchtonvochtiger doet dan vanzelf zijn werk. De lucht wordt door het apparaat naar binnen gezogen en gaat langs het filter heen waardoor de lucht gereinigd wordt. Vervolgens condenseert hij de lucht en blaast droge lucht weer naar buiten. Indien het luchtfilter is vervuild, kun je deze voorzichtig schoonzuigen. Voordelen Zowel ontvochtigen als luchtreinigenDe Evolar EVO-DH65 kan niet alleen de lucht ontvochtigen, maar ook reinigen. Hierdoor is deze 2-in-1 luchtontvochtiger multifunctioneel.  Verwijdert 650ml vocht per dagDe Evolar EVO-DH65 verwijdert 650ml vocht uit de lucht per dag, waardoor je kunt genieten van een heerlijke luchtvochtigheid in je ruimte. De luchtontvochtiger heeft een watertank van 1 liter. Dat betekent dat je de tank om de 2/3 dagen moet legen als je hem de hele dag aan hebt.  Zeer stilDe luchtreiniger is zeer stil, waardoor je hem gewoon aan kunt laten staan wanneer je wilt slapen of werken. Specificaties: Afmetingen: 221x138x308mm Gewicht: 2,6 kg Watertank 1 liter 2 jaar garantie Geschikt voor ruimtes tot 20m² Zeer stil geluidsniveau van 42 dB(A) Luchtvochtigheid van 30 tot 80%
"
70,Regenwolk Luchtbevochtiger - humidifier - Regendruppel - Slaaptrainer - Aroma Diffuser - Nachtlamp - Rustgevende Verlichting - cadeau tip -,,’merkloos’,,,,"39,95",Op voorraad,https://www.bol.com/nl/nl/p/4-in-1-regendruppel-humidifier-luchtbevochtiger-aroma-diffuser-regenwolk-luchtbevochtiger-slaaptrainer-aroma-diffuser-nachtlamp/9300000158584071/,7,"
    De Humidifier is een veelzijdige luchtbevochtiger die de mogelijkheid biedt om een kamer te voorzien van een heerlijk aroma naar keuze. Met diverse knoppen kunt u verschillende standen en modi instellen. Het royale reservoir zorgt ervoor dat u een hele dag kunt genieten van de toegevoegde aromageur zonder tussentijds bij te vullen. Bij deze Humidifier wordt tevens een afstandsbediening meegeleverd, waarmee u de kleur op afstand kunt aanpassen. Wist u dat de Humidifier ook dienst kan doen als White Noise Machine? Het zachte druppelen van regen kan bijdragen aan een snellere inslaapfase, wat ideaal is voor een betere nachtrust. Rustgevend: Dankzij de diverse standen en modi kunt u de sfeer naar eigen wens instellen. Het rustgevende geluid van druppels, gecombineerd met het aroma en de verschillende LED-kleuren, zorgt voor optimale ontspanning tijdens activiteiten zoals leren, lezen, slapen of yoga. Het perfecte cadeau: Deze Humidifier zal mensen verrassen en vormt een geliefde toevoeging. Het is niet zomaar een luchtbevochtiger, maar een exemplaar dat perfect past op elk nachtkastje, bureau, tafel of keukenaanrecht, dankzij het unieke design.
  "
71,"Evolar EVO-DH1000 Luchtontvochtiger - Ontvochtigt 10L per Dag - Geschikt voor Woonkamer, Slaapkamer, Badkamer en Kelder - Fluisterstil - Wit",,Evolar,,"3,9",31,"139,95",Op voorraad,https://www.bol.com/nl/nl/p/evolar-evo-dh1000-luchtontvochtiger/9300000078633895/,16,"
Heb je last van een ademwegproblemen door een benauwde lucht in huis en wil je de lucht graag kunnen ontvochtigen? Of heb je misschien last van vocht- of schimmelplekken door een te hoge luchtvochtigheid? Als je de lucht in je huis wilt ontvochtigen is de Evolar EVO-DH1000 iets voor jou! De ontvochtiger zuigt zeer stil de vochtige lucht op. De lucht gaat vervolgens door het luchtfilter, het apparaat condenseert het en blaast vervolgens droge lucht weer uit. De ontvochtiger kan wel 10 liter water uit de lucht trekken per dag, waardoor jij weer kunt genieten van de ideale luchtvochtigheid! OmschrijvingDe luchtontvochtiger heeft een modern en strak design. Het apparaat is zeer gemakkelijk te verplaatsen aan de handgreep aan de bovenzijde en hij is voorzien van rubberen voetjes, zodat hij een goede grip met de grond heeft. Je kunt zelf het gewenste vochtgehalte in de kamer instellen van 30% tot 90%. De ontvochtiger is geschikt voor ruimtes tot 20m2. Dat betekent dat je een kleine woonkamer, een slaapkamer, een badkamer of was- en opslagruimtes binnen no time kunt ontvochtigen! En dat kan zelfs wanneer je slaapt, studeert of werkt, want apparaat is zeer stil met een geluidsniveau van slechts 42 decibel. Werking en gebruikDe ontvochtiger is te bedienen aan de hand van een display aan de bovenzijde van het apparaat. Op het display zitten vier drukknoppen die je kunt gebruiken om de ontvochtiger aan te zetten, de gewenste vochtgehalte in de kamer in te stellen en om de timer in te stellen. Naast de drukknoppen bevinden er zich ook LED-lampjes op de unit om aan te geven welke stand op dat moment aan staat. Zo geeft de ontvochtiger aan wanneer de timerstand, de compressorstand of de ontdooistand aanstaat. Ook geeft het apparaat aan wanneer de tank vol is, zodat je deze kunt legen. Het display geeft ook het huidige vochtgehalte in de ruimte weer. Indien het luchtfilter is vervuild, hoef je deze niet te vervangen. Je kunt hem schoonspoelen en schoonzuigen. Niet alleen erg gemakkelijk, maar ook nog eens duurzaam! Voordelen Verwijdert 10 liter vocht per dagDe Evolar EVO-DH1000 verwijdert wel 10 liter vocht uit de lucht in no time, waardoor je kunt genieten van een heerlijke luchtvochtigheid in je ruimte. Je hoeft nooit meer last te hebben van benauwdheid of last van vochtplekken in je huis.  Zeer stilHet apparaat is zeer stil, waardoor je hem gewoon aan kunt laten staan wanneer je wilt slapen of werken. Met 42 decibel is hij één van de stilste luchtontvochtigers die er zijn.  Handige timerfunctieDe luchtontvochtiger heeft een zeer handige timerfunctie, waarbij je een timer kunt laten aflopen. Je kunt daarbij de timer per uur instellen met een maximum van 24 uur. Specificaties: Timer: instelbaar van 1 tot 24 uur Voorzien van milieuvriendelijk R290 koelgas  Watertank 1,5 liter 2 jaar garantie Geschikt voor ruimtes tot 20m² Zeer stil geluidsniveau van 42 dB(A)
"
72,Luchtontvochtiger - Extreem Stil - 350ml/dag - Geschikt voor Huis / Slaapkamer & Badkamer,,Exclusive by TW,,"4,4",29,"69,95",Op voorraad,https://www.bol.com/nl/nl/p/luchtontvochtiger-extreem-stil-350ml-dag-geschikt-voor-huis-slaapkamer-badkamer/9300000135269950/,9,"
Wil jij jouw meubels beschermen, allergenen tegengaan en vrijer kunnen ademen op een gemakkelijke en snelle wijze? De Exclusive by TW luchtontvochtiger pakt de vochtproblemen bij de bron aan! De ontvochtiger is speciaal ontworpen met de nieuwste technologie en het beschikt over de slimste sensoren, waardoor je automatisch vocht uit je woonkamer, kelder of slaapkamer verdwijnen. Dit zorgt ervoor dat je voor eens en altijd gedag kan zeggen tegen vochtplekken, klamme ruimtes en onnodige schimmel. Extra krachtig en compactDeze luxe dehumidifier verwijderd tot wel 350 ML aan vocht per dag en transformeert jouw ruimte tot een goed gereinigde oase. Daarnaast is de luchtontvochtiger van Exclusive by TW compact en licht van gewicht. Hierdoor kan je de luchtontvochtiger eenvoudig verplaatsen en opbergen. Ruim reservoirDe luchtontvochtiger is voorzien van een ruime watertank van 1000 ml zodat je het opvangbakje niet steeds leeg hoeft te gieten. Is de tank vol? Geen probleem, het apparaat schakelt zichzelf automatisch uit. Gooi de tank inhoudt leeg en klaar is kees! Jouw voordelen  Waterreservoir met een inhoudscapaciteit van 1 liter Verwijderd tot wel 350 ml vocht per dag Zeer gebruiksvriendelijk en handzaam Voorzien van de nieuwste technologie Laag energieverbruik Geruisloos en muisstil in gebruik Volledig automatisch vocht verwijderen uit je woonkamer, slaapkamer of kelder 7 sfeervolle LED Kleuren  Geruisloos en fluisterstilDeze reinigende ontvochtiger is uitgerust met een ingebouwde motor, welke weinig tot geen geluid maakt. Dit zorgt ervoor dat het volledig automatisch zijn werk doet zonder dat je tussentijds zal worden gestoord. Hierdoor hoeft je enkel het apparaat in de slaapkamer plaatsen zonder dat het je nachtrust zal verstoren. Voor ruimtes van 10m² tot 25m².Voor het beste resultaat plaats je de luchtontvochtiger in een ruimte tussen 10m² tot 25m². Gebruik hem dus in kleine ruimtes zoals de bijkeuken, maar ook in grotere ruimtes zoals de slaapkamer! De gewenste kamertemperatuur is tussen 8°C en 40°C. De luchtontvochtiger zal niet goed werken bij kamertemperaturen onder 5°C of onder 45% luchtvochtigheid. Er zit dan te weinig vocht in de lucht. Druk op ‘in winkelwagen’ en zeg gedag tegen vocht in je woonkamer, slaapkamer of kelder en geniet van een frisse lucht.
"
73,GoldenGoods® Luxe Luchtontvochtiger 1Lt. - 2-in-1 Luchtreiniger - Ontvochtigt 450ML/Dag - Geschikt voor Babykamer & Slaapkamer - Extreem Stil - Woonkamer/Huis - Sfeervolle Verlichting - Zwart,,Golden Goods,,"3,7",12,"52,95",Op voorraad,https://www.bol.com/nl/nl/p/goldengoods-luxe-luchtontvochtiger-1lt-geschikt-voor-babykamer-slaapkamer-ontvochtigd-350ml-dag-woonkamer-huis-led-zwart/9300000134562267/,10,"
Heb je last van vochtproblemen of is een ruimte in huis te vochtig? Los dit direct op met de GoldenGoods luchtontvochtiger. Het apparaat is ontzettend zuinig (45W) en kan daardoor dag en nacht aanstaan. Hij haalt binnen 24 uur tot 450ML water uit de lucht, per sessie 1000ML en schakelt zichzelf automatisch uit als de watertank vol is. Deze watertank dient maar twee keer per week geleegd te worden, vanwege zijn riante formaat. Hij heeft een automatische stop wanneer hij vol is, dus geen zorgen, hij loopt nooit over. De ruimte waar hij staat dient 18 graden of meer te zijn voor de beste werking.     Zorgeloos ontvochtigen Na het uitpakken van de ontvochtiger doe je de stekker in het stopcontact en zet de schakelaar aan. Nu gaat hij direct aan de slag voor je en het enige wat je nog hoeft te doen is de watertank handmatig legen als hij vol is. De rode LED-verlichting flitst als hij vol is en klaar om geleegd te worden. Geen zorgen over overstroming van het waterreservoir, want wanneer hij vol is stopt hij automatisch. Dit zorgt voor zorgeloos ontvochtigen   Fluisterstille modus <39dB De GoldenGoods Luchtontvochtiger heeft drie standen, de stille modus stand is niet harder dan 39dB, waardoor hij in de babykamer en in de slaapkamer kan staan, terwijl hij zijn werk doet. Hierdoor kan hij ook goed gebruikt worden op kantoor. Door zijn 45 Watt is deze ultra zuinig en de 39dB maakt hem ideaal ook in de nacht door te laten draaien. Hij is extreem stil.   Door ontvochtiging luchtreiniging Wanneer de lucht vochtig is is dit schadelijk voor de gezondheid voor mens en dier. Schimmels en bacteriën ontstaan en vermenigvuldigen zich snel. Wanneer de lucht in huis minder vochtig wordt, is deze dus automatisch schoner en zuiverder. Hiermee is de GoldenGoods luchtontvochtiger ook een luchtreiniger.   Stijlvol ontwerp Door zijn lichtgewicht kan je de luchtontvochtiger eenvoudig verplaatsen en in de ruimte gebruiken waar hij het meest nodig is. Dankzij het strakke stijlvolle ontwerp kun je hem overal plaatsen, ook op kantoor en in de woonkamer. Hij functioneert het best in ruimtes tot 20M2.   1000ML per sessie Per sessie haalt deze krachtige ontvochtiger 1000ML water uit de lucht, met ruim 350ML per dag. Dit betekent dat dankzij de riante watertank van 1L, hij maar 2x per week geleegd hoeft te worden. Zonder moeite heb je schone droge lucht in huis. Na lediging gaat het ontvochtigen gewoon door.   Optimaal resultaat De draagbare luchtontvochtiger functioneert het best in ruimtes tot 20M2, als je een grotere ruimte hebt kun je er natuurlijk meerdere plaatsen voor een optimaal resultaat. De gewenste kamertemperatuur is tussen de 15 en 35 graden celcius voor de beste werking.   LED-Verlichting Met een druk op de knop verandert de kleur van de LED-verlichting in het waterreservoir. Er zijn 7 verschillende kleuren die de luxe ontvochtiger nog stijlvoller maken. Als het reservoir vol is knippert de rode kleur. Laat vocht niet langer zijn gang gaan en kies vandaag nog voor schone en pure lucht in huis en op kantoor.     Specificaties: • Capaciteit 1000ML per sessie • Te gebruiken in huis en op kantoor • Garantie 1 jaar • Temperatuur van de ruimte 20-40 graden Celcius. • Geschikt voor ruimtes tot 20 m2 • Stille modus <39dB • Goed voor babykamer en slaapkamer • Gewicht 1,3 kg • Afmeting 152x135x250 • Stroomverbruik 45W • Watertank 1000ML • Type reiniging waterfilter • Automatische uitschakeling • Kleur zwart •Type ontvochtiging absorptie • Veilig voor kinderen • Draagbaar • Uitzondering garantie: valschade • Waterafvoer • Voltage 12V • 3 standen ontvochtigen • 7 kleuren LED   Laat vocht niet langer zijn gang gaan en kies vandaag nog voor mooie en pure lucht in huis en op kantoor. Onze Golden Goods Luchtontvochtiger laat u niet in vochtige lucht zitten!      
"
74,"Filterset tbv luchtonvochtiger Qlima D 512, 516, 520",,Qlima,,"4,7",26,"32,95",Op voorraad,https://www.bol.com/nl/nl/p/filterset-tbv-luchtonvochtiger-qlima-d-512-516-520/9200000039400783/,2,"
    Filterset tbv luchtonvochtiger D 512, 516, 520
  "
75,Bison Vochtvreter Vochtmagneet navulling - duopack - 2 x 450 gram,,Bison,,,,"13,70",Op voorraad,https://www.bol.com/nl/nl/p/bison-vochtvreter-vochtmagneet-navulling-duopack-2-x-450-gram/9200000127304730/,5,"
Bijzondere kenmerkenNavulverpakking voor de vernieuwde Bison vochtvreter apparaten.De vernieuwde Bison vochtvreter met vochtmagneet is een verbetering van het oude bekende Bison vochtvreter concept. Het nieuwe design is beter en makkelijker in gebruik. Bovendien is de onderkant van de bak nu transparant in plaats van blauw, zodat u precies kunt zien hoeveel vocht er is opgenomen. En het apparaat kan sneller geleegd worden middels het verbeterde deksel, waarbij het risico op morsen een stuk kleiner is.De ronde vochtvreter tablet is vervangen door een U-vormige navulling (vochtmagneet) die het vocht nog sneller opneemt!Eigenschappen:Past in alle Bison Vochtvreter apparaten van 450g en 500g.Krachtige werkingOptimale vochtopnameSchoon, veilig en hygiënischHoudt vocht overal in huis onder controle. Geschikt voor gebruik in de woonkamer, slaapkamer, badkamer, toilet, etc.450 gram werkt ca. 3 maanden in een ruimte tot ca. 45 m³ en neemt ca. 0,5 liter water op, afhankelijk van temperatuur, luchtvochtigheid en grootte van de ruimte.
"
76,"Medsa Luchtontvochtiger - Grote 2.8L Watertank - Ontvochtigt 1L per dag - 10-100m2 bereik - Energiezuinig - Voorkomt Schimmel - Geschikt voor Woonkamer, Slaapkamer, Badkamer & Kelder - Dehumdifier",,Medsa,,"5,0",2,"108,95",Op voorraad,https://www.bol.com/nl/nl/p/medsa-luchtontvochtiger-grote-2-8l-watertank-ontvochtigt-1l-per-dag-10-100m2-bereik-energiezuinig-voorkomt-schimmel-geschikt-voor-woonkamer-slaapkamer-badkamer-kelder-dehumdifier/9300000172583005/,5,"
Ben je het ook zat om elke keer een vochtige kamer te hebben en helpen de goedkope luchtontvochtigers niet? Investeer nu een paar tientjes extra en ervaar een veel betere luchtontvochtiger van Medsa! Naast dat het effectief lucht ontvochtigt, schimmelinfecties voorkomt, bacteriën filtert en huisstofmijten bestrijd, filtert het tot wel 1 Liter per dag. De Medsa Luchtontvochtiger biedt, naast een kwalitatieve luchtontreiniging en een moderne look die in elk huishouden toepasbaar is, ook een nachtmodus voor een extra stille werking! Pluspunten + Voor kamers van 10-100m2+ 1 Liter per dag ontvochtigingscapaciteit + 2.8L capaciteit voor wateropvangbak+ Filtert stofdeeltjes, bestrijdt huisstofmijten, filtert bacteriën en voorkomt schimmel+ Filtert sigaret geuren waardoor de lucht weer schoon ruikt in elke ruimte+ Gemakkelijk in gebruik en onderhoud+ Stil in werking, verstoort uw dagelijkse activiteiten niet+ Automatische uitschakelfunctie wanneer de watertank vol is+ Verlichting met 7 verschillende kleuren voor extra sfeer en nachtlampje-optie+ Energiezuinig, beperkt verbruik voor lagere energierekening+ Creëert een gezonde leefomgeving, droog en comfortabel Medsa Luchtontvochtiger Houd je leefruimte comfortabel en gezond met de Medsa Luchtontvochtiger. Met een indrukwekkende ontvochtigingscapaciteit van 1 liter per dag biedt de luchtontvochtiger de perfecte oplossing voor vochtproblemen in huis. Investeer vandaag nog in de Medsa Luchtontvochtiger en geniet van een gezonde, comfortabele leefomgeving. Bestrijd schimmel, vocht huisstofmijten en meer De luchtontvochtiger van Medsa verlaagt in hoog tempo de luchtvochtigheid in elke ruimte binnen een straal van 10-100m2 door de unieke techniek die word toegepast met dit apparaat. Bestrijd nu effectief schimmel, bacteriën, huisstofmijten, vocht, sigaretgeuren en stofproblemen in elke ruimte. Zeg doei tegen schimmelvorming en hallo tegen een zuivere luchtkwaliteit! Ontvochtigt 1 Liter per dag De krachtige Medsa Luchtontvochtiger vangt tot wel 1 Liter per dag op. De waterreservoir is 2.8 Liter, hierdoor hoef je niet elke dag de reservoir te legen. Geniet van de voordelen zonder ernaar om te kijken! Geschikt voor Ruimtes van 10 – 100 m²  Of het nu gaat om een slaapkamer, woonkamer of kantoor, deze luchtontvochtiger is ideaal voor ruimtes variërend van 10 tot 100 vierkante meter. De gewenste kamertemperatuur is tussen 8°C en 40°C Energiezuinig Ontwerp Met een energiezuinig ontwerp van 78W helpt de Medsa Luchtontvochtiger je om op lange termijn energiekosten te besparen, zonder in te leveren op prestaties en kwaliteit.  Automatische Uitschakeling  De slimme technologie schakelt de luchtontvochtiger automatisch uit wanneer de waterreservoir vol is, waardoor energie wordt bespaard en de efficiëntie wordt gemaximaliseerd. 7 Verschillende LED Verlichtingen  Naast dat de luchtontvochtiger een hele mooie moderne design heeft, kan je ook genieten van de 7 verschillende LED-sfeerlampen. Hierdoor is de luchtontvochtiger niet alleen functioneel, maar heeft het ook een mooie en unieke toevoeging aan je interieur.
"
77,alpina Luchtontvochtiger en Luchtreiniger - Stil: 46 dB - Ontvochtigt tot 10L per Dag,,alpina,,"4,3",9,"139,99",Op voorraad,https://www.bol.com/nl/nl/p/alpina-luchtontvochtiger-230v-220w-ruimtes-tot-100m-extra-stil-ontvochtigt-tot-10l-per-dag-timer-functie-1-24-uur-luchtvochtigheidsgraad-instellen-wit/9300000116566173/,9,"
de alpina luchtontvochtiger en luchtreiniger: Voorkom muffe geurtjes, klachten door allergiëen, vochtplekken en huidproblemen! Wanneer de luchtvochtigheid in huis te hoog of te laag is kan dit tot verschillende problemen leiden. Met de alpina luchtontvochtiger houd je de luchtvochtighuid in huis altijd perfect op pijl. Dankzij sterke ventilatoren die je in kunt stellen op een hoge of lage snelheid heeft de luchtontvochtiger en luchtreiniger een bereik tot 100M³. Op het display lees je in een oogopslag de luchtvochtigheid en temperatuur in een ruimte af. Wanneer je van huis gaat kun je de timer functie van de dehumidifier gebruiken van 1 tot 24 uur. Dankzij de wieltjes onderaan de luchtontvochtiger verplaats je hem makkelijk,ook naar de slaapkamer, waar je makkelijk kunt slapen met de luchtontvochtiger aan. Hij produceert namelijk vrij weinig geluid tot maximaal 46 decibel.Dehumidifier voor ruimtes tot 100M³ De alpina luchtontvochtiger beschikt over een zeer sterke ventilator die in ruimtes tot 100M³ de luchtvochtigheid op pijl kan houden. Je stelt de snelheid van deze ventilator makkelijk in van laag tot hoog op de display van de hygrometer. Dankzij de wieltjes aan de onderzijde van de luchtontvochtiger verplaats je hem makkelijk door het huis. Je kunt de luchtontvochtiger en luchtreiniger ook zonder problemen in de slaapkamer gebruiken. De hygrometer produceert namelijk niet meer dan 46 decibel geluid en verstoort dus niet de nachtrust.Display met verschillende functiesJe bedient de dehumidifier van alpina middels het display aan de bovenzijde van het apparaat. Naast de snelheid van de ventilator lees je op dit display ook de temperatuur en huidige luchtvochtigheidsgraad in huis af. Je kunt de gewenste luchtvochtigheid zelf naar voorkeur instellen. Een andere functie die je op de display beheert is de timer functie. Hiermee kun je de alpina luchtontvochtiger op een tijd instellen van minimaal 1 tot maximaal 24 uur. Zet hem bijboorbeeld aan vlak voordat je gaat slapen, en laat hem zichzelf uitschakelen gedurende de nacht om stroom te besparen.Ontvochtigt tot wel 10 liter per dagDe alpina luchtontvochtiger ontvochtigt tot wel 10 liter per dag. Vocht dat uit een ruimte van maximaal 100M³ word gehaald word opgeslagen in het waterreservoir van de luchtontvochtiger. Dit waterreservoir heeft een maximale tank inhoud van maar liefst 2.5 liter. Hierdoor hoef je hem niet elk uur te legen. Wanneer de watertank bijna vol zit gaat er een indicatie lampje branden op het display. Je kunt de watertank vervolgens verwijderen, legen en weer terug plaatsen voor verder gebruik. Ben je lang van huis en heb je in de tussentijd geen tijd om het reservoir te legen? Gebruik dan de bijgeleverde afvoerslang van 60 centimeter.Specificaties alpina luchtontvochtiger  Model: D015R2B-10L Koeler/lading: R290/ 45g Maximaal luchtvermogen: 100M³ Vermogen: 220W Frequentie: 50Hz Geluidsniveau: 46dB Ontvochtiging: tot 10 liter per dag Inhoud waterreservoir: 2.5 liter Hygrometer: ja Temperatuurmeter: ja Geïntegreerde pomp: nee (Condensatie)afvoerslang inbegrepen: ja Lengte afvoerslang: 60 centimeter Verwijderbaar waterreservoir: ja Waterniveau indicator: nee Indicatie volle watertank: ja Ionisatie functie: nee Display: ja Dimbaar display: nee Timer: 1 tot 24 uur Droogprogramma voor wasgoed: nee Geschikt voor het drogen van verf: nee Werkt in ruimtes van 5 °C tot 35 °C 
"
78,"Trebs 99294 - Krachtige Luchtontvochtiger en Luchtreiniger - Stil - Slaapkamer, badkamer en kelder",Nieuw artikel,Trebs,,"3,7",23,"83,-",Op voorraad,https://www.bol.com/nl/nl/p/trebs-luchtontvochtiger-99294-comfortair-1-5l-tot-20m2/9200000050194772/,10,"
Wil je voorgoed afrekenen met ongewenste vochtproblemen, stofdeeltjes en/of schimmels in huis? De krachtige Trebs 99294 luchtontvochtiger is jouw betrouwbare metgezel voor een gezonder en comfortabeler binnenklimaat. De Trebs 99294 is namelijk niet zomaar een luchtontvochtiger: het is een geavanceerd apparaat dat niet alleen overtollig vocht aanpakt, maar ook de lucht zuivert voor een gezondere leefomgeving. Met zijn indrukwekkende functies is deze luchtontvochtiger en luchtreiniger dé oplossing voor diverse ruimtes zoals de slaapkamer, badkamer, kelder en woonkamer. De luchtontvochtiger is compact en doet bijzonder stil zijn werk. Belangrijkste kenmerken:  Voorkomt vocht en schimmels in huis: met volledig automatische ontvochtiging biedt de 99294 luchtontvochtiger een effectieve oplossing om schimmels en vochtproblemen te voorkomen. Automatische uitschakeling bij een vol water reservoir: Is het waterreservoir vol? Dan gaat er een indicatielampje branden. Omdat je natuurlijk niet altijd direct tijd hebt om het reservoir te legen, schakelt het apparaat zich uiteindelijk vanzelf uit. Ruim waterreservoir: de luchtontvochtiger is uitgerust met een ruim waterreservoir met een inhoud van 1500 ml. Dit zorgt voor langdurige ontvochtigingsprestaties zonder frequente onderbrekingen. Geschikt voor ruimtes tot 100 m³ (20 m²): Of je nu de woonkamer, slaapkamer of kelder wilt ontvochtigen, de Trebs 99294 is geschikt voor ruimtes tot 100 kubieke meter (20 m²). Veelzijdig en effectief. Capaciteit van 750ml/24 uur: Met een capaciteit van maximaal 750 ml per 24 uur is deze luchtontvochtiger in staat om snel en effectief vocht uit de lucht te verwijderen, waardoor je huis beschermd blijft tegen schimmelvorming. Erg stil in gebruik (<25 dB): Met een geluidsniveau van minder dan 25 dB is de Trebs 99294 bijzonder stil in gebruik. Hierdoor kun je genieten van een aangename, rustige omgeving terwijl de luchtontvochtiger zijn werk doet. Luchtontvochtiger én luchtreiniger in één: de ingebouwde ionisatiefunctie zorgt voor een verbetering van de algehele luchtkwaliteit door ongewenste stofdeeltjes te verminderen.  Bescherm je huis, bestrijd schimmels en adem frisse lucht in met de Trebs 99294. Ontdek het ultieme comfort en investeer vandaag in een gezonde leefomgeving! Wat zit er in de doos?  Trebs 99294  Watertank Stroomkabel Gebruiksaanwijzing 
"
79,TROTEC Luchtontvochtiger TTK 66 E,,Trotec,,"4,8",16,"214,95",,https://www.bol.com/nl/nl/p/trotec-luchtontvochtiger-ttk-66-e/9200000077087172/,9,"
TROTEC Luchtontvochtiger TTK 66 E Deze elegante, in bescheiden wit uitgevoerde luchtontvochtiger is elke aanbeveling waard – bijvoorbeeld voor wat betreft de ontvochtigingscapaciteit. De TTK 66 E onttrekt maximaal 24 liter vocht per dag aan de lucht en hij is geschikt voor ruimten tot maximaal 50 m². De TTK 66 E heeft maar liefst vier bedrijfsmodi en zorgt zo voor een drogere en voor het lichaam aangename binnenlucht. Bijvoorbeeld enerzijds de hygrostaatgeregelde ontvochtigingsautomaat met een streefwaardevoorkeuze tussen 35 en 85 % relatieve vochtigheid instelbaar in comfortabele stappen van 5 % inclusief extra inschakelbare turboventilator en anderzijds de speciale comfortfunctie. Hiermee regelt de TTK 66 E de luchtvochtigheidswaarde zelf temperatuursafhankelijk automatisch op een aangename waarde. Bovendien zijn verder nog bedrijfsmodi als een wasdroogfunctie, evenals continubedrijf beschikbaar.   Comfortfunctie: temperatuursafhankelijke luchtontvochtiging Voor een optimaal ruimteklimaat moeten temperatuur en luchtvochtigheid in een ruimte op elkaar worden afgestemd. Dit is mogelijk met een temperatuursafhankelijke luchtontvochtiging. Het apparaat regelt de luchtvochtigheidswaarde afhankelijk van de temperatuur naar een optimale waarde. De comfortfunctie wordt vooral bij het gebruik van programmagestuurde verwarmingsinstallaties aanbevolen. Wijzigt overdag of 's nachts de ruimtetemperatuur, zal de luchtontvochtiger de ontvochtigingscapaciteit volledig automatisch aanpassen. Overtuigende functie-omvang Met de praktische 24-uurs timerfunctie kunt u vooraf instellen, wanneer het apparaat automatisch wordt in- of uitgeschakeld. De talrijke functies worden o.a. gecompleteerd met het waarschuwingslampje bij een vol waterreservoir, evenals de overloopbeveiliging met automatische uitschakeling. Een handig kijkvenster aan de voorkant is een andere bijzonderheid van de luchtontvochtiger en maakt het visueel controleren van het waterreservoir mogelijk. Het uitwasbare luchtfilter en een drain-aansluiting, die onbeheerd continubedrijf mogelijk maakt, maken de comfortabele uitrusting van de TTK 66 E af en zorgen voor een zeer eenvoudig gebruik van het apparaat. En met deze ontvochtiger wordt het wisselen van gebruikslocatie aangenaam eenvoudig – dankzij de praktische kabelhouder, geïntegreerde draaggrepen en zwenkwielen. Auto-restart-functie Door de automatische herstartfunctie (ook wel memory-functie genoemd) start het apparaat na een onverwachte uitschakeling door een stroomonderbreking weer opnieuw met de voorgeselecteerde instellingen, zodra de stroomvoorziening weer aanwezig is. Hierdoor is de luchtontvochtiger ook geschikt voor het gebruik met een tijdschakelklok. Veilig voor uw was: drogen met behulp van een luchtontvochtiger Behalve voor het ontvochtigen van de lucht in een ruimte kan een luchtontvochtiger ook eenvoudig worden ingezet voor het drogen van was - ter ondersteuning of compleet ter vervanging van een gebruikelijke wasdroger. De wasdroogfunctie (ook wel textieldroog-modus of superdry-functie genoemd) is vergelijkbaar met het traditioneel drogen van de was in de buitenlucht. Luchtontvochtigers hebben als voordeel dat de was net als in de buitenlucht op een veilige manier wordt gedroogd. Kleuren blijven behouden en de kleding blijft langer mooi dan bij het gebruik van wasdrogers en daarbij wordt ook nog eens minder energie verbruikt. Bovendien kunnen wol, zijde of fijne synthetische stoffen zonder problemen worden gedroogd. In tegenstelling tot het drogen van de was buiten blijft de was zachter en voelt prettiger aan op de huid. Was kan ook gedroogd worden met luchtontvochtigers zonder wasdroogfunctie. De luchtvochtigheidswaarde moet dan als volgt worden ingesteld: Kastdroog: 46 % relatieve luchtvochtigheid Strijkdroog: 58 % relatieve luchtvochtigheid Licht gedroogd: 65 % relatieve luchtvochtigheid   Propaan (R290) als milieuvriendelijk koudemiddel in luchtonvochtigers Jaarlijks worden door het gebruik van synthetische koudemiddelen miljoenen tonnen milieu-onvriendelijk C02 (broeikasgassen) uitgestoten. Daarom stellen wij ons ten doel gebruik te maken van alternatieve koelmiddelen. Doordat er bij deze luchtontvochtiger gebruik wordt gemaakt van propaan (R290) als koudemiddel wordt er een waardevolle bijdrage geleverd aan de bescherming van het milieu. Het natuurlijke koudemiddel propaan (R290) is een organische verbinding en behoort tot de koolwaterstoffen. In tegenstelling tot synthetische koudemiddelen zorgt het milieuvriendelijke propaan (R290) noch voor aantasting van de ozonlaag (ODP = 0) noch voor een toename van het broeikas-effect (GWP = 3). Nog een extra voordeel voor het milieu: dankzij de voortreffelijke thermodynamische eigenschappen is propaan (R290) een bijzonder energiezuinig koudemiddel waardoor aanzienlijk wordt bespaard op de kosten voor elektriciteit. Voordelen in de praktijk:    Hygrostaatgeregelde ontvochtigingsautomaat instelbaar tussen 35 en 85 % r.v. in stappen van 5 %       Zodra de gewenste luchtvochtigheid is bereikt, schakelt de compressor vanzelf uit. De ventilator draait door. Bij overschrijding wordt het apparaat automatisch geactiveerd       Continumodus       Comfortbedrijf voor temperatuursafhankelijke automatische regeling van de luchtvochtigheid voor een optimaal binnenklimaat op ieder moment       Automatische herstartfunctie voor gebruik met een externe schakelklok       Weergave van relatieve luchtvochtigheid       Goed toegankelijk luchtfilter, makkelijk te reinigen. Filtert dierenhaar, pluisjes, stof en voorkomt bacteriegroei       Wasdroogfunctie       Timerfunctie       Ontdooi-automaat met circulerende lucht       Aansluiting voor externe condensafvoer       3 ventilatorsnelheden       Waarschuwingslampje bij vol waterreservoir       Overloopbescherming met automatische uitschakeling     Let op: specificaties kunnen zonder opgave van redenen in het belang van een lopende productverbetering door de fabrikant worden gewijzigd. Aan de afbeeldingen van producten en eventueel getoonde specificaties of keurmerken kunnen geen rechten worden ontleend    
"
80,"Luchtontvochtiger - Luchtreiniger - Dehumidifier - Grote watertank 2.5L capaciteit, 800ml/D ontvochtiging, 10-35m2 bereik -energiezuinig, verlichting 7 kleuren - Voor huis, kamer, badkamer & kelder",,Merkloos,,"1,0",1,"119,99",Op voorraad,https://www.bol.com/nl/nl/p/ag240-luchtontvochtiger-luchtreiniger-dehumidifier-grote-watertank-2-5l-capaciteit-800ml-d-ontvochtiging-10-35m2-bereik-energiezuinig-verlichting-7-kleuren-voor-huis-kamer-badkamer-kelder/9300000168565883/,6,"
    Productbeschrijving Op zoek naar een effectieve manier om vocht uit de lucht te verwijderen en uw huis gezond en comfortabel te houden? Kijk niet verder dan de AG240 luchtontvochtiger, de perfecte keuze voor kamers van 10-35m2! Deze ontvochtiger is ontworpen om de luchtvochtigheid te verminderen en schimmelvorming, allergenen en andere schadelijke stoffen te verminderen.Voordelen:  Voor kamers van 10-35m2 800ml/D ontvochtigingscapaciteit (30°RH80%) 2.5L capaciteit voor wateropvangbak Gemakkelijk in gebruik en onderhoud Stil in werking, verstoort uw dagelijkse activiteiten niet Automatische uitschakelfunctie wanneer de watertank vol is Verlichting met 7 verschillende kleuren voor extra sfeer en nachtlampje-optie Energiezuinig, beperkt verbruik voor lagere energierekening Creëert een gezonde leefomgeving, droog en comfortabel   Creëer een gezonde leefomgeving: droog en comfortabel De AG240 luchtontvochtiger is de ideale oplossing voor het verwijderen van vocht uit uw leefruimte. Het apparaat kan ruimtes tot 35 vierkante meter aan, waardoor het perfect is voor gebruik in uw slaapkamer, woonkamer, studeerkamer of kantoor. Met een capaciteit van 2,5 liter kan het apparaat tot 800 ml vocht per dag verwijderen bij een relatieve vochtigheid van 80% en een temperatuur van 30°C.   Stil en Energiezuinig Niemand houdt van een luidruchtig apparaat, vooral niet als het 24 uur per dag aanstaat. De AG240 luchtontvochtiger is ontworpen om stil te zijn, zodat het uw dagelijkse activiteiten niet zal verstoren. In de normale stand produceert het apparaat een geluidsniveau van 45dB, terwijl het in de slaapstand slechts 39dB produceert. Hierdoor kunt u het apparaat 's nachts gebruiken zonder dat u zich zorgen hoeft te maken over lawaai. Bovendien is het apparaat energiezuinig, waardoor het uw energierekening niet te veel zal verhogen. Makkelijk te Gebruiken De AG240 luchtontvochtiger is zeer eenvoudig te gebruiken. Het enige wat u hoeft te doen is het apparaat aan te zetten en het zal beginnen met het verwijderen van vocht uit de lucht. Het apparaat is uitgerust met een automatische uitschakelfunctie die ervoor zorgt dat het apparaat automatisch uitschakelt wanneer de watertank vol is. Hierdoor hoeft u zich geen zorgen te maken over het legen van de watertank. Verlichting De AG240 luchtontvochtiger is niet alleen functioneel, maar ook mooi ontworpen. Het apparaat kan verlicht worden met 7 verschillende kleuren, waardoor het een extra sfeer geeft aan uw kamer. U kunt het apparaat zelfs gebruiken als nachtlampje, waardoor u kunt genieten van een rustgevende en ontspannen sfeer terwijl u slaapt. Het belang van de juiste luchtvochtigheid kan niet genoeg benadrukt worden. Te veel vocht in de lucht kan leiden tot gezondheidsproblemen en schade aan uw huis. Met de AG240 luchtontvochtiger kunt u ervoor zorgen dat de luchtvochtigheid snel verbeter wordt.
  "
81,arash® Luchtontvochtiger - Ontvochtigd 1200ML Per Dag - Extreem Stil- 2-in-1 Luchtreiniger Dehumidifier - Slaapkamer / Badkamer / Huis - Coloured LED - Zwart,,arash,,,,"99,95",Op voorraad,https://www.bol.com/nl/nl/p/arash-luchtontvochtiger-ontvochtigd-1200ml-per-dag-extreem-stil-2-in-1-luchtreiniger-dehumidifier-slaapkamer-badkamer-huis-coloured-led-zwart/9300000171535111/,9,"
Wil je je meubels beschermen, allergenen bestrijden en moeiteloos genieten van frisse lucht? De Arash® luchtontvochtiger is dé oplossing voor vochtproblemen! Met de nieuwste technologie en slimme sensoren verwijdert het automatisch vocht uit je woonkamer, kelder of slaapkamer, zodat je voorgoed afscheid kunt nemen van vochtplekken, klamme ruimtes en onnodige schimmel. **Krachtig en Compact:**Deze geavanceerde dehumidifier onttrekt maar liefst 2500ML vocht per dag, waardoor je ruimte transformeert tot een perfect gereinigde oase. Dankzij het compacte en lichtgewicht design verplaats je de Arash® luchtontvochtiger moeiteloos en berg je hem eenvoudig op. **Ruim Reservoir:**Met een royale watertank van 2500 ml hoef je niet constant het opvangbakje te legen. Zit de tank vol? Geen probleem! Het apparaat schakelt automatisch uit. Even de tank legen en je bent weer klaar! **Jouw Voordelen:**- Waterreservoir met een inhoud van 2.5 liter- Verwijdert tot wel 1200 ml vocht per dag- 360° Airflow en Was-droog functie- Timer functie (8/12/24 uur)- Automatisch ontdooien- Voorzien van de nieuwste technologie- Laag energieverbruik- Geruisloos en fluisterstil in gebruik- Volledig automatisch vocht verwijderen uit je woonkamer, slaapkamer of kelder- 7 sfeervolle LED Kleuren **Geruisloos en Fluisterstil:**Uitgerust met een stille ingebouwde motor, werkt deze ontvochtiger vrijwel geluidloos. Plaats het apparaat gerust in de slaapkamer zonder je nachtrust te verstoren. **Voor Ruimtes van 10m² tot 25m²:**Optimaal resultaat bereik je door de luchtontvochtiger te plaatsen in ruimtes tussen 10m² en 25m². Geschikt voor kleine ruimtes zoals de bijkeuken en grotere ruimtes zoals de slaapkamer! Zorg ervoor dat de kamertemperatuur tussen 8°C en 40°C ligt voor maximale efficiëntie, aangezien de luchtontvochtiger minder effectief is bij temperaturen onder 5°C of onder 45% luchtvochtigheid. **360° Airflow en Was-droog Functie:**Met 360° Airflow wordt de ruimte volledig ontvochtigd door luchtcirculatie. Vochtige lucht wordt aan de achterkant aangezogen en aan de zijkanten uitgeblazen, wat de was sneller doet drogen. **Automatisch Ontdooien:**Maak je geen zorgen over een niet-werkende luchtontvochtiger bij koude temperaturen! De Arash® luchtontvochtiger heeft een automatische ontdooifunctie, waardoor het zichzelf ontdooit onder koude omstandigheden, voor een gegarandeerde optimale werking. **Continue Afvoer:**Uitgerust met een afvoerslangaansluiting, zodat water continu kan weglopen. Handmatig legen van de watertank is niet langer nodig. Sluit de slang eenvoudig aan op de ontvochtiger, en de permanente afvoer begint.
"
82,FreshAir luchtontvochtiger Franklin wit - 2-in-1 luchtontvochtiger en luchtreiniger - vochtvreter - luchtontvochtigers - luchtreiniger met ionisator - luchtontvochtiger slaapkamer - 28W - luchtreinigers - LED verlichting,,Fresh Air,,"3,0",4,"44,99",Op voorraad,https://www.bol.com/nl/nl/p/freshair-luchtontvochtiger-franklin-wit-2-in-1-luchtontvochtiger-en-luchtreiniger-vochtvreter-luchtontvochtigers-luchtreiniger-met-ionisator-luchtontvochtiger-slaapkamer-28w-luchtreinigers-led-verlichting/9300000087642630/,7,"
Heb jij last van een muffe en onfrisse geur in je slaapkamer? Duurt het lang voordat de was binnen opdroogt? De kans is groot dat de luchtvochtigheid bij jou in huis te hoog is. De nieuwe superstille luchtontvochtiger van FreshAir zal dit probleem van je wegnemen!
De luchtontvochtiger zorgt ervoor dat de luchtvochtigheid binnen in het huis verlaagd wordt. Het apparaat is makkelijk te verplaatsen en is daarom makkelijk te gebruiken in elke ruimte. De luchtontvochtiger kan per dag wel 350 ml vocht uit de lucht halen! De minder vochtige lucht zal er voor zorgen dat de lucht in huis frisser ruikt en aanvoelt. Naast vervelende luchtjes, stofmijten en kapot houtwerk, voorkomt de ontvochtiger op de lange termijn vocht- en schimmelplekken op de muur. De drie handige knoppen zorgen ervoor dat de ontvochtiger gemakkelijk te bedienen is. Maak keuze uit wel zeven kleuren LED verlichting in het apparaat, die bij jouw interieur passen!
Voordelen:

Frisse lucht: Door de droge ruimte die de ontvochtiger biedt, verdwijnt het klamme en muffe gevoel wat je hebt wanneer je de kamer in loopt. De lucht voelt fris en schoner aan.
Grote watertank: Omdat de ontvochtiger uitgerust is met een grote tank van 1 liter, hoef je niet iedere dag het reservoir te legen. Het reservoir is gemaakt van doorzichtig kunstof zodat je altijd kan zien hoeveel water er in zit.
Makkelijk te bedienen: De ontvochtiger heeft geen onnodig paneel aan knoppen die het apparaat ingewikkeld maakt. Deze ontvochtiger heeft drie knoppen waarmee je het apparaat eenvoudig bedient.
Handvat om te verplaatsen: Omdat de ontvochtiger geschikt is voor kleine ruimtes tot circa 26 m2, is het handig om het apparaat te verplaatsen door het huis. Om dit makkelijker te maken, heeft de ontvochtiger een handvat die in het design is verwerkt.
Droge kleren: De ontvochtiger is ideaal in bijvoorbeeld de wasruimte. Kleren zullen in een vochtige ruimte minder snel drogen. De droge lucht zal er voor zorgen dat jij je was sneller in de kast kunnen hangen. Ook is de ontvochtiger geschikt om geplaatst te worden in je kledingkast!
​​Voorkomt schimmel: Vocht veroorzaakt vaak schimmels aan de muren of plafonds. Droge lucht die de ontvochtiger biedt, zorgt op de lange termijn dat dit voorkomen wordt.
Led-verlichting: De luchtontvochtiger heeft een led lamp die brandt wanneer hij aan is. Kies een kleur uit de zeven opties die bij jouw interieur passen. De verlichting kan uiteraard ook uit gezet worden.
Stil: De ontvochtiger is ideaal voor in de slaapkamer. Wees niet bang dat je er niet van slaapt. Wanneer de ontvochtiger werkzaam is in de slaapkamerstand zal hij niet meer dan 40 decibel aan geluid produceren. Geruisloos dus!

 
Productspecificaties:

Materiaal: ABS-plastic
Afmetingen: 15,2 x 13,5 x 25 cm
Inhoud reservoir: 1000ml
Gewicht: 1300g
Energieverbruik: 36W
Voltage: 12V
Energie voeding: DC12V/3A
Werkoppervlakte: 5 - 26 m2
Werktemperatuur: 20 - 50 graden Celcius
Capaciteit: 350ml per 24 uur
Geluidsniveau: <45dB
Afmetingen verpakking: 55 x 54,3 x 30,4 cm
Garantie: 1 jaar

"
83,Duux Bora Smart Luchtontvochtiger - 20L/dag - 4 Liter Watertank - Hygrostaat - Zelfreinigend,Nieuw artikel,Duux,,"4,1",14,"388,01",Op voorraad,https://www.bol.com/nl/nl/p/duux-bora-smart-luchtontvochtiger-dxdh02-20l-dag-4-liter-watertank-hygrostaat-zelfreinigend/9300000005044841/,13,"
Bora is een stijlvolle luchtontvochtiger met een ontvochtigingscapaciteit van 20 liter per dag die vorming van schimmel en bacteriën voorkomt. De compressor zuigt lucht aan en onttrekt hier vocht aan dat in de watertank met een inhoud van 4 liter wordt opgevangen. De ingebouwde hygrostaat regelt de luchtvochtigheid in de ruimte automatisch en bovendien verwijdert de koolstoffilter nare geurtjes uit de lucht. Gebruik de nieuwe Duux-app voor eenvoudige bediening op afstand, altijd en overal.  Jouw voordelen  20L per dag ontvochtigingscapaciteit Grote watertank van 4 liter Instelbare hygrostaat (30-80%) Meegeleverd actief koolstoffilter wat nare geuren verwijdert Smart met gratis Duux App  Een design dat gezien mag worden Bora is een luchtontvochtiger met een stijlvol, tijdloos design die in elke ruimte gezien mag worden. Bora is uitgerust met een stevige handgreep die mooi weggewerkt is en wielen aan de onderkant voor eenvoudige verplaatsing van het apparaat. Een smaakvol lichtgevend element toont het vochtigheidsniveau door de behuizing. Doeltreffende ontvochtiging Bora kan in 24 uur tot 20 liter vocht aan de lucht onttrekken. De watertank heeft een inhoud van 4 liter of u kunt een slang aansluiten voor doorlopende afvoer. Het koolstoffilter verwijdert gassen, rook en geurtjes zodat u ook van schone lucht kunt genieten. Bora gebruikt een milieuvriendelijk R290-koelmiddel en heeft een zelfreinigingsprogramma zodat het apparaat veilig en droog opgeborgen kan worden.  Stil en zelfregulerend Bora wordt geleverd met een hygrostaat die op de gewenste luchtvochtigheid kan worden ingesteld (tussen 30 en 80%). Bora heeft verschillende modi: de automodus regelt automatisch de luchtvochtigheid terwijl de continu-modus vocht blijft onttrekken. Bora heeft ook twee handmatige instellingen en is zeer stil met een geluidsniveau van 46dB in nachtstand. Het apparaat schakelt automatisch uit als de watertank vol is.  Alles onder controle Op het duidelijke led-bedieningspaneel kunt u precies zien welke instellingen actief zijn. Het elegante en onzichtbare scherm aan de voorzijde geeft de huidige vochtigheidsgraad weer en met de timerstand kunt u Bora zo instellen dat het apparaat na een bepaalde tijd automatisch uitschakelt. Download de Duux-app om altijd en overal uw binnenklimaat onder controle te houden.
"
84,Clean Air Optima® CA-704 - 2in1 Luchtontvochtiger en Luchtreiniger - 12 liter/dag - Automatische ontvochtiging - 5 voudige filtertechnologie - Bijzonder geluidsarm,,Clean Air Optima,,"4,6",157,"299,-",,https://www.bol.com/nl/nl/p/clean-air-optima-ca-704-2in1-luchtontvochtiger-en-luchtreiniger-12-liter-dag-automatische-ontvochtiging-5-voudige-filtertechnologie-bijzonder-geluidsarm/9200000019689722/,14,"
2 in 1: Luchtontvochtiger & luchtreiniger Clean Air Optima® CA-704• Ontvochtigingscapaciteit tot 12 liter / dag• Werkt preventief tegen schimmelvorming, roest en schade door vocht• Vijf filtertechnologieën voor effectieve luchtreiniging• Ondersteuning wasdroging• Ultrastille werking• Geschikt voor ruimtes tot: 40m²/100m³Multifunctionele luchtontvochtiger CA-704 voor een optimaal binnenklimaatVoor een optimaal binnenklimaat is de luchtvochtigheid doorslaggevend. De door medisch specialisten geadviseerde optimale luchtvochtigheid in gesloten ruimtes ligt in het bereik van 40 tot 60% relatieve luchtvochtigheid.Is de lucht in binnenruimtes te vochtig dan kan de levenskwaliteit door schimmelsporen, allergenen en ademweg problemen sterk nadelig beïnvloedt worden.Optimale luchtvochtigheid essentieel voor gezondheid en schadepreventieToepassing van de multifunctionele Clean Air Optima luchtontvochtiger CA-704 met 2in1 systeem voor luchtontvochtiging & luchtreiniging werkt preventief ter voorkoming van hoge luchtvochtigheid en allesvernietigende corrosie, schadelijke condensatie, ijs- en schimmelvorming, verhindert ongewenste bacteriegroei, reduceert geuroverdracht en is effectief voor bouwdroging bij bestaande of nieuwbouw.
De krachtige Clean Air Optima condensatie - luchtontvochtiger CA-704 bind de strijd aan met roest en schimmel!Naast de indamming van schimmelsporen bevrijdt deze multifunctionele luchtontvochtiger CA-704 van Clean Air Optima de binnenlucht van lastige dierharen, pollen en stof door de geïntegreerde continu werkende en zeer effectieve luchtreiniger functie met vijfvoudige filtertechniek.Allergie patiënten kunnen eindelijk weer gezond doorademen!Door de slanke, getailleerde belijning in het exclusieve design en de neutrale kleurstelling past deze compacte ontvochtiger in elk interieur.De Clean Air Optima condensatie - luchtontvochtiger CA-704 is door de ingebouwde hygrostaat geschikt voor automatische luchtontvochtiging. Enkel de gewenste luchtvochtigheid instellen en deze efficiënte luchtontvochtiger doet de rest.Luchtontvochtiger CA-704: een vier jaargetijden systeemMet de 2in1 functie voor luchtontvochtiging en luchtreiniging zorgt de CA-704 het hele jaar door voor een optimaal binnenklimaat: Wanneer de ingestelde relatieve luchtvochtigheid is bereikt stopt de ontvochtiging, maar de luchtreiniging blijft actief. Met de continu luchtreiniger functie bevrijdt de multifunctionele Clean Air Optima CA-704 het hele jaar door de binnenlucht van allergenen, schimmelsporen, lastige dierharen, pollen stof en geuren. Binnenlucht ontvochtigen door condensatie techniekDe compacte en supersterke Clean Air Optima condensatie - luchtontvochtiger CA-704 met 2in1 systeem voor luchtontvochtigen en luchtreinigen onttrekt aan binnenruimtes tot 40m²/100m³ het overtollige vocht met een capaciteit tot 12 liter / dag (30°C/Rv80%) en beschermt actief voor het ontstaan van schimmelvorming, vlekken, corrosie en moddergeur. Daardoor word ook de bouwsubstantie en nog belangrijker uw gezondheid beschermd.De condensatiedroger is het type luchtontvochtiger dat het meest gebruikt wordt en de CA-704 kan ingezet worden in een groot temperatuurbereik tussen de 5 en 32°C.Vijf filtertechnologieën voor effectieve luchtreiniging1. VoorfilterVoorfilter vangt grote stofdeeltjes zoals: pluisjes, haren en huidschilfers van huisdieren.2. Actief KoolstoffilterActiefkool neutraliseert rook, chemicaliën, gassen en geuren, voorkomt de groei van bacteriën, virussen en schimmels3. TRUE HEPA H13 filter met nano zilver coating Zuivert 99,97% van alle zweefstoffen tot 0,3 micrometer (0,3 µm) uit de lucht. Het HEPA filter is het meest effectieve luchtfilter voor het verwijderen van: • (fijn)stof, sigarettenrook, pollen• allergenen• alle andere vaste deeltjesDe antibacteriële laag van nano zilver coating op het filter elimineert bacteriën en schimmels. 4. UV lampHet ultraviolette licht van de permanente lamp (UV-C straling) met een golflente van 254nm doodt gezondheidsschadelijke micro-organismen zoals: kiemen, virussen, schimmels (schimmelsporen) en bacteriën. Van al het licht heeft UV licht de hoogste frequentie, de kortste golflengte en bevat daardoor de hoogste hoeveelheid aan energie die door haar straling de buitenzijde membraam van het organisme doorboort en de DNA vernietigt. Met wereldwijd duizenden geïnstalleerde apparaten van dit type heeft de geïntegreerde UV – technologie bewezen, dat UV straling hoogeffectief is tegen pathogene virussen, bacteriën en eencellige. Door de toepassing van UV licht kunnen microbiologische inactiverende percentages van 99,99% en hoger bereikt worden.5. IonisatorCapaciteit 3.000.000 negatieve ionen / cm³ die in de gehele ruimte verspreid worden en daardoor schadelijke stoffen en geuren neutraliseren. De ionisator produceert negatieve ionen voor het reinigen van de binnenlucht en het verrijken met actief zuurstof. Onaangename geuren worden geneutraliseerd en schadelijke stoffen uit de lucht gezuiverd. Negatieve ionen hebben bovendien een sterke antistatische werking.Ingebouwde hygrostaat voor automatische luchtontvochtiging. Kleurenmonitor voor aanduiding relatieve luchtvochtigheid.De Clean Air Optima condensatie - luchtontvochtiger CA-704 is voorzien van een ingebouwde hygrostaat voor het meten, controleren en automatisch regelen van de relatieve luchtvochtigheid. De gewenste luchtvochtigheid kan ingesteld worden tussen 35 en 80% relatieve luchtvochtigheid. Deze luchtontvochtiger is standaard voorgeprogrammeerd op het bereiken van de door medici geadviseerde optimale relatieve luchtvochtigheid van 55%. Bij instelling van de minimum te bereiken waarde van 35% volgt continubedrijf, waarbij het apparaat pas stopt bij de automatische afslag door een volle watertank.
Het doordachte design communiceert de luchtvochtigheid ook via de ronde kleurenmonitor aan de voorzijde van het apparaat.BLAUW = droge lucht bereik = <53%GROEN = aangenaam bereik = 53% - 68%ROOD = hoge relatieve luchtvochtigheid = >68% Kenmerken en voordelen• Automatische ontvochtiging op programma door ingebouwde hygrostaat• Inclusief afvoerslang 10mm rond en 1 meter lang voor continu waterafvoer• Werkt preventief tegen schimmelvorming, roest en schade door vocht• Verwijdert muffe geuren• Groot temperatuur inzetbereik van 5 °C tot 32 °C
Vijf filtertechnologieën voor effectieve luchtreiniging:1. Voorfilter vangt grote stofdeeltjes en pluizen2. Actiefkoolstoffilter neutraliseert geuren en gassen3. TRUE HEPA H13 filter met nano zilver coating zuivert 99,97% van alle zweefstoffen tot 0,3 micron (0,3 µm) uit de lucht 4. Permanente UV lamp elimineert kiemen, virussen, schimmels en bacteriën5. Ionisator reinigt en verfrist de binnenlucht met 3.000.000 neg.ionen/cm³• Oscillatieklep met swingfunctie voor ondersteuning luchtcirculatie• Ondersteunt wasdroging• Elegant en compact design• Comfortabele bediening door ingebouwde hygrostaat• LED functieaanduiding• Bediening door tiptoetsen in het display• Stopt automatisch met LED signaal bij volle tank• Timer voor in / uitschakelmoment apparaat (0-24h)• 3 Standen regelbare ventilator• sensor gestuurde ontdooi functie• Automatische herstart na ontdooien of stroomonderbreking• Geschikt voor continu gebruik zonder toezicht• Gemakkelijk te verplaatsen door praktische handgreep en robuuste wieltjes• Praktisch onderhoudsvrij!• Eenvoudige filterreiniging: permanent voorfilter 2x per maand stofzuigen• Actiefkoolstoffilter na 3 - 6 maanden vervangen• TRUE HEPA H13 filter met nano zilver coating na 3 - 6 maanden vervangen • Bijzonder geluidsarm• Laag energieverbruik• 260 Watt ventilator hoog en 165 Watt ventilator laag• Optimale prijs / prestatieverhouding
Toepassingsvoorbeelden Door de slanke, getailleerde belijning in het exclusieve design, de neutrale kleurstelling in ivoorwit / zwart en de stille werking is de compacte luchtontvochtiger en luchtreiniger CA-704 inzetbaar in elk interieur. De elektrische ontvochtiger CA-704 is geschikt voor het verwijderen van vocht in de woon- en slaapkamer, kinderkamer, kantoren, openbare gebouwen, sport - en fitnesscentrum, wellnessruimte, bedrijfsruimtes, woonboerderijen, industrie, opslagruimten of musea en is geschikt voor wasdrogen, gebruik in vakantiewoningen, campers en caravans.
Vervangen van filtersDe Clean Air Optima CA-704 is uitgerust met een bewakingsmechanisme voor de levensduur van het filter, dat aangeeft dat het filter (HEPA + Actief Koolstoffilter) na 500 werkuren moet worden vervangen. Om aan te geven dat het filter moet worden vervangen, begint het controlelampje dubbel nul van de luchtontvochtiger te knipperen. Reset de timer voor het filter door de droge kleding knop (Laundry Mode) ongeveer 3 seconden ingedrukt te houden. Als het controlelampje uitgaat, is de timer met succes gereset.Vervanging Actief Koolstoffilter + True HEPA H13 Filter na 3-6 maanden.
"
85,Clean Air Optima® CA-707 - 2in1 Luchtontvochtiger en Luchtreiniger - 20 liter/dag - Automatische ontvochtiging - 5 voudige filtertechnologie - Bijzonder geluidsarm,,Clean Air Optima,,"4,6",157,"379,-",Op voorraad,https://www.bol.com/nl/nl/p/clean-air-optima-ca-707-2in1-luchtontvochtiger-en-luchtreiniger-20-liter-dag-automatische-ontvochtiging-5-voudige-filtertechnologie-bijzonder-geluidsarm/9200000063560388/,12,"
 2 in 1: Luchtontvochtiger & luchtreiniger Clean Air Optima® CA-707• Ontvochtigingscapaciteit tot 20 liter / dag• Werkt preventief tegen schimmelvorming, roest en schade door vocht• Vijf filtertechnologieën voor effectieve luchtreiniging• Ondersteuning wasdroging• Ultrastille werking• Geschikt voor ruimtes tot: 70m²/175m³Multifunctionele luchtontvochtiger CA-707 voor een optimaal binnenklimaatVoor een optimaal binnenklimaat is de luchtvochtigheid doorslaggevend. De door medisch specialisten geadviseerde optimale luchtvochtigheid in gesloten ruimtes ligt in het bereik van 40 tot 60% relatieve luchtvochtigheid.Is de lucht in binnenruimtes te vochtig dan kan de levenskwaliteit door schimmelsporen, allergenen en ademweg problemen sterk nadelig beïnvloedt worden.Optimale luchtvochtigheid essentieel voor gezondheid en schadepreventieToepassing van de multifunctionele Clean Air Optima luchtontvochtiger CA-707 met 2in1 systeem voor luchtontvochtiging & luchtreiniging werkt preventief ter voorkoming van hoge luchtvochtigheid en allesvernietigende corrosie, schadelijke condensatie, ijs- en schimmelvorming, verhindert ongewenste bacteriegroei, reduceert geuroverdracht en is effectief voor bouwdroging bij bestaande of nieuwbouw. 
De krachtige Clean Air Optima condensatie - luchtontvochtiger CA-707 bind de strijd aan met roest en schimmel!Naast de indamming van schimmelsporen bevrijdt deze multifunctionele luchtontvochtiger CA-707 van Clean Air Optima de binnenlucht van lastige dierharen, pollen en stof door de geïntegreerde continu werkende en zeer effectieve luchtreiniger functie met vijfvoudige filtertechniek.Allergie patiënten kunnen eindelijk weer gezond doorademen!Door de slanke, getailleerde belijning in het exclusieve design en de neutrale kleurstelling past deze compacte ontvochtiger in elk interieur.De Clean Air Optima condensatie - luchtontvochtiger CA-707 is door de ingebouwde hygrostaat geschikt voor automatische luchtontvochtiging. Enkel de gewenste luchtvochtigheid instellen en deze efficiënte luchtontvochtiger doet de rest.Luchtontvochtiger CA-707: een vier jaargetijden systeemMet de 2in1 functie voor luchtontvochtiging en luchtreiniging zorgt de CA-707 het hele jaar door voor een optimaal binnenklimaat: Wanneer de ingestelde relatieve luchtvochtigheid is bereikt stopt de ontvochtiging, maar de luchtreiniging blijft actief. Met de continu luchtreiniger functie bevrijdt de multifunctionele Clean Air Optima CA-707 het hele jaar door de binnenlucht van allergenen, schimmelsporen, lastige dierharen, pollen stof en geuren. Binnenlucht ontvochtigen door condensatie techniekDe compacte en supersterke Clean Air Optima condensatie - luchtontvochtiger CA-707 met 2in1 systeem voor luchtontvochtigen en luchtreinigen onttrekt aan binnenruimtes tot 70m²/175m³ het overtollige vocht met een capaciteit tot 20 liter / dag (30°C/Rv80%) en beschermt actief voor het ontstaan van schimmelvorming, vlekken, corrosie en moddergeur. Daardoor word ook de bouwsubstantie en nog belangrijker uw gezondheid beschermd.De condensatiedroger is het type luchtontvochtiger dat het meest gebruikt wordt en de CA-707 kan ingezet worden in een groot temperatuurbereik tussen de 5 en 32°C.Vijf filtertechnologieën voor effectieve luchtreiniging1. VoorfilterVoorfilter vangt grote stofdeeltjes zoals: pluisjes, haren en huidschilfers van huisdieren.2. Actief KoolstoffilterActiefkool neutraliseert rook, chemicaliën, gassen en geuren, voorkomt de groei van bacteriën, virussen en schimmels3. TRUE HEPA H13 filter met nano zilver coating Zuivert 99,97% van alle zweefstoffen tot 0,3 micrometer (0,3 µm) uit de lucht. Het HEPA filter is het meest effectieve luchtfilter voor het verwijderen van: • (fijn)stof, sigarettenrook, pollen• allergenen• alle andere vaste deeltjesDe antibacteriële laag van nano zilver coating op het filter elimineert bacteriën en schimmels. 4. UV lampHet ultraviolette licht van de permanente lamp (UV-C straling) met een golflente van 254nm doodt gezondheidsschadelijke micro-organismen zoals: kiemen, virussen, schimmels (schimmelsporen) en bacteriën. Van al het licht heeft UV licht de hoogste frequentie, de kortste golflengte en bevat daardoor de hoogste hoeveelheid aan energie die door haar straling de buitenzijde membraam van het organisme doorboort en de DNA vernietigt. Met wereldwijd duizenden geïnstalleerde apparaten van dit type heeft de geïntegreerde UV – technologie bewezen, dat UV straling hoogeffectief is tegen pathogene virussen, bacteriën en eencellige. Door de toepassing van UV licht kunnen microbiologische inactiverende percentages van 99,99% en hoger bereikt worden.5. IonisatorCapaciteit 3.000.000 negatieve ionen / cm³ die in de gehele ruimte verspreid worden en daardoor schadelijke stoffen en geuren neutraliseren. De ionisator produceert negatieve ionen voor het reinigen van de binnenlucht en het verrijken met actief zuurstof. Onaangename geuren worden geneutraliseerd en schadelijke stoffen uit de lucht gezuiverd. Negatieve ionen hebben bovendien een sterke antistatische werking.Ingebouwde hygrostaat voor automatische luchtontvochtiging. Kleurenmonitor voor aanduiding relatieve luchtvochtigheid.De Clean Air Optima condensatie - luchtontvochtiger CA-707 is voorzien van een ingebouwde hygrostaat voor het meten, controleren en automatisch regelen van de relatieve luchtvochtigheid. De gewenste luchtvochtigheid kan ingesteld worden tussen 35 en 80% relatieve luchtvochtigheid. Deze luchtontvochtiger is standaard voorgeprogrammeerd op het bereiken van de door medici geadviseerde optimale relatieve luchtvochtigheid van 55%. Bij instelling van de minimum te bereiken waarde van 35% volgt continubedrijf, waarbij het apparaat pas stopt bij de automatische afslag door een volle watertank.
 Het doordachte design communiceert de luchtvochtigheid ook via de ronde kleurenmonitor aan de voorzijde van het apparaat.BLAUW = droge lucht bereik = <53%GROEN = aangenaam bereik = 53% - 68%ROOD = hoge relatieve luchtvochtigheid = >68% Kenmerken en voordelen• Automatische ontvochtiging op programma door ingebouwde hygrostaat• Inclusief afvoerslang 10mm rond en 1 meter lang voor continu waterafvoer• Werkt preventief tegen schimmelvorming, roest en schade door vocht• Verwijdert muffe geuren• Groot temperatuur inzetbereik van 5 °C tot 32 °C 
 Vijf filtertechnologieën voor effectieve luchtreiniging:1. Voorfilter vangt grote stofdeeltjes en pluizen2. Actiefkoolstoffilter neutraliseert geuren en gassen3. TRUE HEPA H13 filter met nano zilver coating zuivert 99,97% van alle zweefstoffentot 0,3 micron (0,3 µm) uit de lucht 4. Permanente UV lamp elimineert kiemen, virussen, schimmels en bacteriën5. Ionisator reinigt en verfrist de binnenlucht met 3.000.000 neg.ionen/cm³• Oscillatieklep met swingfunctie voor ondersteuning luchtcirculatie• Ondersteunt wasdroging• Elegant en compact design• Comfortabele bediening door ingebouwde hygrostaat• LED functieaanduiding• Bediening door tiptoetsen in het display• Stopt automatisch met LED signaal bij volle tank• Timer voor in / uitschakelmoment apparaat (0-24h) • 3 Standen regelbare ventilator• sensor gestuurde ontdooi functie• Automatische herstart na ontdooien of stroomonderbreking• Geschikt voor continu gebruik zonder toezicht• Gemakkelijk te verplaatsen door praktische handgreep en robuuste wieltjes• Praktisch onderhoudsvrij!• Eenvoudige filterreiniging: permanent voorfilter 2x per maand stofzuigen• Actiefkoolstoffilter na 3 - 6 maanden vervangen• TRUE HEPA H13 filter met nano zilver coating na 3 - 6 maanden vervangen • Bijzonder geluidsarm• Laag energieverbruik• 365 Watt ventilator hoog en 270 Watt ventilator laag• Optimale prijs / prestatieverhouding 
 Toepassingsvoorbeelden Door de slanke, getailleerde belijning in het exclusieve design, de neutrale kleurstelling in ivoorwit / zwart en de stille werking is de compacte luchtontvochtiger en luchtreiniger CA-707 inzetbaar in elk interieur. De elektrische ontvochtiger CA-707 is geschikt voor het verwijderen van vocht in de woon- en slaapkamer, kinderkamer, kantoren, openbare gebouwen, sport - en fitnesscentrum, wellnessruimte, bedrijfsruimtes, woonboerderijen, industrie, opslagruimten of musea en is geschikt voor wasdrogen, gebruik in vakantiewoningen, campers en caravans. 
 Vervangen van filtersDe Clean Air Optima CA-707 is uitgerust met een bewakingsmechanisme voor de levensduur van het filter, dat aangeeft dat het filter (HEPA + Actief Koolstoffilter) na 500 werkuren moet worden vervangen. Om aan te geven dat het filter moet worden vervangen, begint het controlelampje dubbel nul van de luchtontvochtiger te knipperen. Reset de timer voor het filter door de droge kleding knop (Laundry Mode) ongeveer 3 seconden ingedrukt te houden. Als het controlelampje uitgaat, is de timer met succes gereset.Vervanging Actief Koolstoffilter + True HEPA H13 Filter na 3-6 maanden. 
"
86,TROTEC Design luchtontvochtiger en luchtreiniger TTK 27 HEPA - 95 % HEPA-filtering - verbetering luchkwaliteit,,Trotec,,,,"164,95",,https://www.bol.com/nl/nl/p/trotec-design-luchtontvochtiger-en-luchtreiniger-ttk-27-hepa-95-hepa-filtering-verbetering-luchkwaliteit/9300000058577012/,13,"
    De interieurvriendelijke Design-luchtontvochtiger TTK 27 HEPA regelt de luchtvochtigheid in de ruimte op een gezond niveau en beschermt dankzij HEPA-filtering tegen virussen, bacteriën, schimmelsporen en overige via de lucht overdraagbare schadelijke stoffen.Vertrouw bij de bescherming van uw gezondheid, de inrichting en de controle van de luchtkwaliteit heel eenvoudig en gerieflijk op de Luchtontvochtiger TTK 27 HEPA met effectieve HEPA-luchtreinigingstechnologie. Met zijn combinatie van luchtreiniging en -ontvochtigingstechniek voorkomt dit multitalent op betrouwbare wijze de vorming van ongezonde vochtplekken en de daarmee samenhangende vochtproblemen zoals schimmelvorming, weervlekken en natheid. De lucht wordt in het tweevoudige filtersysteem bestaande uit voorfilter en uiterst efficiënt HEPA-filter ontdaan van mogelijk virusbevattende aerosolen, bacteriën, schimmelsporen, fijnstof, huisstof, dierenhaar en overige via de lucht overdraagbare ziekteverwekkers. Ook wordt de groei van stofmijten en allergenen gereduceerd.Voordelen in de praktijk:

Luchtontvochtiger met HEPA-luchtreiniger (95 % effectieve HEPA-filtering van bacteriën, virussen, pollen, fijnstof, stofmijten, schimmelsporen en andere allergenen en schadelijke stoffen)
Hygrostaatgeregelde, automatische luchtontvochtiging in stappen van 5 % instelbaar tussen 30 en 80 % r.v.
Zodra de gewenste luchtvochtigheidswaarde is bereikt, schakelt de compressor automatisch uit. De ventilator loopt door. Bij overschrijding schakelt het apparaat automatisch weer aan.
Geschikt voor ruimten tot 15 m² / 37 m³
Ontvochtigingsvermogen max. 12 liter / 24 uur
Luchtkwaliteitsaanduiding met kleuren-Led
Weergave van de relatieve luchtvochtigheid
Continubedrijf voor permanente ontvochtiging in onbeheerde ruimten
Timerfunctie (1-24 uur)
Nachtmodus (fluisterstil)
Auto-restart functie (memory-functie)
Overloopbescherming – apparaat schakelt uit wanneer waterreservoir vol is
Waarschuwingssignaal bij vol waterreservoir
Waterreservoir ca. 2,5 liter
Tweetraps ventilator
Aansluitmogelijkheid voor een afvoerslang voor permanent gebruik
Wasdroogfunctie

"
87,"Vonia Luchtontvochtiger - Ontvochtigt 12L per dag - Ontvochtiger - Geschikt voor Woonkamer, Slaapkamer, Badkamer - Wit",,vonia,,"4,8",31,"249,95",,https://www.bol.com/nl/nl/p/vonia-luchtontvochtiger-ontvochtigt-12l-per-dag-ontvochtiger-geschikt-voor-woonkamer-slaapkamer-badkamer-wit/9300000162167144/,9,"
Op zoek naar de perfecte ontvochtiger voor in je slaapkamer, badkamer of woonkamer? Stop met zoeken! De Vonia Luchtontvochtiger is precies wat je nodig hebt. Met een capaciteit van 12000 ml per dag houdt dit apparaat de lucht altijd fris en vochtvrij. Het strakke witte design past perfect in elk interieur. Zeg maar dag tegen vochtproblemen, hoi Vonia Ontvochtiger! Ervaar de voordelen zelf:  Ontvochtigd 12000 ml per dag Ruimte bereik 120m3 per uur Energiezuinig Nachtmodus optie Auto-off functie Stille werking 38 dB Waterreservoir 2L Verbeterd slaapkwaliteit en comfort  Hoge ontvochtigingscapaciteitDe luchtontvochtiger van Vonia is ideaal voor het ontvochtigen van grote ruimtes. Met een capaciteit van maar liefst 12000 ml per dag zorgt deze krachtige ontvochtiger ervoor dat de lucht in jouw slaapkamer, badkamer en woonkamer fris en droog blijft. Ontvochtig met gemakDankzij de ontvochtiger van Vonia is het verleden tijd dat je kampt met vochtproblemen in je huis. Het apparaat is eenvoudig in gebruik en zuigt moeiteloos het teveel aan vocht uit de lucht. Binnen no time merk je het verschil en geniet je weer van een aangenaam leefklimaat. Stijlvolle toevoeging aan je interieurNaast zijn functionaliteit is de luchtontvochtiger van Vonia ook nog eens een prachtige toevoeging aan je interieur. Met zijn strakke witte design past hij perfect in elke slaapkamer, badkamer of woonkamer. Kies voor stijl én comfort met de Vonia ontvochtiger. Compacte ontvochtigerMet de Vonia luchtontvochtiger haal je een compact toestel in huis dat gemakkelijk te plaatsen is. Dankzij het witte design past hij perfect in elk interieur. Of je nu een kleine slaapkamer, een ruime badkamer of een gezellige woonkamer hebt, deze ontvochtiger is de ideale oplossing om vochtproblemen aan te pakken. Adem schonere lucht inDe Vonia luchtontvochtiger zorgt niet alleen voor een drogere omgeving, maar ook voor schonere lucht. Door het verwijderen van overtollig vocht, worden schimmels en bacteriën namelijk tegengegaan. Zo adem jij elke dag weer een gezondere lucht in, wat zeker van pas komt in de slaapkamer, badkamer of woonkamer.
"
88,Erikssøn Luchtontvochtiger Dry Pro - Ontvochtigt Tot 0.6 Liter Per Dag - Geschikt Voor Slaapkamer En Badkamer En Woonkamer En Kelder - Dehumidifier,,Erikssøn,,"4,1",34,"69,99",Op voorraad,https://www.bol.com/nl/nl/p/eriksson-luchtontvochtiger-prime/9300000151859614/,11,"
Wil jij schimmels en bacteriën voorkomen? Vrij ademen in huis? Niet meer afhankelijk zijn van een (slechte) afzuigkap om waterdamp in jouw huis te verwijderen? Allergieën minimaliseren? Dan is de Erikssøn Luchtontvochtiger Prime perfect geschikt voor jou!  De Erikssøn Luchtontvochtiger verwijdert moeiteloos vocht uit jouw binnenruimte. Met een droog binnenklimaat ben jij er van verzekerd dat vochtplekken en schimmels weg blijven! Droog en reinig de lucht in jouw huis op een Thuiswinkelwaarborg gekeurde manier!  Luchtreiniging èn ontvochtiging Met de Erikssøn Luchtontvochtiger verlaag jij in hoog tempo de luchtvochtigheid in elke gewenste ruimte. De door medisch specialisten geadviseerde optimale luchtvochtigheid in gesloten ruimtes ligt in het bereik van 40 tot 60% relatieve luchtvochtigheid. Is de lucht in binnenruimtes te vochtig dan kan de levenskwaliteit door schimmelsporen, allergenen en ademweg problemen sterk nadelig beïnvloedt worden. Met de Erikssøn Luchtontvochtiger zijn nare luchtjes en schimmels binnen no-time verdwenen. Voorkom gezondheidsproblemen - Verminder allergieën Als je last hebt van een allergie of astma, is het belangrijk dat de lucht in huis schoon is. De Erikssøn luchtontvochtiger draagt hier aan bij door middel van de bovengenoemde 2-in-1 functie. De Erikssøn Luchtontvochtiger maakt gebruik van een geïntegreerde HEPA-filter om de lucht te reinigen en pollen, huisstofmijt en overige deeltjes te minimaliseren.   Ontvochtigd tot 600 ml per dag - Voor ruimtes van 10-35 m2 De luchtontvochtiger heeft een groot waterreservoir met een opvangcapaciteit van 600 ml. Wanneer het reservoir vol is knippert het indicatielampje oranje. Hiermee weet jij dat het waterreservoir geleegd moet worden. De luchtontvochtiger vangt bij 30°C en 80% luchtvochtigheid maximaal 600 ml water per dag op. Je hoeft dus niet elke dag het waterreservoir te legen! Europees Geassembleerd - <30dB - 1 jaar fabrieksgarantieGeniet van 100% kwaliteitsgarantie en extreme stilte door de Europees Geassembleerde motor van de Erikssøn Luchtontvochtiger Prime. Specificaties:► Merk: Erikssøn► Inhoud verpakking: 1x luchtontvochtiger ► Materiaal: PP, ABS► Kleur: Zwart► Afmetingen: 25,60 x 15,00 x 15,00 cm► Gewicht: 1,3 kg► Snoerlengte: 1,2 m► Voltage – Frequentie: DC 12V 3.5A | 50/60Hz► Vermogen: 40W► Capaciteit waterreservoir: 600 ml► Capaciteit luchtontvochtiging: 600 ml/dag (bij 30°C en 80% RH)► Bereik: 10 – 25 m²► Geluidsniveau: 29 dB► Werktemperatuur: 15 – 30°C► BPA-vrij: ja► Signaal vol waterreservoir: Ja► Minimale luchtvochtigheid: 40%► Minimale kamertemperatuur: 5°C► Luchtfilter: Ja
"
89,"Clean Air Optima® CA-703W - Luchtontvochtiger - 700ml/dag - Met Ionisator, UV-LED en Fotokatalytisch filter voor luchtreiniging!",,Clean Air Optima,,"3,6",113,"109,-",Op voorraad,https://www.bol.com/nl/nl/p/clean-air-optima-ca-703w-luchtontvochtiger-700ml-dag-met-ionisator-uv-led-en-fotokatalytisch-filter-voor-luchtreiniging/9200000020953926/,13,"
2 in1: Luchtontvochtigen en Luchtreinigen  Ontvochtigingscapaciteit tot 700ml/dag Luchtreiniging door 3-voudige filtertechniek Compacte luchtontvochtiger met Peltier technologie Ondersteuning wasdroging Elegant design Geschikt voor ruimtes tot 10m²/25m³  Unieke technologie CA-703W voorkomt schimmelvorming en verbetert de luchtkwaliteitIs de lucht in uw binnenruimtes te vochtig dan kan de levenskwaliteit door schimmelsporen, allergenen en ademweg problemen sterk nadelig beïnvloedt worden. De door medische specialisten geadviseerde optimale luchtvochtigheid in gesloten ruimtes ligt in het bereik van 40 tot 60% relatieve luchtvochtigheid.De elektronische luchtontvochtiger CA-703W van Clean Air Optima® geeft schimmelvorming door een te hoge luchtvochtigheid geen kans.De 3-voudige filtertechniek in de CA-703W zuivert praktisch alle ongewenste stoffen, geuren en micro-organismen uit de binnenlucht.Door de tankinhoud van 2 liter en de ontvochtigingscapaciteit van 700ml/dag (bij 30°C en 80% relatieve luchtvochtigheid) is de elektronische luchtontvochtiger CA-703W met ionisator, UV licht en fotokatalytisch filter voor luchtreiniging, geschikt voor ruimtes tot 10m²/25m³ zoals de badkamer, was- en opslagruimtes.Het unieke ontwerp van de CA-703W combineert effectieve luchtontvochtiging met krachtige luchtreiniging, een elegant design, hoge functionaliteit en duurzaamheid als belangrijkste kenmerken. Effectieve luchtontvochtiging CA-703W door thermo-elektrisch Peltier elementQua effect is een Peltier element het omgekeerde van een thermokoppel: bij het thermokoppel wordt een temperatuurverschil over een overgang tussen verschillende metalen omgezet in een elektrische spanning.Het Peltier element zet een elektrische spanning over een overgang tussen verschillende metalen om in een temperatuurverschil.Het Peltier- element in de Clean Air Optima® luchtontvochtiger CA-703W is een elektrische component welke gebruikt wordt om warmte te verplaatsen van een koude naar een warme plek. Een aaneenschakeling van Peltier eenheden kan praktisch als koel (- of verwarming) element toegepast worden en laat vocht condenseren. Op deze wijze is een warmtepomp werking gerealiseerd zonder bewegende delen of vloeistoffen. De Clean Air Optima® luchtontvochtiger CA-703W met ionisator is daardoor zeer onderhoudsarm en trillingsvrij door het ontbreken van een compressor!Effectieve ontvochtiging en reiniging van binnenlucht in zes stappen1. Aanzuigen van de vochtige en verontreinigde binnenlucht door de geluidsarme met kogellagers uitgevoerde, krachtige ventilator2. Peltier elementen waarlangs de vochtige lucht wordt geleid. Vocht condenseert en wordt opgevangen in de tank met een inhoud van 2 liter3. Ionisator capaciteit >3.000.000 negatieve ionen/cm³ reinigt en verfrist de binnenlucht4. UV (ultraviolet) licht elimineert bacteriën, schimmels, schimmelsporen en virussen5. Fotokatalytisch filter / UV led zijn in staat nare geuren te verwijderen en bacteriën en virussen te elimineren6. Antibacterieel materiaal verwerkt in de lichtgewicht behuizing. Schone, gezonde ademlucht stroomt in de binnenruimteIonisatieDe Clean Air Optima® luchtontvochtiger CA-703W beschikt over een ingebouwde ionisator voor de productie van negatieve ionen welke de binnenlucht reinigen en verfrissen. Tot de positieve eigenschappen van de ionisator behoort ook het verrijken van de lucht met actief zuurstof. Negatieve ionen hangen zich aan stofdeeltjes, micro-organismen en andere ongewenste stoffen in de lucht en verbinden deze met elkaar. De deeltjes worden op deze wijze zwaarder dan de lucht en vallen neer of worden door de luchtreiniger uit de lucht gefilterd.UV led lichtUVC licht elimineert bacteriën, schimmels, schimmelsporen en virussenHet fotokatalytisch filter functioneert in combinatie met UV led lichtDoor deze combinatie ontstaat een bijzonder krachtige bacteriën en virus dodende werking. Het fotokatalytisch filter is opgebouwd uit titanium dioxide. Wanneer deze stof wordt blootgesteld aan UV licht, wordt hieruit waterstofperoxide (H²O²) en hydroxide radicalen (OH) vrijgemaakt. Deze stoffen zijn in staat nare geuren te verwijderen en bacteriën en virussen te elimineren.Kenmerken en voordelen• Automatisch werkend programma binnenlucht ontvochtigen en reinigen• Werkt preventief tegen schimmelvorming, roest en schade door vocht• Verwijdert muffe geuren, stof en micro-organismen• Bestrijdt stofmijten en schimmel, reduceert daardoor allergieklachten• Reduceert stookkosten: hoe droger het huis is, hoe lager de stookkosten• Inzetbereik boven 40% relatieve luchtvochtigheid• Luchtreiniging door ionisator, UV licht en fotokatalytisch filter• Ondersteunt wasdroging• Elegant en compact design• Eenvoudige bediening• LED functieaanduiding voor aan / uit, UV en ionisator, volle watertank• Stopt automatisch met LED signaal bij volle tank• Automatische herstart• Krachtige continu ventilatorfunctie• Geluidsarm door met kogellagers uitgevoerde ventilator• Gemakkelijk te verplaatsen door praktische handgreep• Onderhoudsvrij door permanent fotokatalytisch filter en UV LED• Inclusief 12 Volt auto adapter• Laag energieverbruik• Optimale prijs / prestatieverhoudingEffectieve toepassingenDe veelzijdige Clean Air Optima® CA-703W - elektronische luchtontvochtiger met krachtige luchtreiniging door ingebouwde ionisator, UV en fotokatalytisch filter is compact, geluidsarm en zeer effectief. Temperatuur inzetbereik boven 5°C, boven 40% relatieve luchtvochtigheid. Het automatische programma maakt gebruik mogelijk in ruimtes zonder direct toezicht. Door elegant design en decente kleurstelling toepasbaar in elk interieur. Geschikt voor gebruik in de kleinere woonruimte en kantoor, wasruimte, droogruimte, fitnessruimte, badkamer, magazijn etc. etc. Mobiel gebruik en recreatieDoor de extra meegeleverde 12 Volt auto adapter is de makkelijk inzetbare luchtontvochtiger Clean Air Optima® CA-703W ook geschikt voor gebruik in de auto, vrachtwagen, bus, bedrijfswagen, caravan, stacaravan, boot, etc. etc. Voorkoming en vermindering allergieënDe Clean Air Optima® CA-703W - elektronische luchtontvochtiger reduceert de relative luchtvochtigheid in de binnenruimte. Stofmijten, ander ongedierte en schimmelsporen gedijen het beste in een vochtige omgeving. De belangrijkste veroorzakers van allergie klachten zijn stofmijten en schimmel. In combinatie met de krachtige luchtzuivering door de 3-voudige filtertechniek van de CA-703W heeft gebruik van dit unieke apparaat een direct effect op de voorkoming en vermindering van allergieën.
"
90,Luchtontvochtiger - Extreem Stil - 350ml/dag - Geschikt voor Huis / Slaapkamer & Badkamer,,Exclusive by TW,,"4,4",29,"69,95",Op voorraad,https://www.bol.com/nl/nl/p/luchtontvochtiger-extreem-stil-350ml-dag-geschikt-voor-huis-slaapkamer-badkamer/9300000135269950/,9,"
Wil jij jouw meubels beschermen, allergenen tegengaan en vrijer kunnen ademen op een gemakkelijke en snelle wijze? De Exclusive by TW luchtontvochtiger pakt de vochtproblemen bij de bron aan! De ontvochtiger is speciaal ontworpen met de nieuwste technologie en het beschikt over de slimste sensoren, waardoor je automatisch vocht uit je woonkamer, kelder of slaapkamer verdwijnen. Dit zorgt ervoor dat je voor eens en altijd gedag kan zeggen tegen vochtplekken, klamme ruimtes en onnodige schimmel. Extra krachtig en compactDeze luxe dehumidifier verwijderd tot wel 350 ML aan vocht per dag en transformeert jouw ruimte tot een goed gereinigde oase. Daarnaast is de luchtontvochtiger van Exclusive by TW compact en licht van gewicht. Hierdoor kan je de luchtontvochtiger eenvoudig verplaatsen en opbergen. Ruim reservoirDe luchtontvochtiger is voorzien van een ruime watertank van 1000 ml zodat je het opvangbakje niet steeds leeg hoeft te gieten. Is de tank vol? Geen probleem, het apparaat schakelt zichzelf automatisch uit. Gooi de tank inhoudt leeg en klaar is kees! Jouw voordelen  Waterreservoir met een inhoudscapaciteit van 1 liter Verwijderd tot wel 350 ml vocht per dag Zeer gebruiksvriendelijk en handzaam Voorzien van de nieuwste technologie Laag energieverbruik Geruisloos en muisstil in gebruik Volledig automatisch vocht verwijderen uit je woonkamer, slaapkamer of kelder 7 sfeervolle LED Kleuren  Geruisloos en fluisterstilDeze reinigende ontvochtiger is uitgerust met een ingebouwde motor, welke weinig tot geen geluid maakt. Dit zorgt ervoor dat het volledig automatisch zijn werk doet zonder dat je tussentijds zal worden gestoord. Hierdoor hoeft je enkel het apparaat in de slaapkamer plaatsen zonder dat het je nachtrust zal verstoren. Voor ruimtes van 10m² tot 25m².Voor het beste resultaat plaats je de luchtontvochtiger in een ruimte tussen 10m² tot 25m². Gebruik hem dus in kleine ruimtes zoals de bijkeuken, maar ook in grotere ruimtes zoals de slaapkamer! De gewenste kamertemperatuur is tussen 8°C en 40°C. De luchtontvochtiger zal niet goed werken bij kamertemperaturen onder 5°C of onder 45% luchtvochtigheid. Er zit dan te weinig vocht in de lucht. Druk op ‘in winkelwagen’ en zeg gedag tegen vocht in je woonkamer, slaapkamer of kelder en geniet van een frisse lucht.
"
91,PINGI 3-delige set Lucht-ontvochtiger - Herbruikbaar,,PINGI,,,,"16,51",Op voorraad,https://www.bol.com/nl/nl/p/pingi-3-delige-set-lucht-ontvochtiger-herbruikbaar/9300000169759001/,10,"
De Pingi-herbruikbare ontvochtigers zijn een perfect middel om overtollige vocht in gesloten ruimtes te verwijderen. Pingi verlaagt de luchtvochtigheid en voorkomt muffe geuren en vocht. De herbruikbare Pingi-ontvochtigers verschillen van andere ontvochtigingsproducten, omdat ze in de magnetron kunnen worden geregenereerd. De vochtigheidsindicator geeft aan wanneer het tijd is om uw Pingi te regenereren. De indicator geeft aan wanneer het tijd is om de Pingi op te laden. Plaats de Pingi eenvoudig 3 tot 12 minuten in de magnetron - afhankelijk van het model - en de ontvochtiger is weer klaar voor gebruik. De luchtontvochtigers met vochtigheidsindicator toepassingsgebied:  150 gram - ruimtes tot 3 m3 250 gram - ruimtes tot 6 m3 450 gram - ruimtes tot 10 m3  De perfecte oplossing voor bijvoorbeeld beslagen ruiten en andere vochtproblemen in jouw auto, caravan of boot. Deze auto-ontvochtiger trekt het vocht als een magneet uit de lucht en houdt het veilig vast, zonder kans op lekken. Met de handige indicator wordt aangegeven wanneer de auto-ontvochtiger vol zit. Deze is vervolgens herlaadbaar in de magnetron en daarna weer als nieuw te gebruiken. Voordelen Pingi ontvochtiger:  Herbruikbaar voor huis, auto, caravan Luchtontvochtigers en deodorers in één De nieuwe generatie luchtontvochtigers zijn van Pingi 
"
92,De'Longhi DEXD214RF Tasciugo AriaDry Multi - Luchtontvochtiger - Wit,,De'Longhi,,,,"263,93",,https://www.bol.com/nl/nl/p/de-longhi-dexd214rf-tasciugo-ariadry-multi-luchtontvochtiger-wit/9300000159816163/,8,"
De'Longhi DEXD214RF Luchtontvochtiger Werk overtollig vocht weg en creëer thuis een aangename sfeer   Zeer stil: De DEXD214RF is extreem stil zonder afbreuk te doen aan zijn ontvochtigings-capaciteit en is daarom geschikt voor de slaapkamer. AS-certificering & Koolstoffilter tegen geurtjes: Betere luchtkwaliteit dankzij een drievoudig filtersysteem: een stoffilter, een verwijderbaar allergeenfilter dat verschillende allergenen opvangt en een Koolstoffilter dat geuren helpt verwijderen. Het CERTIFIED asthma & allergy friendly™keurmerk is een geregistreerd keurmerk van ALLERGY STANDARDS LTD. Wasdroogfunctie: Met de wasdroogfunctie helpt de DEXD214RF de droogtijden van wasgoed te verkorten. Afvoerslang: Voor het verwijderen van het water zonder de tank te hoeven legen. Milieuvriendelijk: Gemaakt met minstens 30% gerecycleerd plastic****.   Informatie:  14 l/24u* Digitale Display Anti-stof en anti-allergie filter Koolstoffilter tegen geurtjes Geluidsniveau: stil - perfect for slaapkamers Milieuvriendelijk: 30% gerecycleerd plastic****     475 keer meer milieuvriendelijk** Multifunctionele ontvochtiger: niet alleen om vocht te verwijderen, maar draagt ook bij aan het drogen van je was en het reinigen van de lucht die je inademt. Verwijderbaar waterreservoir (2,1 l) Timer 12u Wasdroogfunctie Elektronisch anti-vries functie Afvoerslang meegeleverd Geïntegreerde handgreep voor maximale draagbaarheid Automatische herstartsfunctie    * 30°C/80% R.H. ** 475 keer vergeleken met de impact van R134 - F-Gas Reg. 517/2014. *** De afmetingen van de kamers zijn bij benadering en hangen sterk af van de temperatuur en de vochtigheidsgraad tijdens het gebruik van het product. **** Minimaal 10% gerecycleerde inhoud, bestaande uit 30% gerecycleerde kunststof (exclusief elektrische componenten).
"
93,"luchtontvochtiger, luchtontvochtiger slaapkamer, luchtonvochtiger badkamer, ontvochtiger huis, luchtreiniger, 2024 model, ontvochtiger v2, 450ml per dag, luchtontvochtiger kelder",,Vid,,"4,3",6,"129,99",,https://www.bol.com/nl/nl/p/luchtontvochtiger-luchtontvochtiger-slaapkamer-luchtonvochtiger-badkamer-ontvochtiger-huis-luchtreiniger-2024-model-ontvochtiger-v2-450ml-per-dag-luchtontvochtiger-kelder/9300000167738790/,9,"
Op zoek naar de perfecte oplossing om vochtigheid en condensatie in jouw huis aan te pakken? De VID luchtontvochtiger is stil, LED-verlicht, zuinig én compact. Met zijn krachtige prestaties voorkom je natte kleren, vochtige muren, schimmels en bacteriën . Dankzij het lage geluidsniveau van slechts 30 dB is hij perfect voor iedere ruimte van 5 - 60 m2. Met een capaciteit van 1200 ml waarvan 450ml per dag en een handige uitneembare watertank, biedt hij ultiem gemak.   ► Alle voordelen op een rijtje   ✓ Vermindert condensatie     ✓ Werkt op fluisterniveau     ✓ Geschikt voor alle ruimtes     ✓  Voorkomt schimmel en virussen     ✓  Capaciteit van 1200ml     ✓  Gemakkelijk uitneembaar     ✓  Schakelt automatisch uit     ✓  Filtert 450 ml vocht per dag     ✓  Energiezuinig     ✓  Het merk VID is gespecialiseerd in luchtkwaliteit en heeft een betrouwbare reputatie.   Stil en effectief tegen vochtigheid en schimmel De luchtontvochtiger van VID is de ideale oplossing voor ruimtes tot 60 m2. Met een geluidsniveau van slechts 30 dB kun je genieten van een rustige omgeving terwijl de luchtontvochtiger zijn werk doet. Zeg maar dag tegen vochtige muren, condensatie en natte kleren! LED-indicator voor optimaal gebruiksgemak Dankzij de handige LED-indicator van de luchtontvochtiger van VID weet je altijd wanneer het tijd is om de watertank te legen. Deze is namelijk makkelijk uitneembaar en heeft een capaciteit van maar liefst 1200 ml. Zo hoef je je geen zorgen te maken over overstromingen of ongewenste vochtplekken. Je bepaalt zelf welke kleuren je wilt zien door een makkelijke druk op de knop. Zuinig, compact en krachtig Met een capaciteit van 450 ml vocht per dag is de luchtontvochtiger van VID niet alleen compact en krachtig, maar ook nog eens energiezuinig. Je kunt dus genieten van een aangename luchtvochtigheid zonder dat het je een fortuin aan energiekosten kost. Ideaal voor zowel thuisgebruik als op kantoor! 2 in 1 luchtreiniger en ontvochtiger  De luchtontvochtiger van VID. ontvochtigd niet alleen maar reinigt ook de lucht. De filter achterin het apparaat verwijdert stof en zuivert het water. De luchtontvochtiger laat geen geurtjes of vlekken achter. Ideaal bij allergieën en vochtige ruimtes!   - Met de VID luchtontvochtiger geniet je van een stil en rustig leefklimaat. - De LED-display maakt het gemakkelijk om de instellingen aan te passen naar jouw wensen. - Onze luchtontvochtiger is zeer zuinig in energieverbruik, wat goed is voor het milieu én je portemonnee. - Dankzij het compacte formaat past de VID luchtontvochtiger in elke ruimte zonder in de weg te staan. - Onze luchtontvochtiger is krachtig genoeg om de vochtigheid in een ruimte van 5 tot 60 m2 te verminderen. - Het verminderde vochtigheidsniveau voorkomt condensatie op ramen, natte kleren én vochtige muren. - Met een geluidsniveau van slechts 30 dB merk je nauwelijks dat de luchtontvochtiger aan staat. - De VID luchtontvochtiger heeft een capaciteit van 1200 ml, waardoor je lang kunt genieten van een droge omgeving. - Dankzij de makkelijk uitneembare watertank is het legen en schoonmaken geen gedoe. - Onze luchtontvochtiger filtert maar liefst 450 ml vocht uit de lucht per dag, waardoor schimmel en virussen geen kans krijgen. Wacht niet langer en zorg voor een gezond en comfortabel binnenklimaat met de VID luchtontvochtiger! Veel gestelde vragen over de VID Luchtontvochtiger 1. Hoeveel geluid maakt de VID luchtontvochtiger? De VID luchtontvochtiger heeft een geluidsniveau van slechts 30 dB. Dit betekent dat je nauwelijks geluid zult horen tijdens het gebruik ervan. Zo kun je comfortabel slapen of je concentreren zonder gestoord te worden. 2. Welke oppervlakte kan de VID luchtontvochtiger dekken? Met een bereik van 5 - 60 m2 kan de VID luchtontvochtiger gemakkelijk vochtigheid verminderen in verschillende ruimtes. Of je het nu in de slaapkamer, woonkamer, kantoor of zelfs in de kelder wilt gebruiken, deze luchtontvochtiger is geschikt voor elke omgeving. 3. Hoe helpt de VID luchtontvochtiger schimmel en virussen te voorkomen? De VID luchtontvochtiger helpt vochtige muren, natte kleren en condensatie te verminderen. Hierdoor wordt de kans op schimmelgroei en verspreiding van virussen aanzienlijk verminderd. Je kunt dus genieten van een schone en gezonde leefomgeving. 4. Hoeveel vocht kan de VID luchtontvochtiger per dag filteren? De VID luchtontvochtiger heeft een capaciteit van 1200 ml, die hij gemiddeld 450 ml vocht per dag kan filteren. Dit is ruim voldoende om de vochtigheidsniveaus in de ruimte onder controle te houden en ongewenste gevolgen van vocht te voorkomen. 5. Is de watertank van de VID luchtontvochtiger gemakkelijk te verwijderen? Ja, de watertank van de VID luchtontvochtiger is zeer gemakkelijk uitneembaar. Hierdoor kun je eenvoudig het gecondenseerde vocht afvoeren en de tank weer terugplaatsen. Dit maakt het onderhoud van de luchtontvochtiger snel en eenvoudig, zodat je hem altijd optimaal kunt gebruiken.   100% Tevredenheidsgarantie Ben je niet tevreden over de babycare elektrische borstkolf MAX van Vulpes Goods®? Dat vinden wij vervelend om te horen maar wij willen ten alle tijden dat jij tevreden bent en daarom kun je je bestelling tot 30 dagen na je aankoop, gratis retour sturen naar ons. Ons klantvriendelijke team staat je ook maar al te graag persoonlijk te woord bij al je vragen en/of opmerkingen. Wij zijn pas tevreden als jij dat bent!
"
94,Nordix Luchtontvochtiger - Vochtopnemer - XL - Herbruikbaar - Navulzakje - 1.8L - Opvangbak - Tot 50m2,,Nordix,,"4,3",10,"17,95",Op voorraad,https://www.bol.com/nl/nl/p/orange85-luchtontvochtiger-vochtopnemer-xl-herbruikbaar-navulzakje-1-8l-opvangbak-tot-50m2-vochtvreter/9300000039342528/,7,"
Nordix luchtontvochtiger XL. Deze luchtontvochtiger zorgt ervoor dat de ideale luchtvochtigheid in een kamer wordt bereikt. De luchtontvochtiger is groot en beschikt over een inhoud van 1,8 L. Het meegeleverde zoutgranulaat bindt het vocht en heeft het af aan de opvangbak als vloeistof. Er worden 2 vullingen meegeleverd, de vullingen worden ook los verkocht voor navulling. Het materiaal van de bak is kunststof.  Luchtontvochtiger XL Opvangbak van 1,8 L Geschikt voor 25 tot 50 M2 Materiaal kunststof Navulbaar Voor de ideale luchtvochtigheid  Specificaties van de luchtontvochtiger XL  Merk: Nordix Materiaal: Kunststof Afmeting: 15 x 16 x 16 Kleur: Wit / Blauw 
"
95,"Luchtontvochtiger - Extreem Stil - Ontvochtigt 500ml per dag - Dehumidifier - Geschikt Voor Slaapkamer, Woonkamer, Badkamer, Kelder - LED - Wit",,Merkloos,,"5,0",2,"109,99",Op voorraad,https://www.bol.com/nl/nl/p/luchtontvochtiger-extreem-stil-ontvochtigt-500ml-per-dag-dehumidifier-geschikt-voor-slaapkamer-woonkamer-badkamer-kelder-led-wit/9300000145017301/,8,"
Verbeter de luchtvochtigheid in uw huis met deze luchtontvochtiger. Met een efficiënte energieverbruik van slechts 36W, kunt u deze 24/7 gebruiken in elke ruimte, inclusief de slaapkamer. Deze luchtontvochtiger kan tot 500 ml vocht per dag filteren en is voorzien van een 7-kleurige LED-lamp voor sfeerverlichting. Het apparaat schakelt automatisch uit wanneer het waterreservoir vol is en geeft een rode indicator. Voor het beste resultaat plaatst u de luchtontvochtiger in een ruimte van 10-30m² met een temperatuur tussen de 8°C en 40°C. Voorkom bacteriën, schimmels en allergenen in uw huis met de luchtontvochtiger. Jouw voordelen  Ontvochtigt tot 500 ml per dag Verwijdert vocht, muffe lucht & voorkomt schimmel Automatische uitschakeling Sfeervolle LED-nachtlamp Energiezuinig  Zeer efficiënte ontvochtiging Deze nieuw ontworpen draagbare kleine ontvochtiger met een reservoir met een capaciteit van 2 liter onttrekt dagelijks tot 500 ML water in een vochtige omgeving van 37(°C) en 80% RH. Dehumidifier thuis ontvochtiger is ontworpen om de vochtigheid in de lucht te verminderen en te handhaven, om u te helpen de luchtkwaliteit te verbeteren en een comfortabele en schone leefomgeving voor u te creëren. Uiterst stil Dehumidifier gebruikt de Peltier Technologie (geen compressor) waardoor het lichtgewicht en stil is (35db) en u een comfortabele en rustige slaapomgeving creëert.   Automatische uitschakeling Om te voorkomen dat de luchtontvochtiger overstroomt gaat hij automatisch uit als het waterreservoir vol is. Als het reservoir voor 70% gevuld gaat een rood licht branden. Zodra het reservoir helemaal vol zit schakelt hij volledig uit. Leeg het waterreservoir simpelweg in de gootsteen en zet de luchtontvochtiger weer aan!   Compact en energiezuinig De luchtontvochtiger is lichtgewicht en compact. Alles bij elkaar weegt hij maar 1,4 kg! Je kunt de luchtontvochtiger hierdoor eenvoudig verplaatsen en opbergen. Met een verbruik van 40W is hij ook zeer energiezuinig. Je kunt de luchtontvochtiger dus zonder zorgen 24/7 aan laten staan! Voor ruimtes van 10 – 30 m² Voor het beste resultaat plaats je de luchtontvochtiger in een ruimte tussen 10 – 30 m². Gebruik hem dus in kleine ruimtes zoals de bijkeuken, maar ook in grotere ruimtes zoals de slaapkamer! De gewenste kamertemperatuur is tussen 8°C en 40°C. De luchtontvochtiger zal niet goed werken bij kamertemperaturen onder 5°C of onder 45% luchtvochtigheid. Er zit dan te weinig vocht in de lucht. 100% Geld terug garantie Bent u niet helemaal tevreden over de Luchtontvochtiger, dan mag u het product binnen 30 dagen kosteloos retourneren. Wij zorgen dat u het volledige aankoopbedrag terug ontvangt. Heeft u een vraag over de luchtontvochtiger, neem gerust contact op met onze klantenservice. Voorkom vocht, muffe lucht & schimmel in uw huis met deze luchtontvochtiger!
"
96,Pingi Vida 1S Luchtontvochtiger 1 Lt. /30M2 /max. 250 mL per dag,,Pingi �,,"3,7",26,"51,50",,https://www.bol.com/nl/nl/p/pingi-vida-1s-luchtontvochtiger-1-lt-30m2-max-250-ml-per-dag/9300000025952499/,10,"
    ***Een top Mister Hage design **Het nieuwste topproduct van Pingi: de stijlvol vormgegeven Vida 1S compacte luchtontvochtiger. Met de Vida kunt u overtollige vochtigheid met een druk op de knop aanpakken. De luchtontvochtiger heeft een tankinhoud van 1000 ml en schakelt automatisch uit wanneer de tank voor meer dan 90% gevuld is. Is de Vida 1S vol? Neem de tank uit, giet het water weg en Vida 1S is weer klaar voor gebruik.De Pingi Vida 1S  is geschikt voor diverse ruimtes in en rond het huis: bijkeuken, provisiekast, garage, keuken, babykamers, wasruimte, etc. etc.Vertrouwde kwaliteitVida 1S is in Nederland ontworpen door de experts in vochtbestrijding. Het stijlvolle, minimalistische design van de Vida 1S zal gegarandeerd in iedere ruimte tot zijn recht komen. Voor het hele jaarGeef schimmels en muffe luchtjes geen kans om zich te kunnen ontwikkelen. Pingi Vida 1S kan eenvoudig worden overgeschakeld naar de wintermodus voor extra effectiviteit bij lage omgevingstemperaturen. Met behulp van een innovatief mechanisch gordijn wordt restwarmte hergebruikt om de prestaties in koude omgevingen te verhogen.Functionele LED-verlichting:De Vida is voorzien van stijlvolle blauwe LED-verlichting. Wanneer het waterreservoir voor 90% vol is en u de tank kunt legen, schakelt de luchtontvochtiger automatisch uit en zal de tankverlichting rood kleuren. De tankverlichting kan desgewenst ook gedimd worden.Permanente afvoermogelijkheid voorbereid:Bent u voor langere tijd weg, dan kunt u ervoor kiezen om een afvoerslang (niet meegeleverd) aan te sluiten en het water direct via een gootsteen of afvoer etc. af te voeren. Vida 1S is daardoor eveneens inzetbaar in de caravan of op de boot (met walstroom).Indien de omgevingstemperatuur < +15 graden Celcius zal het apparaat minder vocht uit de lucht halen. Wilt u bij lagere temperaturen ontvochtigen kiest u dan voor de iets duurdere Vida 2 (ook via Bol.com verkrijgbaar)Eigenschappen• Voor verbetering van luchtvochtigheid in vochtige kamers• Voorkom schimmel en muffe luchtjes• Neemt tot maximaal 250 ml per dag ongewenst vocht op• Ideaal voor bijkeuken, kelder, garage, keuken, slaapkamer, wasruimte etc.• Peltier-technologie• Automatische uitschakeling;• Tank LED verlichting;• Laag stroomverbruik van 18W• 1000 ml tankinhoud;• Apparaatgrootte: 180 x 225 x 108 mmSpecificaties:Bedrijfsomgeving: 0°C - 45°CCapaciteit: tot 250 ml/dag (bij 32°C / RH 90%)Koelelement: thermo-elektrische Peltier moduleStroomadapter: AC 100-240V / DC 9V 2,0AStroomverbruik: circa 18WVentilator: DC Borstelloze motorWatertank volume: 1000 mlInhoud verpakking:• PINGI Vida CSTV-1000EU (PVDS-1000EU)• Adapter• Gebruiksaanwijzing
  "
97,Monzana Luchtontvochtiger - Wifi App 20 tot 30m² - 20l/dag - Wit,,Monzana,,"3,7",7,"154,95",,https://www.bol.com/nl/nl/p/monzana-luchtontvochtiger-luchtreiniger-wifi-app-20-30m-20l-dag/9300000162816159/,3,"
SCHONE LUCHT MET ÉÉN DRUK OP DE KNOP EFFICIËNT & KRACHTIG De MONZANA® luchtontvochtiger heeft een capaciteit van 20 l per dag. Zo verwijdert hij op betrouwbare wijze vocht uit ruimtes van ongeveer 20 tot 30 m². De luchtvochtigheid is instelbaar tussen 30-80% (RH). MET LICHTBALK, LED-DISPLAY & WIFI Je kan de precieze luchtvochtigheid in één oogopslag aflezen op de gekleurde lichtbalk. Naast het eenvoudig af te lezen LED-display vind je ook touch knoppen op de vochtvanger. Het model is bovendien uitgerust met wifi, waardoor je het kan bedienen via je smartphone en Smart Home app. PERFECT IN ELKE MODUS Je kan vier verschillende standen kiezen om de lucht te ontvochtigen: de automodus, normale modus, slaapmodus en droogmodus. MOBIEL & MILIEUVRIENDELIJK Door de soepele, 360° draaibare wielen en het handvat aan de achterkant verplaats je het apparaat gemakkelijk en snel van de ene naar de andere ruimte. EENVOUDIG OP TE BERGEN Een praktische beschermhoes tegen stof beschermt het apparaat wanneer het niet in gebruik is. Productvoordelen:  Bediening via je smartphone met de Smart Home app of touch knop 4 standen 24-uurstimer Luchtafvoer voor optimale luchtcirculatie Wasbare filter Waterreservoir van 4,5 liter Slangaansluiting met beveiliging tegen overlopen Herinneringsfunctie voor automatisch herstarten en automatische ontdooiing Veiligheidscertificaat GS TÜV-Rheinland  Technische gegevens:  Afmetingen (hxbxd): 49,5x30,5x23 cm Vermogen: 330 W Stroomtoevoer: 220-240 V/ 50 Hz Koelmiddel: R290/ 50 g Volume: <41 dB(A) Capaciteit waterreservoir: 4,5 l  Leveringsomvang: 1x MONZANA® luchtontvochtiger
"
98,"Medsa Luchtontvochtiger - Stille werking - Sfeervolle verlichting - Geschikt voor Woonkamer, Slaapkamer, Babykamer & Badkamer - Wit",,Medsa,,"5,0",3,"69,95",Op voorraad,https://www.bol.com/nl/nl/p/medsa-luchtontvochtiger-stille-werking-sfeervolle-verlichting-geschikt-voor-woonkamer-slaapkamer-babykamer-badkamer-wit/9300000169873191/,5,"
Bescherm je huis tegen bacteriën, schimmels en allergenen met de Medsa 2-in-1 luchtontvochtiger. Dit apparaat is zeer energiezuinig (36W), waardoor je het continu kunt gebruiken, zelfs in de slaapkamer, zonder je zorgen te maken over hoge energiekosten. Het haalt dagelijks tot 350 ml vocht uit de lucht, waardoor de lucht fris en gezond blijft. Bovendien heeft het een waterreservoir met een ingebouwde 7-kleurige LED-lamp die je kunt inschakelen voor een sfeervolle verlichting. De luchtontvochtiger schakelt automatisch uit voordat het reservoir vol raakt, aangegeven door een rode indicator, waardoor je je geen zorgen hoeft te maken over overlopen. Om optimaal te profiteren van de prestaties, plaats je de luchtontvochtiger in een ruimte van 10 tot 20 m² met een temperatuur tussen 8°C en 40°C. Zo ben je verzekerd van een effectieve werking die bijdraagt aan een gezonde en comfortabele leefomgeving. Pluspunten + Effectieve ontvochtiging tot wel 350 ml per dag.+ Verwijdert actief bacteriën, schimmels en allergenen voor een gezondere leefomgeving.+ Handige automatische uitschakeling om overlopen te voorkomen.+ Geniet van sfeervolle verlichting met de ingebouwde LED-nachtlamp.+ Energiezuinig ontwerp om kosten te besparen zonder in te leveren op prestaties. Medsa Luchtontvochtiger De Medsa luchtontvochtiger vermindert snel de luchtvochtigheid in iedere ruimte, en doet meer dan dat: het verwijdert ook schimmels, bacteriën en allergenen! Met een geavanceerde filter achterin het apparaat wordt stof gevangen en wordt het water gezuiverd. Deze luchtontvochtiger laat geen ongewenste geurtjes of vlekken achter, wat ideaal is voor mensen met allergieën of voor vochtige ruimtes! Ontvochtigt 350 ml per dag De luchtontvochtiger is uitgerust met een ruim waterreservoir van 1000 ml, waardoor je niet dagelijks het reservoir hoeft te legen. Bij een luchtvochtigheid van 80% en een temperatuur van 30°C kan deze luchtontvochtiger dagelijks zo'n 350-400 ml water opvangen. Voor ruimtes van 10 – 20 m² Om optimaal resultaat te behalen, plaats je de luchtontvochtiger het beste in een ruimte met een oppervlakte tussen 10 en 20 m². Deze veelzijdige ontvochtiger is geschikt voor gebruik in kleine ruimtes zoals de keuken, maar ook in ruimere gebieden zoals de slaapkamer, woonkamer en de zolder! Energiezuinig ontwerp De Medsa luchtontvochtiger is een ware lichtgewicht en zeer compact in zijn ontwerp, met een totaal gewicht van slechts 1,2 kg! Hierdoor kun je hem moeiteloos verplaatsen en gemakkelijk opbergen wanneer nodig. Bovendien is het energieverbruik minimaal, slechts 36W. Dit maakt hem zeer energiezuinig, waardoor je de luchtontvochtiger gerust continu, dag en nacht, kunt laten draaien zonder je zorgen te maken over hoge energiekosten! Schakelt automatisch uit De luchtontvochtiger is uitgerust met een slimme functie die voorkomt dat het waterreservoir overloopt. Zodra het reservoir 70% vol is, wordt dit aangegeven door een rood lampje. Wanneer het reservoir volledig gevuld is, schakelt de luchtontvochtiger automatisch uit. Het legen van het waterreservoir is eenvoudig: giet simpelweg het water weg in de gootsteen en zet vervolgens de luchtontvochtiger weer aan voor ononderbroken gebruik! 7 Verschillende LED verlichtingen Transformeer jouw ruimte in een sfeervolle omgeving met de 7-kleurige LED-lamp die het waterreservoir prachtig verlicht! Met slechts een druk op de knop kies je jouw favoriete kleur. Laat de LED-lampjes gerust de hele nacht aan staan voor een betoverende ambiance, maar je kunt ze natuurlijk ook uitschakelen naar wens. Bovendien, wanneer de watertank voor 70% gevuld is, zal automatisch een rood licht oplichten om je te waarschuwen het reservoir te legen. Deze handige indicator zorgt ervoor dat je altijd op de hoogte bent en op tijd actie kunt ondernemen.
"
99,MONZANA Luchtontvochtiger - 15-20m² Timer 4 Standen - 12l/dag,,Monzana,,"4,0",3,"113,95",,https://www.bol.com/nl/nl/p/monzana-elektrische-luchtontvochtiger-luchtreiniger-15-20m-12l-dag/9300000162927185/,3,"
SCHONE LUCHT MET ÉÉN DRUK OP DE KNOP EFFICIËNT & KRACHTIG De MONZANA® luchtontvochtiger heeft een capaciteit van 12 l per dag en een vermogen van 200 W. Zo verwijdert hij op betrouwbare wijze vocht uit ruimtes van ongeveer 15 tot 20 m². LICHTBALK & LED-TOUCHPAD Je kan de precieze luchtvochtigheid in één oogopslag aflezen op de gekleurde lichtbalk. Blauw staat voor een waarde onder 45%, groen voor een luchtvochtigheid van 45 tot 60% en rood voor een waarde boven 65%.  AANGENAAM IN ELKE MODUS Via de modusknop kan je vier verschillende standen kiezen: de automodus, normale modus en slaapmodus. MOBIEL & MILIEUVRIENDELIJK Door de soepele, 360° draaibare wielen en het handvat aan de achterkant verplaats je het apparaat gemakkelijk van de ene naar de andere ruimte. Zo kan je het snel gebruiken op de plek waar dat nodig is.  INCLUSIEF COVER & MATERIAAL Een praktische beschermhoes tegen stof beschermt het apparaat wanneer het niet in gebruik is. Productvoordelen:  Bereik: 15-20 m² Bediening via touch knoppen en led-display 4 standen 24-uurstimer Slangaansluiting met beveiliging tegen overlopen 360° draaibare wieltjes en handvaten  Herinneringsfunctie voor automatisch herstarten en automatische ontdooiing Inclusief beschermhoes Veiligheidscertificaat GS TÜV-Rheinland  Technische gegevens:  Ontvochtigingscapaciteit: 12 l per dag Afmetingen (bxdxh): 25,5x22x44,5 cm Stroomtoevoer: 220-240 V/ 50 Hz Vermogen: 200 W Koelmiddel: R290/ 50 g Volume: <38 dB(A) Capaciteit waterreservoir: 2 l Luchtvochtigheid instelbaar tussen 30-80% (RH)  Leveringsomvang:  1x MONZANA® luchtontvochtiger 
"
100,GLOW Luchtontvochtiger - Luchtontvochtigers - Slaapkamer - Badkamer - Huis - Clean Air -1000ML,,Glow,,"4,5",8,"87,95",Op voorraad,https://www.bol.com/nl/nl/p/glow-luchtontvochtiger-luchtontvochtigers-slaapkamer-badkamer-huis-clean-air-1000ml/9300000139881807/,6,"
Last van vocht in jouw huis dat kan resulteren in schimmelvorming? Ga dit dan tegen met de stijlvolle GLOW luchtontvochtiger. Door het ruime reservoir van 1000ml is het geschikt voor ruimtes tot wel 15m2. Is het reservoir vol dan schakelt deze vanzelf uit, jij hebt er dus geen omkijken naar! Voordelen van de GLOW luchtontvochtiger  Gaat schimmelvorming tegen  Fluisterstil met 39db  Energiezuinig  Opvangreservoir van 1000 ml  Schakelt automatisch uit bij vol reservoir  Geschikt voor ruimtes tussen de 5 - 15m2  In zowel zwart als wit verkrijgbaar  Elegante houten bovenkant  Houd jouw huis en jezelf in topvorm met de GLOW luchtontvochtiger Als jij veel last hebt van vocht in jouw huis kan dit zorgen voor schimmelvorming. Dit tast niet alleen jouw muren en meubels aan, maar zorgt ook voor nare geurtjes en is niet goed voor je gezondheid. Gelukkig is dit eenvoudig te verhelpen en voorkomen met de GLOW luchtontvochtiger. Door het lage energiegebruik en geluidsniveau van slechts 39dB kan de luchtontvochtiger zonder problemen langdurige tijd aan staan. Het stijlvolle houten design is een toevoeging aan elk interieur.  Een groter reservoir dan de meeste luchtontvochtigers Door het ruime opvangreservoir is de luchtontvochtiger geschikt voor ruimtes tot wel 15m2. Perfect voor woonkamers, badkamers en natuurlijk slaapkamers. Als het reservoir vol zit schakelt de luchtontvochtiger automatisch uit. Er zal een lampje branden zodat jij weet dat het reservoir vol zit. Op deze manier heb jij er dus geen omkijken naar! Inhoud verpakking - 1x Glow luchtontvochtiger - 1x Handleiding - 1x adapter  Het vertrouwde van GLOW GLOW zorgt altijd voor een waardevolle 100% kwaliteitscontrole van al haar producten. We willen niks minder dan jou helpen volledig tevreden te zijn. Daarom willen wij je nog wat extra informatie meegeven waardoor je het gebruik van de ontvochtiger kan optimaliseren.Tip 1: Het apparaat zuigt de vochtige lucht aan via de achterkant.Zet daarom het apparaat niet direct tegen de muur voor optimaal gebruik.Tip 2: Een luchtontvochtiger zuigt vochtige lucht aan. Vervolgens condenseert deze lucht aan de binnenkant van het apparaat tegen een stalen plaatje. Tenslotte vallen er druppeltjes in het lekbakje. Hou er dus rekening mee dat dit een poosje kan duren en dat het apparaat niet stuk is als het niet direct in het lekbakje terecht komt. Heb je nog een vraag over de GLOW luchtontvochtiger? Neem dan gerust contact op met onze klantenservice. Keep the GLOW in your life!    
"
101,Clean Air Optima® CA-704 - 2in1 Luchtontvochtiger en Luchtreiniger - 12 liter/dag - Automatische ontvochtiging - 5 voudige filtertechnologie - Bijzonder geluidsarm,,Clean Air Optima,,"4,6",157,"299,-",,https://www.bol.com/nl/nl/p/clean-air-optima-ca-704-2in1-luchtontvochtiger-en-luchtreiniger-12-liter-dag-automatische-ontvochtiging-5-voudige-filtertechnologie-bijzonder-geluidsarm/9200000019689722/,14,"
2 in 1: Luchtontvochtiger & luchtreiniger Clean Air Optima® CA-704• Ontvochtigingscapaciteit tot 12 liter / dag• Werkt preventief tegen schimmelvorming, roest en schade door vocht• Vijf filtertechnologieën voor effectieve luchtreiniging• Ondersteuning wasdroging• Ultrastille werking• Geschikt voor ruimtes tot: 40m²/100m³Multifunctionele luchtontvochtiger CA-704 voor een optimaal binnenklimaatVoor een optimaal binnenklimaat is de luchtvochtigheid doorslaggevend. De door medisch specialisten geadviseerde optimale luchtvochtigheid in gesloten ruimtes ligt in het bereik van 40 tot 60% relatieve luchtvochtigheid.Is de lucht in binnenruimtes te vochtig dan kan de levenskwaliteit door schimmelsporen, allergenen en ademweg problemen sterk nadelig beïnvloedt worden.Optimale luchtvochtigheid essentieel voor gezondheid en schadepreventieToepassing van de multifunctionele Clean Air Optima luchtontvochtiger CA-704 met 2in1 systeem voor luchtontvochtiging & luchtreiniging werkt preventief ter voorkoming van hoge luchtvochtigheid en allesvernietigende corrosie, schadelijke condensatie, ijs- en schimmelvorming, verhindert ongewenste bacteriegroei, reduceert geuroverdracht en is effectief voor bouwdroging bij bestaande of nieuwbouw.
De krachtige Clean Air Optima condensatie - luchtontvochtiger CA-704 bind de strijd aan met roest en schimmel!Naast de indamming van schimmelsporen bevrijdt deze multifunctionele luchtontvochtiger CA-704 van Clean Air Optima de binnenlucht van lastige dierharen, pollen en stof door de geïntegreerde continu werkende en zeer effectieve luchtreiniger functie met vijfvoudige filtertechniek.Allergie patiënten kunnen eindelijk weer gezond doorademen!Door de slanke, getailleerde belijning in het exclusieve design en de neutrale kleurstelling past deze compacte ontvochtiger in elk interieur.De Clean Air Optima condensatie - luchtontvochtiger CA-704 is door de ingebouwde hygrostaat geschikt voor automatische luchtontvochtiging. Enkel de gewenste luchtvochtigheid instellen en deze efficiënte luchtontvochtiger doet de rest.Luchtontvochtiger CA-704: een vier jaargetijden systeemMet de 2in1 functie voor luchtontvochtiging en luchtreiniging zorgt de CA-704 het hele jaar door voor een optimaal binnenklimaat: Wanneer de ingestelde relatieve luchtvochtigheid is bereikt stopt de ontvochtiging, maar de luchtreiniging blijft actief. Met de continu luchtreiniger functie bevrijdt de multifunctionele Clean Air Optima CA-704 het hele jaar door de binnenlucht van allergenen, schimmelsporen, lastige dierharen, pollen stof en geuren. Binnenlucht ontvochtigen door condensatie techniekDe compacte en supersterke Clean Air Optima condensatie - luchtontvochtiger CA-704 met 2in1 systeem voor luchtontvochtigen en luchtreinigen onttrekt aan binnenruimtes tot 40m²/100m³ het overtollige vocht met een capaciteit tot 12 liter / dag (30°C/Rv80%) en beschermt actief voor het ontstaan van schimmelvorming, vlekken, corrosie en moddergeur. Daardoor word ook de bouwsubstantie en nog belangrijker uw gezondheid beschermd.De condensatiedroger is het type luchtontvochtiger dat het meest gebruikt wordt en de CA-704 kan ingezet worden in een groot temperatuurbereik tussen de 5 en 32°C.Vijf filtertechnologieën voor effectieve luchtreiniging1. VoorfilterVoorfilter vangt grote stofdeeltjes zoals: pluisjes, haren en huidschilfers van huisdieren.2. Actief KoolstoffilterActiefkool neutraliseert rook, chemicaliën, gassen en geuren, voorkomt de groei van bacteriën, virussen en schimmels3. TRUE HEPA H13 filter met nano zilver coating Zuivert 99,97% van alle zweefstoffen tot 0,3 micrometer (0,3 µm) uit de lucht. Het HEPA filter is het meest effectieve luchtfilter voor het verwijderen van: • (fijn)stof, sigarettenrook, pollen• allergenen• alle andere vaste deeltjesDe antibacteriële laag van nano zilver coating op het filter elimineert bacteriën en schimmels. 4. UV lampHet ultraviolette licht van de permanente lamp (UV-C straling) met een golflente van 254nm doodt gezondheidsschadelijke micro-organismen zoals: kiemen, virussen, schimmels (schimmelsporen) en bacteriën. Van al het licht heeft UV licht de hoogste frequentie, de kortste golflengte en bevat daardoor de hoogste hoeveelheid aan energie die door haar straling de buitenzijde membraam van het organisme doorboort en de DNA vernietigt. Met wereldwijd duizenden geïnstalleerde apparaten van dit type heeft de geïntegreerde UV – technologie bewezen, dat UV straling hoogeffectief is tegen pathogene virussen, bacteriën en eencellige. Door de toepassing van UV licht kunnen microbiologische inactiverende percentages van 99,99% en hoger bereikt worden.5. IonisatorCapaciteit 3.000.000 negatieve ionen / cm³ die in de gehele ruimte verspreid worden en daardoor schadelijke stoffen en geuren neutraliseren. De ionisator produceert negatieve ionen voor het reinigen van de binnenlucht en het verrijken met actief zuurstof. Onaangename geuren worden geneutraliseerd en schadelijke stoffen uit de lucht gezuiverd. Negatieve ionen hebben bovendien een sterke antistatische werking.Ingebouwde hygrostaat voor automatische luchtontvochtiging. Kleurenmonitor voor aanduiding relatieve luchtvochtigheid.De Clean Air Optima condensatie - luchtontvochtiger CA-704 is voorzien van een ingebouwde hygrostaat voor het meten, controleren en automatisch regelen van de relatieve luchtvochtigheid. De gewenste luchtvochtigheid kan ingesteld worden tussen 35 en 80% relatieve luchtvochtigheid. Deze luchtontvochtiger is standaard voorgeprogrammeerd op het bereiken van de door medici geadviseerde optimale relatieve luchtvochtigheid van 55%. Bij instelling van de minimum te bereiken waarde van 35% volgt continubedrijf, waarbij het apparaat pas stopt bij de automatische afslag door een volle watertank.
Het doordachte design communiceert de luchtvochtigheid ook via de ronde kleurenmonitor aan de voorzijde van het apparaat.BLAUW = droge lucht bereik = <53%GROEN = aangenaam bereik = 53% - 68%ROOD = hoge relatieve luchtvochtigheid = >68% Kenmerken en voordelen• Automatische ontvochtiging op programma door ingebouwde hygrostaat• Inclusief afvoerslang 10mm rond en 1 meter lang voor continu waterafvoer• Werkt preventief tegen schimmelvorming, roest en schade door vocht• Verwijdert muffe geuren• Groot temperatuur inzetbereik van 5 °C tot 32 °C
Vijf filtertechnologieën voor effectieve luchtreiniging:1. Voorfilter vangt grote stofdeeltjes en pluizen2. Actiefkoolstoffilter neutraliseert geuren en gassen3. TRUE HEPA H13 filter met nano zilver coating zuivert 99,97% van alle zweefstoffen tot 0,3 micron (0,3 µm) uit de lucht 4. Permanente UV lamp elimineert kiemen, virussen, schimmels en bacteriën5. Ionisator reinigt en verfrist de binnenlucht met 3.000.000 neg.ionen/cm³• Oscillatieklep met swingfunctie voor ondersteuning luchtcirculatie• Ondersteunt wasdroging• Elegant en compact design• Comfortabele bediening door ingebouwde hygrostaat• LED functieaanduiding• Bediening door tiptoetsen in het display• Stopt automatisch met LED signaal bij volle tank• Timer voor in / uitschakelmoment apparaat (0-24h)• 3 Standen regelbare ventilator• sensor gestuurde ontdooi functie• Automatische herstart na ontdooien of stroomonderbreking• Geschikt voor continu gebruik zonder toezicht• Gemakkelijk te verplaatsen door praktische handgreep en robuuste wieltjes• Praktisch onderhoudsvrij!• Eenvoudige filterreiniging: permanent voorfilter 2x per maand stofzuigen• Actiefkoolstoffilter na 3 - 6 maanden vervangen• TRUE HEPA H13 filter met nano zilver coating na 3 - 6 maanden vervangen • Bijzonder geluidsarm• Laag energieverbruik• 260 Watt ventilator hoog en 165 Watt ventilator laag• Optimale prijs / prestatieverhouding
Toepassingsvoorbeelden Door de slanke, getailleerde belijning in het exclusieve design, de neutrale kleurstelling in ivoorwit / zwart en de stille werking is de compacte luchtontvochtiger en luchtreiniger CA-704 inzetbaar in elk interieur. De elektrische ontvochtiger CA-704 is geschikt voor het verwijderen van vocht in de woon- en slaapkamer, kinderkamer, kantoren, openbare gebouwen, sport - en fitnesscentrum, wellnessruimte, bedrijfsruimtes, woonboerderijen, industrie, opslagruimten of musea en is geschikt voor wasdrogen, gebruik in vakantiewoningen, campers en caravans.
Vervangen van filtersDe Clean Air Optima CA-704 is uitgerust met een bewakingsmechanisme voor de levensduur van het filter, dat aangeeft dat het filter (HEPA + Actief Koolstoffilter) na 500 werkuren moet worden vervangen. Om aan te geven dat het filter moet worden vervangen, begint het controlelampje dubbel nul van de luchtontvochtiger te knipperen. Reset de timer voor het filter door de droge kleding knop (Laundry Mode) ongeveer 3 seconden ingedrukt te houden. Als het controlelampje uitgaat, is de timer met succes gereset.Vervanging Actief Koolstoffilter + True HEPA H13 Filter na 3-6 maanden.
"
102,Clean Air Optima® CA-707 - 2in1 Luchtontvochtiger en Luchtreiniger - 20 liter/dag - Automatische ontvochtiging - 5 voudige filtertechnologie - Bijzonder geluidsarm,,Clean Air Optima,,"4,6",157,"379,-",Op voorraad,https://www.bol.com/nl/nl/p/clean-air-optima-ca-707-2in1-luchtontvochtiger-en-luchtreiniger-20-liter-dag-automatische-ontvochtiging-5-voudige-filtertechnologie-bijzonder-geluidsarm/9200000063560388/,12,"
 2 in 1: Luchtontvochtiger & luchtreiniger Clean Air Optima® CA-707• Ontvochtigingscapaciteit tot 20 liter / dag• Werkt preventief tegen schimmelvorming, roest en schade door vocht• Vijf filtertechnologieën voor effectieve luchtreiniging• Ondersteuning wasdroging• Ultrastille werking• Geschikt voor ruimtes tot: 70m²/175m³Multifunctionele luchtontvochtiger CA-707 voor een optimaal binnenklimaatVoor een optimaal binnenklimaat is de luchtvochtigheid doorslaggevend. De door medisch specialisten geadviseerde optimale luchtvochtigheid in gesloten ruimtes ligt in het bereik van 40 tot 60% relatieve luchtvochtigheid.Is de lucht in binnenruimtes te vochtig dan kan de levenskwaliteit door schimmelsporen, allergenen en ademweg problemen sterk nadelig beïnvloedt worden.Optimale luchtvochtigheid essentieel voor gezondheid en schadepreventieToepassing van de multifunctionele Clean Air Optima luchtontvochtiger CA-707 met 2in1 systeem voor luchtontvochtiging & luchtreiniging werkt preventief ter voorkoming van hoge luchtvochtigheid en allesvernietigende corrosie, schadelijke condensatie, ijs- en schimmelvorming, verhindert ongewenste bacteriegroei, reduceert geuroverdracht en is effectief voor bouwdroging bij bestaande of nieuwbouw. 
De krachtige Clean Air Optima condensatie - luchtontvochtiger CA-707 bind de strijd aan met roest en schimmel!Naast de indamming van schimmelsporen bevrijdt deze multifunctionele luchtontvochtiger CA-707 van Clean Air Optima de binnenlucht van lastige dierharen, pollen en stof door de geïntegreerde continu werkende en zeer effectieve luchtreiniger functie met vijfvoudige filtertechniek.Allergie patiënten kunnen eindelijk weer gezond doorademen!Door de slanke, getailleerde belijning in het exclusieve design en de neutrale kleurstelling past deze compacte ontvochtiger in elk interieur.De Clean Air Optima condensatie - luchtontvochtiger CA-707 is door de ingebouwde hygrostaat geschikt voor automatische luchtontvochtiging. Enkel de gewenste luchtvochtigheid instellen en deze efficiënte luchtontvochtiger doet de rest.Luchtontvochtiger CA-707: een vier jaargetijden systeemMet de 2in1 functie voor luchtontvochtiging en luchtreiniging zorgt de CA-707 het hele jaar door voor een optimaal binnenklimaat: Wanneer de ingestelde relatieve luchtvochtigheid is bereikt stopt de ontvochtiging, maar de luchtreiniging blijft actief. Met de continu luchtreiniger functie bevrijdt de multifunctionele Clean Air Optima CA-707 het hele jaar door de binnenlucht van allergenen, schimmelsporen, lastige dierharen, pollen stof en geuren. Binnenlucht ontvochtigen door condensatie techniekDe compacte en supersterke Clean Air Optima condensatie - luchtontvochtiger CA-707 met 2in1 systeem voor luchtontvochtigen en luchtreinigen onttrekt aan binnenruimtes tot 70m²/175m³ het overtollige vocht met een capaciteit tot 20 liter / dag (30°C/Rv80%) en beschermt actief voor het ontstaan van schimmelvorming, vlekken, corrosie en moddergeur. Daardoor word ook de bouwsubstantie en nog belangrijker uw gezondheid beschermd.De condensatiedroger is het type luchtontvochtiger dat het meest gebruikt wordt en de CA-707 kan ingezet worden in een groot temperatuurbereik tussen de 5 en 32°C.Vijf filtertechnologieën voor effectieve luchtreiniging1. VoorfilterVoorfilter vangt grote stofdeeltjes zoals: pluisjes, haren en huidschilfers van huisdieren.2. Actief KoolstoffilterActiefkool neutraliseert rook, chemicaliën, gassen en geuren, voorkomt de groei van bacteriën, virussen en schimmels3. TRUE HEPA H13 filter met nano zilver coating Zuivert 99,97% van alle zweefstoffen tot 0,3 micrometer (0,3 µm) uit de lucht. Het HEPA filter is het meest effectieve luchtfilter voor het verwijderen van: • (fijn)stof, sigarettenrook, pollen• allergenen• alle andere vaste deeltjesDe antibacteriële laag van nano zilver coating op het filter elimineert bacteriën en schimmels. 4. UV lampHet ultraviolette licht van de permanente lamp (UV-C straling) met een golflente van 254nm doodt gezondheidsschadelijke micro-organismen zoals: kiemen, virussen, schimmels (schimmelsporen) en bacteriën. Van al het licht heeft UV licht de hoogste frequentie, de kortste golflengte en bevat daardoor de hoogste hoeveelheid aan energie die door haar straling de buitenzijde membraam van het organisme doorboort en de DNA vernietigt. Met wereldwijd duizenden geïnstalleerde apparaten van dit type heeft de geïntegreerde UV – technologie bewezen, dat UV straling hoogeffectief is tegen pathogene virussen, bacteriën en eencellige. Door de toepassing van UV licht kunnen microbiologische inactiverende percentages van 99,99% en hoger bereikt worden.5. IonisatorCapaciteit 3.000.000 negatieve ionen / cm³ die in de gehele ruimte verspreid worden en daardoor schadelijke stoffen en geuren neutraliseren. De ionisator produceert negatieve ionen voor het reinigen van de binnenlucht en het verrijken met actief zuurstof. Onaangename geuren worden geneutraliseerd en schadelijke stoffen uit de lucht gezuiverd. Negatieve ionen hebben bovendien een sterke antistatische werking.Ingebouwde hygrostaat voor automatische luchtontvochtiging. Kleurenmonitor voor aanduiding relatieve luchtvochtigheid.De Clean Air Optima condensatie - luchtontvochtiger CA-707 is voorzien van een ingebouwde hygrostaat voor het meten, controleren en automatisch regelen van de relatieve luchtvochtigheid. De gewenste luchtvochtigheid kan ingesteld worden tussen 35 en 80% relatieve luchtvochtigheid. Deze luchtontvochtiger is standaard voorgeprogrammeerd op het bereiken van de door medici geadviseerde optimale relatieve luchtvochtigheid van 55%. Bij instelling van de minimum te bereiken waarde van 35% volgt continubedrijf, waarbij het apparaat pas stopt bij de automatische afslag door een volle watertank.
 Het doordachte design communiceert de luchtvochtigheid ook via de ronde kleurenmonitor aan de voorzijde van het apparaat.BLAUW = droge lucht bereik = <53%GROEN = aangenaam bereik = 53% - 68%ROOD = hoge relatieve luchtvochtigheid = >68% Kenmerken en voordelen• Automatische ontvochtiging op programma door ingebouwde hygrostaat• Inclusief afvoerslang 10mm rond en 1 meter lang voor continu waterafvoer• Werkt preventief tegen schimmelvorming, roest en schade door vocht• Verwijdert muffe geuren• Groot temperatuur inzetbereik van 5 °C tot 32 °C 
 Vijf filtertechnologieën voor effectieve luchtreiniging:1. Voorfilter vangt grote stofdeeltjes en pluizen2. Actiefkoolstoffilter neutraliseert geuren en gassen3. TRUE HEPA H13 filter met nano zilver coating zuivert 99,97% van alle zweefstoffentot 0,3 micron (0,3 µm) uit de lucht 4. Permanente UV lamp elimineert kiemen, virussen, schimmels en bacteriën5. Ionisator reinigt en verfrist de binnenlucht met 3.000.000 neg.ionen/cm³• Oscillatieklep met swingfunctie voor ondersteuning luchtcirculatie• Ondersteunt wasdroging• Elegant en compact design• Comfortabele bediening door ingebouwde hygrostaat• LED functieaanduiding• Bediening door tiptoetsen in het display• Stopt automatisch met LED signaal bij volle tank• Timer voor in / uitschakelmoment apparaat (0-24h) • 3 Standen regelbare ventilator• sensor gestuurde ontdooi functie• Automatische herstart na ontdooien of stroomonderbreking• Geschikt voor continu gebruik zonder toezicht• Gemakkelijk te verplaatsen door praktische handgreep en robuuste wieltjes• Praktisch onderhoudsvrij!• Eenvoudige filterreiniging: permanent voorfilter 2x per maand stofzuigen• Actiefkoolstoffilter na 3 - 6 maanden vervangen• TRUE HEPA H13 filter met nano zilver coating na 3 - 6 maanden vervangen • Bijzonder geluidsarm• Laag energieverbruik• 365 Watt ventilator hoog en 270 Watt ventilator laag• Optimale prijs / prestatieverhouding 
 Toepassingsvoorbeelden Door de slanke, getailleerde belijning in het exclusieve design, de neutrale kleurstelling in ivoorwit / zwart en de stille werking is de compacte luchtontvochtiger en luchtreiniger CA-707 inzetbaar in elk interieur. De elektrische ontvochtiger CA-707 is geschikt voor het verwijderen van vocht in de woon- en slaapkamer, kinderkamer, kantoren, openbare gebouwen, sport - en fitnesscentrum, wellnessruimte, bedrijfsruimtes, woonboerderijen, industrie, opslagruimten of musea en is geschikt voor wasdrogen, gebruik in vakantiewoningen, campers en caravans. 
 Vervangen van filtersDe Clean Air Optima CA-707 is uitgerust met een bewakingsmechanisme voor de levensduur van het filter, dat aangeeft dat het filter (HEPA + Actief Koolstoffilter) na 500 werkuren moet worden vervangen. Om aan te geven dat het filter moet worden vervangen, begint het controlelampje dubbel nul van de luchtontvochtiger te knipperen. Reset de timer voor het filter door de droge kleding knop (Laundry Mode) ongeveer 3 seconden ingedrukt te houden. Als het controlelampje uitgaat, is de timer met succes gereset.Vervanging Actief Koolstoffilter + True HEPA H13 Filter na 3-6 maanden. 
"
103,Conopu - Vochtvreter Electrisch - Luchtontvochtiger en Luchtreiniger - Luchtontvochtiger Slaapkamer - Auto Ontvochtiger - Vochtvreters Voor In Huis - Luchtontvochtiger En Luchtreiniger - Super Stil,,CONOPU,,,,"79,99",,https://www.bol.com/nl/nl/p/conopu-vochtvreter-electrisch-luchtontvochtiger-slaapkamer-auto-ontvochtiger-vochtvreters-voor-in-huis-luchtontvochtiger-en-luchtreiniger-super-stil/9300000170636693/,6,"
Verbeter de luchtkwaliteit in jouw huis met de Verte Luchtontvochtiger! Of je nu in je slaapkamer, badkamer of kantoor bent, onze Luchtontvochtiger is ontworpen om overtollig vocht te bestrijden en de ideale luchtvochtigheid te handhaven in zowel kleine als grote ruimtes. Deze draagbare ontvochtiger biedt de perfecte oplossing om schimmelvorming, meeldauw en muffe geuren te voorkomen, terwijl het een comfortabele en gezonde leefomgeving bevordert. Ontdek waarom onze luchtontvochtiger een slimme keuze is: Belangrijkste KenmerkenKrachtige Ontvochtiging: Ondanks zijn compacte formaat levert deze ontvochtiger uitstekende prestaties. Dankzij geavanceerde technologie kan hij efficiënt overtollig vocht uit de lucht verwijderen, wat schimmelvorming en onaangename geuren voorkomt. Hierdoor kun je genieten van een comfortabele en gezonde leefomgeving. Kleurrijke Sfeerverlichting: Onze ontvochtiger is uitgerust met kleurrijke sfeerverlichting om niet alleen functioneel, maar ook esthetisch aantrekkelijk te zijn. Deze verlichting voegt een vleugje sfeer toe aan elke ruimte. Eenvoudig in Gebruik en Onderhoud: De intuïtieve interface maakt het instellen van de gewenste vochtigheidsniveaus en het aanpassen van de ventilatorsnelheden moeiteloos. Bovendien zijn de watertank en het filter gemakkelijk toegankelijk voor probleemloos onderhoud. Opmerking: De tank heeft een capaciteit van 300 milliliter, dus je moet deze afhankelijk van de situatie legen. De ontvochtiger stopt automatisch met werken wanneer de tank vol is. Specificaties  Merk: CONOPU Modelnummer: OZC20S03 Kleur: Wit Productafmetingen: 12.8 x 12.8 x 21.3 cm; 800 gram Capaciteit: 300 milliliter Vermogen: 23 watt Materiaal: ABS (acrylonitrile butadiene styrene)  De Draagbare Luchtontvochtiger van Verte is jouw betrouwbare metgezel in de strijd tegen vochtigheid en biedt een oplossing voor een comfortabele leefomgeving. Bestel die van jou vandaag nog en geniet van de voordelen van een gezondere atmosfeer in jouw huis of kantoor!  
"
104,Klarstein Elektrische luchtontvochtiger - Tot 65 M² - Slimme en stille luchtontvochtiger voor Woning - Badkamer & Kelder - Met Wifi Iot App - Bouwdroger met 60 liter capaciteit - Wit,,Klarstein,,,,"272,69",,https://www.bol.com/nl/nl/p/klarstein-elektrische-luchtontvochtiger-tot-65-m-slimme-en-stille-luchtontvochtiger-voor-woning-badkamer-kelder-met-wifi-iot-app-bouwdroger-met-60-liter-capaciteit-wit/9300000167808571/,7,"
Je beter voelen met de juiste luchtvochtigheid: De  Klarstein DryFy Connect 60 ontvochtiger bestrijdt vochtige lucht in een handomdraai en zorgt voor vrij ademhalen in keuken, badkamer of slaapkamer en voor snel drogen na bouw- of renovatiewerkzaamheden. Met een luchtcirculatie van 270 m³ per uur onttrekt hij tot 60 liter vocht per dag - daarmee is de  Klarstein DryFy Connect 60luchtontvochtiger ideaal voor ruimtes van 45 tot 65 m². Een grote tank met 8 liter volume vangt het water op. Dankzij de wifi-interface kun je het apparaat handig via de Klarstein-app bedienen en per timer programmeren. Het is gemakkelijker dan ooit om de perfecte luchtvochtigheid te bereiken. De Klarstein DryFy Connect 60 ontvochtiger zorgt ervoor dat je de beste lucht inademt.  Eigenschappen:  Ideale luchtvochtigheid: 60 liter / 24 uur ontvochtigingsvermogen  Gaat lang mee: dankzij grote watertank van 8 liter  Veilig: met alarmfunctie en automatische uitschakeling als de tank vol is  Smart Home: wifi interface voor eenvoudige bediening via Klarstein app  Veel functies: instelbare doelvochtigheid en timer tussen 1 en 24 uur Omvang Levering:   1 x Luchtontvochtiger 1 x Waterafvoerslang Meertalige gebruikershandleiding  Afmetingen:   Afmetingen: ca. 40 x 63 x 30 cm (B x H x D) Lengte stroomkabel: ca. 150 cm Gewicht: ca. 19 kg  Artikelnummer: 10045547
  "
105,"MethoBrick Luchtontvochtiger - Ontvochtigt 450ml Per Dag - LED - Geschikt voor Woonkamer, Slaapkamer & Badkamer - Wit",,MethoBrick,,"1,0",1,"39,99",Op voorraad,https://www.bol.com/nl/nl/p/methobrick-luchtontvochtiger-ontvochtigt-450ml-per-dag-led-geschikt-voor-woonkamer-slaapkamer-badkamer-wit/9300000146150881/,9,"
Heb jij last van schimmels, allergieën of bacteriën in een bepaalde ruimte van jouw woning? Met de Methobrick luchtontvochtiger wordt de lucht in de ruimte gereinigd en minder vochtig. Zo kun je veel gezondheidsproblemen voorkomen! De Methotbrick luchtreiniger is erg duurzaam en verbruikt weinig energie, het apparaat schakelt automatisch uit wanneer het reservoir vol zit. Grootste voordelenSchone & gezonde lucht Voorkom gezondheidsklachten Groot reservoirDuurzaam & zuinigMakkelijk in gebruik Schone & gezonde lucht De Methobrick luchtontvochtiger vermindert de vochtigheid van de lucht in de ruimte waar je het apparaat plaatst, hierdoor worden ook schimmels, bacteriën en allergenen verwijderd. Heb jij last van vochtige ruimtes in huis? Dan is deze luchtreiniger de perfecte oplossing, het apparaat is makkelijk, compact en zuinig. Voorkom gezondheidsklachtenVochtige ruimtes zijn erg gevoelig voor het verzamelen van schimmels, bacteriën en allergenen die niet goed zijn voor jouw weerstand. Ze kunnen verkoudheden- en griep klachten veroorzaken, door middel van het inschakelen van dit apparaat kun je dit voorkomen! Groot reservoirDe luchtontvochtiger is voorzien van een ruim waterreservoir en kan dus veel vocht opvangen. Zo hoef je het reservoir niet constant te legen. Duurzaam & zuinigHet apparaat verbruikt weinig energie en is voorzien van een automatische uitschakeling. Een duurzame oplossing voor jouw vochtige ruimtes! Makkelijk in gebruikHet apparaat is erg makkelijk in gebruik, zodat het waterreservoir bijna vol is gaat er een rood lampje branden. Je kunt het reservoir leeg gooien in de gootsteen en weer in het apparaat plaatsen! Productkenmerken- Merk: Methobrick- Kleur: wit- Materiaal: PP, ABS- Voedingstype: elektrisch- Afmetingen: 154 x 154 x 250 mm - Watercapaciteit: 350 ml 100% tevredenheidsgarantieRisicoloos bestellen: 30 dagen tevredenheidsgarantie. 30 dagen kosteloos retourneren. Wij verzenden iedere bestelling met Track and trace. Wil jij de lucht in bepaalde ruimtes ontvochtigen en reinigen om gezondheidsklachten te voorkomen? Bestel dan de Methobrick Luchtontvochtiger!
"
106,Bison Vochtvreter 900 gr,,Bison,,"3,3",75,"12,75",Op voorraad,https://www.bol.com/nl/nl/p/bison-vochtvreter-900-gr/9200000121708770/,9,"
    Bison Vochtvreter De Bison vochtvreter is het ideale apparaat om condensatie, vocht en muffe geurtjes in de boot, camper, caravan, tuinhuis, kelder etc. tegen te gaan zonder stroomverbruik. De Moisture Eater van Bison kost geen energie, is makkelijk op een vlakke ondergrond te plaatsen en is navulbaar. Met de vochtvreter verminder je een te hoge relatieve luchtvochtigheid in bijna alle ruimtes waar geen of onvoldoende ventilatie is. De Bison Airmax Vochtvreter werkt 2 tot 3 maanden op 1 vulling, afhankelijk van de luchtvochtigheid in de ruimte. De 450gram Vochtvreter is geschikt voor een ruimte van circa 45 m³. Deze vochtvreter is te vullen met alle Bison vochtvreter navullingen.  Verfrist de lucht Beschermt uw waardevolle spullen tegen vocht Schoon en veilig systeem. 
"
107,TROTEC Adsorptiedroger TTR 50 E,,Trotec,,,,"204,95",,https://www.bol.com/nl/nl/p/trotec-adsorptiedroger-ttr-50-e/9300000130000579/,13,"
TROTEC adsorptiedroger TTR 50 E
De TTR 50 E adsorptie-ontvochtiger is de economische droogoplossing voor onverwarmde en koele ruimten.
De praktische functies van de TTR 50 E in één oogopslag:

De gebruiksvriendelijke bediening van de TTR 50 E is even voortreffelijk als het ontwerp. Alle instellingen kunnen eenvoudig worden uitgevoerd met een druk op een knop op het intuïtieve bedieningspaneel met LED-display boven op het toestel. De daadwerkelijke luchtvochtigheid in de ruimte wordt gemakkelijk afleesbaar weergegeven.
Volledig automatische permanente ontvochtiging - ideaal voor het permanent drooghouden van kelders, serres en garages of voor het snel drogen van vochtige muren en vloeren na waterschade
Hygrostaatgeregelde automatische ontvochtiging met streefwaarde-instelling (50 % of 60 %) - ideaal voor het scheppen van een gezond woonklimaat met optimale luchtvochtigheid

Overige voordelen in de praktijk:

Ontvochtiging met adsorptietechnologie - ideaal voor onverwarmde ruimten en omgevingen in het lage temperatuurbereik tot -10 °C.
2 bedrijfsmodi: ontvochtigingsfunctie en continue werking
Twee vooraf instelbare streefwaarden voor de ontvochtiging (50 % en 60 %)
8-uurs timerfunctie
Ventilator met drie snelheden en zwenkfunctie
Geïntegreerd luchtfilter en inschakelbare ionisatie voor extra luchtreiniging door afzuiging van stof of haren van huisdieren
Geïntegreerde draaggreep
Overloopbeveiliging met automatische uitschakeling
Aansluiting voor externe condensafvoer

Let op: specificaties kunnen zonder opgave van redenen in het belang van een lopende productverbetering door de fabrikant worden gewijzigd.
Aan de afbeeldingen van producten en eventueel getoonde specificaties of keurmerken kunnen geen rechten worden ontleend
"
108,"Lafita Luchtontvochtiger 400 gr per stuk, Set Van 2stuks, 2x 400GR Voor Huis, Werk, in de  Auto te gebruiken.",,Lafita,,"3,8",4,"17,99",,https://www.bol.com/nl/nl/p/lafita-luchtontvochtiger-400-gr-per-stuk-set-van-2stuks-2x-400gr-voor-huis-werk-in-de-auto-te-gebruiken/9300000019966590/,2,"
    LafitaLuchtontvochtiger 400 GRSet van 2 stuks per stuk 400 GRLafita is herbruikbaar. Gebruik de Lafita ontvochtiger om condens en beslagen op ruiten te bestrijden in uw auto. De Lafita ontvochtiger  overtollig vocht uit de lucht en houdt deze goed vast, zonder te lekken. Het product is overal in de auto te plaatsen. De Lafita ontvochtiger is herbruikbaar. Plaats de volle Lafita ontvochtiger in de magnetron voor 6 minuten op ca. 600 watt en daarna is die klaar voor hergebruik.
"
109,MeacoDry ABC 10L - Luchtontvochtiger (Zwart),,Meaco,,"4,5",2,"179,-",,https://www.bol.com/nl/nl/p/meacodry-abc-10l-luchtontvochtiger/9300000081813641/,5,"
De Quiet Mark bekroonde Meaco MeacoDry ABC 10L luchtontvochtiger is ideaal voor kleine ruimtes. De Meaco MeacoDry ABC 10L geluidsarme luchtdroger verlaagt de luchtvochtigheid in kleinere ruimtes, bewaakt er de luchtvochtigheid in de toekomst, en is zeer geliefd vanwege zijn ontvochtigingscapaciteit en lage energiekosten.
Verkrijgbaar in de kleuren Wit, Wit met Zilver, Wit met Zwart!

Tot 40 m², Max. 10 ltr/dag
Winnaar Quiet Mark Award
Verkrijgbaar in drie kleurcombinaties
Energiezuinige ontvochtiger
Stille luchtontvochtiger

"
110,"2-1 Luchtontvochtiger & Luchtreiniger 2,5L - Ontvochtigt 1000ML/dag - Extreem Stil - Luchtreiniging door ionisatie - Geschikt voor Babykamer & Slaapkamer - Grote Watertank( 2,5 Liter) - Vaste water afvoer - Krachtige Ion Technologie -Wit",,Golden Goods,,,,"86,95",Op voorraad,https://www.bol.com/nl/nl/p/2-1-luchtontvochtiger-luchtreiniger-ontvochtigt-1000ml-dag-extreem-stil-luchtreiniging-door-ionisatie-geschikt-voor-babykamer-slaapkamer-grote-watertank-geavanceerde-ion-technologie-wit/9300000160264373/,11,"
Heb je last van vochtproblemen of is een ruimte in huis te vochtig? Los dit direct op met de GoldenGoods 2-in-1 luchtontvochtiger / luchtreiniger. Dit unieke apparaat ontvochtigt 2,5L per sessie en reinigt de lucht in huis door krachtige ionisatie filters. Hij is ontzettend zuinig (45W) en kan daardoor dag en nacht aanstaan. Hij haalt binnen 24 uur tot 1000ML water uit de lucht en dankzij de slimme vaste waterafvoer heb je verder geen omkijken meer naar de ontvochtiger en kun je 24/7 doorgaan met ontvochtigen. Krachtig en stil!     Eenvoudig te bedienen Na het uitpakken van de ontvochtiger doe je de stekker in het stopcontact en zet de schakelaar aan. Nu gaat hij direct aan de slag voor je en heb je er geen omkijken meer naar. De rode LED-verlichting flitst als de grote watertank van 2,5L vol is, maar door de slimme vaste waterafvoer kun je gewoon doorgaan met ontvochtigen. Het vocht wordt afgevoerd door dit systeem. Dit zorgt niet alleen voor zorgeloos onvochtigen, maar tegelijk wordt de lucht gereinigd.   Geavanceerde ionisatie technologie Het is algemen bekend dat binnenlucht tot 5x meer vervuild kan zijn dan buitenlucht. Door de unieke combinatie van luchtontvochtiging en luchtreiniging zuivert hij de lucht in huis van o.a. huismijt, bacteriën en alergenen. Door de geavanceerde ionisatie technologie zuivert de Golden Goods 2-in-1 luchtontvochtiger & luchtreiniger de lucht optimaal en geheel veilig. Hierdoor verbetert de luchtzuivering 99,95% en verfrist de lucht in huis.   De krachtige Golden Goods Luchtontvochtiger condensatie - luchtontvochtiger & luchtreiniger YP-2318 bindt de strijd aan met roest en schimmel!   Luchtzuivering:  Huisstofmijt Bacteriën & Virussen Fijnstof Fijnstof van Houtkachels Schimmels & Huisstofmijt Rooklucht & nare geurtjes Pollen Honden & katten geur Nare geurtjes    Fluisterstil & Kleurrijk De GoldenGoods 2-in-1 Luchtontvochtiger & reiniger heeft drie standen, de stille modus stand is niet harder dan 30dB, waardoor hij in de babykamer en in de slaapkamer kan staan, terwijl hij zijn werk doet. Hierdoor kan hij ook goed gebruikt worden op kantoor. Door zijn 45 Watt is deze ultra zuinig en de 39dB maakt hem ideaal ook in de nacht door te laten draaien. Hij is extreem stil. De kleurrijke nacht-licht functie geeft je slaapkamer een nieuwe ambiance. Je kunt kiezen uit 7 kleuren op het eenvoudig te bedienen digitale display.   Door ontvochtiging luchtreiniging Wanneer de lucht vochtig is is dit schadelijk voor de gezondheid voor mens en dier. Schimmels en bacteriën ontstaan en vermenigvuldigen zich snel. Wanneer de lucht in huis minder vochtig wordt, is deze dus automatisch schoner en zuiverder. Hiermee is de GoldenGoods luchtontvochtiger ook een luchtreiniger.   Stijlvol ontwerp Door zijn lichtgewicht kan je de luchtontvochtiger eenvoudig verplaatsen en in de ruimte gebruiken waar hij het meest nodig is. Dankzij het strakke stijlvolle ontwerp kun je hem overal plaatsen, ook op kantoor en in de woonkamer. Hij functioneert het best in ruimtes tot 30M2.   Kenmerken & voordelen  Geschikt voor ruimtes tot 30M2 Ontvochtigingscapaciteit van 2,5 liter per sessie Gecombineerde luchtontvochtiging en luchtreiniging Inhoud watertank 2,5 liter Ontvochtigingscapaciteit van 1000 ml per dag Inclusief water afvoerslang voor continue waterafvoer Verwijdert pollen, huismijt en muffe geuren Ondersteunt wasdroging Geschikt voor continue gebruik zonder toezicht Timer functie van 3 standen Luchtreiniging door geavanceerde ionisatie technologie Fluisterstille slaapmodus van 30dB ( dagstand 45dB) Eenvoudige bediening Verplaatsbaar door praktische handgreep Geschikt voor baby- en slaapkamer, huis en kantoor Keuze uit 7 kleuren LED verlichting Voldoet aan hoge kwaliteits eisen Werkt het best bij 15 tot 40 graden Uitneembare watertank Waarschuwingslampje bij volle watertank    Timer Functie Op het digitale soft-touch display stel je eenvoudig de timer functie in. Er zijn drie standen mogelijk, 8, 12 of 24 uur. Stel op de overzichtelijk verlichte monitor op het toestel d.m.v. een druk op de knop het gewenste aantal uren van werking in. Hij is geschikt voor contnue gebruik zonder toezicht. Je kunt het huis met een gerust hart verlatren, terwijl de Golden Goods luchtontvochtiger en luchtreiniger gewoon doorwerkt.   Maar liefst 2,5L per sessie Per sessie haalt deze krachtige ontvochtiger 2,5L water uit de lucht, met ruim 1000ML per dag. Dit betekent dat dankzij de riante watertank van 2,5L, hij maar 2x per week geleegd hoeft te worden. Zonder moeite heb je schone droge lucht in huis. Door de handige water afvoerslang kun je ook voor continue onvochtigen kiezen.   Laat vocht, schimmel, stof en muffe geurtjes niet langer toe in je huis. Dit is je oplossing!
"
111,Elektrische Vochtvreter voor in Huis - 800ml - Kleine Luchtontvochtiger op Netstroom - Geen vulling of tabletten nodig! - Lucht ontvochtiger - tot 20m2 - Compact Klein,,Bewello,,,,"89,95",Op voorraad,https://www.bol.com/nl/nl/p/elektrische-vochtvreter-800ml-luchtontvochtiger-op-netstroom-geen-vulling-of-tabletten-nodig-lucht-ontvochtiger-tot-20m2/9300000169425470/,5,"
Heb jij last van vochtige ruimtes in huis? De Elektrische Vochtvreter - 800ml - Luchtontvochtiger op Netstroom van Bewello is dé oplossing! Met deze krachtige luchtontvochtiger, die geen vulling of tabletten nodig heeft, creëer je weer een gezonde en droge omgeving. Geschikt voor ruimtes tot 20m2. Zeg vaarwel tegen schimmel, muffe geuren en condensproblemen. Bestel nu de Elektrische Vochtvreter en geniet weer van een frisse en aangename atmosfeer! Grote opvangtank De grote 800ml tank zorgt ervoor dat de vocht tot 2 dagen lang (tot circa 330ml per dag) wordt opgevangen zonder te legen. Het apparaat is ontworpen voor continue damp opvang met een laag energieverbruik en een stille werking, zodat het de rust in uw huis tijdens het gebruik niet verstoort. Als de tank vol water zit, schakelt het apparaat automatisch uit. Met het milieubewustzijn in gedachten kunt u zelfs de planten in uw huis water geven met het opgevangen water. Het kan een ideale keuze zijn voor vochtige omgevingen of ruimtes waar vaak condensatie optreedt. Tank met hoge capaciteitLED-feedbackContinue, stille werkingEnergiebesparende, milieuvriendelijke werkingHet is niet nodig om een ​​navultablet in te nemenCompacte maatOntworpen om er in elke leefomgeving goed uit te zien Voeding: 100-240 V AC, 50/60 HzVermogen: 22,5 WAdapteruitgang: DC 9V, 2,5AAanbevolen gebruik: >60% luchtvochtigheid, ~20 m², minimaal 15°CTankinhoud: 800 mlEfficiëntie: 330 ml / dag(afhankelijk van de luchtvochtigheid)Bedrijfsgeluid: 30 dBAfmeting: 220 x 145 x 140 mmKabellengte: 150 cmKleur witGewicht: ~900 gramBescherming: IP20
"
112,"Luchtontvochtiger - Luchtreiniger - Dehumidifier - Grote watertank 1200ml capaciteit, 500ml ontvochtiging, 10-65m2 bereik -energiezuinig, verlichting- kleuren - Voor huis, kamer, badkamer & kelder",,LDline,,,,"109,95",Op voorraad,https://www.bol.com/nl/nl/p/luchtontvochtiger-luchtreiniger-dehumidifier-grote-watertank-1200ml-capaciteit-500ml-ontvochtiging-10-65m2-bereik-energiezuinig-verlichting-kleuren-voor-huis-kamer-badkamer-kelder/9300000169241991/,9,"
  productbeschrijving. Op zoek naar een luchtontvochtiger die geschikt is voor alle ruimtes en effectief vocht, schimmel, bacteriën en virussen verwijdert? De LDline luchtontvochtiger is dé oplossing! Met een opname van 500 ml vocht per dag en een royale 1200 ml tank, zal deze luchtreiniger je kamers weer fris en gezond maken. Met energiezuinig verbruik van slechts 39W en handige functies zoals ledverlichting, een slaapmodus en stopsysteem wanneer vol, biedt dit apparaat jouw optimale gemoedsrust. Niet te vergeten, de transparante watertank voor handig bijvullen en is geschikt voor ruimtes tot wel 60 m2. Weg met vochtige problemen, probeer de LDline luchtontvochtiger nu!   Luchtreiniger: verwijder vocht, schimmel en bacteriën uit jouw kamers.De luchtontvochtiger van LDline is een krachtige luchtreiniger die tot wel 500 ml vocht per dag kan opnemen. Hierdoor kun je gemakkelijk vochtige ruimtes reinigen en schimmel- en bacterievorming voorkomen. De luchtontvochtiger is geschikt voor alle ruimtes en heeft een transparante watertank van maar liefst 1200 ml. Dankzij de slaapmodus en het stopsysteem wanneer de tank vol is, kun je met een gerust hart genieten van schone en frisse lucht in jouw woning. Verbruik slechts 39W voor optimale luchtkwaliteit:Deze efficiënte luchtreiniger verbruikt namelijk slechts 39 watt! Door de slimme motor verbruikt de luchtontvochtiger alleen wat nodig is. Het is dé milieuvriendelijke luchtontvochtiger op de markt en voldoet aan alle milieueisen. Met de LDline luchtontvochtiger hoef je je geen zorgen te maken over een hoog energieverbruik. waardoor je kunt genieten van een optimale luchtkwaliteit zonder dat dit een grote impact heeft op je energierekening. Zo kun je zorgeloos genieten van een gezonde leefomgeving. Handige luchtreiniger met vele extra's:De luchtontvochtiger van LDline is niet alleen effectief en energiezuinig, maar ook nog eens gebruiksvriendelijk. Met 1 druk op de aan-knop gaat het slimme apparaat gelijk aan de slag. Met ledverlichting. Het stopsysteem zorgt automatisch voor een veilig gebruik. Daarnaast is de luchtontvochtiger voorzien van een slaapmodus, waardoor deze 's nachts geruisloos zijn werk kan doen met maar 39DB! Of je nu kamers wilt reinigen met schimmel, vocht of bacteriën, deze luchtreiniger biedt de perfecte oplossing voor een gezondere en schonere leefomgeving.   Voordelen  Last van vochtige kamers of schimmel en bacteriën? Met de LDline luchtontvochtiger wordt dat probleem opgelost! - Onze luchtontvochtiger neemt maar liefst 500 ml vocht op per dag. Zo blijft jouw kamer altijd fris en droog. - Dankzij de grote 1200 ml watertank hoef je de luchtontvochtiger niet constant bij te vullen. Ideaal toch? - Vaak plakkerig 's nachts en onrustig? Met de slaapmodus van de LDline luchtontvochtiger met maar 39 dB aan geluid, kunt u gerust slapen en niet gestoord worden. - Door het stopsysteem wordt de luchtontvochtiger automatisch uitgeschakeld wanneer de watertank vol is. Geen zorgen meer over overflow! - Met onze transparante watertank kun je eenvoudig de watertank bijvullen wanneer het tijd is. Zo simpel is het! - De LDline luchtontvochtiger is geschikt voor alle ruimtes, zelfs tot wel 60 m2. Dus waar je ook bent, doet hij zijn werk! - Met maar 39W verbruik is onze luchtontvochtiger energiezuinig en bespaar je op je energierekening. Win-win! - Met de handige afmetingen(14x14x27cm) kunt u de luchtreiniger makkelijk plaatsen waar u wilt.    Specificaties  Neemt tot wel 500 ml vocht per dag op Verbruikt slechts 39W aan energie Heeft een waterreservoir van 1200 ml Beschikt over een slaapmodus voor een stilte van 39DB Stopt automatisch wanneer het reservoir vol is Transparante watertank voor eenvoudig bijvullen Geschikt voor ruimtes tot 60 m2 Verwijderd vocht, schimmels, bacteriën, en virussen Led-functie 
"
113,TROTEC Luchtontvochtiger TTK 30 E,,Trotec,,"4,2",6,"154,95",,https://www.bol.com/nl/nl/p/trotec-luchtontvochtiger-ttk-30-e/9200000061662269/,14,"
TROTEC TTK 30 E - Luchtontvochtiger  Actuele techniek in een tijdloos design  De TTK 30 E ziet er op het eerste oog onopvallend uit. Toch valt hij op wanneer het nodig is omdat hij beschikt over een in het oog springende functie. Aan de hand van een aanduiding met kleuren-LED toont het apparaat de status van de actuele luchtvochtigheid in de ruimte:   Blauw (rel. luchtvochtigheid 55 %) Groen (rel. luchtvochtigheid tussen 55 - 70 %) Rood (rel. luchtvochtigheid van meer dan 70 %)  De luchtontvochtigings-modus is eenvoudig in te stellen op het gemakkelijk schoon te houden bedieningspaneel met membraantoetsen en digitaal display: er kan worden gekozen uit een automatische hygrostaatregeling met voorkeuze van een reële luchtvochtigheidswaarde, een automatische stand waarbij de luchtvochtigheid op 55 % wordt gehouden of continubedrijf.  De TTK 30 E is voorzien van diverse handige uitrustingskenmerken die zorgen voor extra comfort zoals een wasdroogfunctie, timer en kinderbeveiliging.   Voordelen in de praktijk:   Hygrostaatgeregelde ontvochtigingsautomaat met keuze tussen 30 en 80 % r.v. in stappen van 5 % Zodra de gewenste vochtigheidsgraad bereikt is, schakelt de compressor vanzelf uit. De ventilator loopt door. Bij overschrijding van de waarde wordt de ontvochtiging weer geactiveerd. Kleuren-LED-display met de daadwerkelijke luchtvochtigheid Indicatie van de relatieve luchtvochtigheid Wasdroog-functie Timerfunctie Waarschuwingslampje bij vol waterreservoir Automatische overloopbeveiliging Automatische ontdooiing Continubedrijf Kinderbeveiliging Mogelijkheid voor aansluiting op externe condensafvoer  Let op: specificaties kunnen zonder opgave van redenen in het belang van een lopende productverbetering door de fabrikant worden gewijzigd. Aan de afbeeldingen van producten en eventueel getoonde specificaties of keurmerken kunnen geen rechten worden ontleend
"
114,Clean Air Optima® CA-705 Smart - 2in1 Luchtontvochtiger en Luchtreiniger - 16 liter/dag - 5 voudige filtertechnologie,,Clean Air Optima,,"4,3",34,"319,-",,https://www.bol.com/nl/nl/p/clean-air-optima-ca-705-smart-2in1-luchtontvochtiger-en-luchtreiniger-16-liter-dag-5-voudige-filtertechnologie/9300000083434670/,12,"
De nieuwe slimme 2in1 Luchtontvochtiger & Luchtreiniger CA-705 Smart van Clean Air Optima®!  2 in1: Luchtontvochtigen en Luchtreinigen  Ontvochtigingscapaciteit tot 16 liter / dag Werkt preventief tegen schimmelvorming, roest en schade door vocht Vijf filtertechnologieën voor effectieve luchtreiniging Ondersteuning wasdroging Geruisarme werking <38 dB(A) laag Eenvoudige bediening: Handmatig of via de Clean Air Optima® App Geschikt voor ruimtes tot 50m²/125m³  Multifunctionele luchtontvochtiger CA-705 Smart voor een optimaal binnenklimaatVoor een optimaal binnenklimaat is de luchtvochtigheid doorslaggevend. De door medisch specialisten geadviseerde optimale luchtvochtigheid in gesloten ruimtes ligt in het bereik van 40 tot 60% relatieve luchtvochtigheid. Is de lucht in binnenruimtes te vochtig dan kan de levenskwaliteit door schimmelsporen, allergenen en ademweg problemen sterk nadelig beïnvloedt worden. Optimale luchtvochtigheid essentieel voor gezondheid en schadepreventieToepassing van de multifunctionele Clean Air Optima® luchtontvochtiger CA-705 Smart met 2in1 systeem voor luchtontvochtiging & luchtreiniging werkt preventief ter voorkoming van hoge luchtvochtigheid en allesvernietigende corrosie, schadelijke condensatie, ijs- en schimmelvorming, verhindert ongewenste bacteriegroei, reduceert geuroverdracht en is effectief voor bouwdroging bij bestaande of nieuwbouw.De krachtige Clean Air Optima® condensatie - luchtontvochtiger CA-705 Smart bind de strijd aan met roest en schimmel!Naast de indamming van schimmelsporen bevrijdt deze multifunctionele luchtontvochtiger CA-705 Smart van Clean Air Optima® de binnenlucht van lastige dierharen, pollen en stof door de geïntegreerde continu werkende en zeer effectieve luchtreiniger functie met vijfvoudige filtertechniek. Allergie patiënten kunnen eindelijk weer gezond doorademen! Door de slanke, getailleerde belijning in het exclusieve design en de neutrale kleurstelling past deze compacte ontvochtiger in elk interieur. De Clean Air Optima® condensatie - luchtontvochtiger CA-705 Smart is door de ingebouwde hygrostaat geschikt voor automatische luchtontvochtiging. Enkel de gewenste luchtvochtigheid instellen en deze efficiënte luchtontvochtiger doet de rest. Luchtontvochtiger CA-705 Smart: een vier jaargetijden systeemMet de 2in1 functie voor luchtontvochtiging en luchtreiniging zorgt de CA-705 Smart het hele jaar door voor een optimaal binnenklimaat: Wanneer de ingestelde relatieve luchtvochtigheid is bereikt stopt de ontvochtiging. Met de continu luchtreinigingsfunctie bevrijdt de multifunctionele Clean Air Optima® CA-705 Smart het gehele jaar de binnenlucht van allergenen, schimmelsporen, hinderlijke dierharen, pollen, (fijn)stof en geuren. Binnenlucht ontvochtigen door condensatie techniekDe compacte en supersterke Clean Air Optima® condensatie - luchtontvochtiger CA-705 Smart met 2in1 systeem voor luchtontvochtigen en luchtreinigen onttrekt aan binnenruimtes tot 50m²/125m³ het overtollige vocht met een capaciteit tot 16 liter / dag (30°C/Rv80%) en beschermt actief voor het ontstaan van schimmelvorming, vlekken, corrosie en moddergeur. Daardoor word ook de bouwsubstantie en nog belangrijker uw gezondheid beschermd.De condensatiedroger is het type luchtontvochtiger dat het meest gebruikt wordt en de CA-705 Smart kan ingezet worden in een groot temperatuurbereik tussen de 5 en 32°C.Deze effectieve luchtontvochtiger is uitgerust met een compressor die de vochtige binnenlucht langs een koelelement geleid. Vochtige omgevingslucht wordt op deze wijze in zeer korte tijd afgekoeld. Het vocht in de lucht condenseert omdat lucht bij een lage temperatuur minder vocht kan bevatten. Het condensvocht wordt opgevangen in de watertank en kan direct worden afgevoerd door aansluiting van de meegeleverde afvoerslang.Vijf filtertechnologieën voor effectieve luchtreiniging1. Actief KoolstoffilterActiefkool neutraliseert rook, chemicaliën, gassen en geuren, voorkomt de groei van bacteriën, virussen en schimmels.2. VoorfilterVoorfilter vangt grote stofdeeltjes zoals: pluisjes, haren en huidschilfers van huisdieren.3. TRUE HEPA H13 filter met nano zilver coatingZuivert 99,97% van alle zweefstoffen tot 0,3 micrometer (0,3 µm) uit de lucht. Het HEPA filter is het meest effectieve luchtfilter voor het verwijderen van:• (fijn)stof, sigarettenrook, pollen• allergenen• alle andere vaste deeltjesDe antibacteriële laag van nano zilver coating op het filter elimineert bacteriën en schimmels.4. UV-C LampHet ultraviolette licht van de permanente lamp (UV-C straling) met een golflente van 254nm doodt gezondheidsschadelijke micro-organismen zoals: kiemen, virussen, schimmels (schimmelsporen) en bacteriën. 5. IonisatorCapaciteit > 3.000.000 negatieve ionen / cm³ die in de gehele ruimte verspreid worden en daardoor schadelijke stoffen en geuren neutraliseren. De ionisator produceert negatieve ionen voor het reinigen van de binnenlucht en het verrijken met actief zuurstof. Onaangename geuren worden geneutraliseerd en schadelijke stoffen uit de lucht gezuiverd.Ingebouwde hygrostaat voor automatische luchtontvochtiging. Kleurenmonitor voor aanduiding relatieve luchtvochtigheidDe Clean Air Optima® condensatie - luchtontvochtiger CA-705 Smart is voorzien van een ingebouwde hygrostaat voor het meten, controleren en automatisch regelen van de relatieve luchtvochtigheid. De gewenste luchtvochtigheid kan ingesteld worden tussen 30 en 80% relatieve luchtvochtigheid. Het doordachte design communiceert de luchtvochtigheid ook via de ronde kleurenmonitor aan de voorzijde van het apparaat.BLAUW = droge lucht bereik = <53%GROEN = aangenaam bereik = 53% - 68%ROOD = hoge relatieve luchtvochtigheid = >68% Eenvoudige bediening: Handmatig of met de Clean Air Optima® AppHet overzichtelijke digitale bedienpaneel op de bovenzijde van het apparaat is voorzien van tiptoetsen voor het eenvoudig selecteren van de gewenste instellingen. Grote watertankHet apparaat schakelt automatisch uit bij volle watertank met LED signaal in de display. De grote watertank van de luchtontvochtiger CA-705 Smart heeft een inhoud van 6,5 liter en is voorzien van een handgreep. Permanente waterafvoerHet condensvocht dat wordt opgevangen in de watertank kan ook direct worden afgevoerd door aansluiting van de meegeleverde afvoerslang. Hierdoor is de luchtontvochtiger CA-705 Smart geschikt voor continubedrijf en gebruik zonder toezicht.WasdrogingDe Clean Air Optima® luchtontvochtiger CA-705 Smart met 2in1 systeem voor luchtontvochtiging en luchtreiniging ondersteunt de droging van uw was. De hoge ontvochtigingscapaciteit met hoge ventilatorsnelheid zorgt voor een goede luchtcirculatie in de wasruimte. ToepassingsvoorbeeldenDoor de slanke, getailleerde belijning in het exclusieve design, de neutrale kleurstelling in ivoorwit / zwart is de compacte luchtontvochtiger en luchtreiniger CA-705 Smart inzetbaar in elk interieur. De elektrische ontvochtiger CA-705 Smart is geschikt voor het verwijderen van vocht in de woon- en slaapkamer, kinderkamer, kantoren, openbare gebouwen, sport - en fitnesscentrum, wellnessruimte, bedrijfsruimtes, woonboerderijen, industrie, opslagruimten of musea en is geschikt voor wasdrogen, gebruik in vakantiewoningen, campers en caravans. Kenmerken en voordelen• Geschikt voor ruimtes tot 50m²/125m³ • Ontvochtigingscapaciteit tot maximaal 16 liter / dag (30°C/Rv80%) • Ventilator capaciteit tot 195m³/h • Inhoud watertank: 6,5 liter• Instelbaar tussen 30 – 80% relatieve luchtvochtigheid• Automatische ontvochtiging op programma door ingebouwde hygrostaat• Continue luchtreinigingsfunctie of gecombineerd luchtontvochtigen en luchtreinigen• Inclusief afvoerslang 10mm rond en 1.5 meter lang voor continu waterafvoer• Werkt preventief tegen schimmelvorming, roest en schade door vocht• Verwijdert muffe geuren• Groot temperatuur inzetbereik van 5 °C tot 32 °C• Vijf filtertechnologieën voor effectieve luchtreiniging • Ondersteunt wasdroging• Eenvoudige bediening: Handmatig of met de Clean Air Optima® App• Stopt automatisch met LED signaal bij volle tank• Timer voor in / uitschakelmoment luchtontvochtiger (0-24h)• 2 Standen regelbare ventilator• Geruisarme werking <38 dB(A) laag / 48 dB(A) hoog• Sensor gestuurde ontdooi functie• Automatische herstart na ontdooien of stroomonderbreking• Geschikt voor continu gebruik zonder toezicht• Gemakkelijk te verplaatsen door praktische handgreep en robuuste wieltjes• Eenvoudige filterreiniging: permanent voorfilter 2x per maand stofzuigen• Actiefkoolstoffilter na 3 - 6 maanden vervangen• TRUE HEPA H13 filter met nano zilver coating na 3 - 6 maanden vervangen
"
115,Clean Air Optima® CA-702 Smart - 2in1 Luchtontvochtiger en Luchtreiniger - 5 liter/dag - 5 voudige filtertechnologie - Ultrastille werking,,Clean Air Optima,,"4,5",12,"179,-",Op voorraad,https://www.bol.com/nl/nl/p/clean-air-optima-ca-702-smart-2in1-luchtontvochtiger-en-luchtreiniger-5-liter-dag-5-voudige-filtertechnologie-ultrastille-werking/9300000164824414/,14,"
De nieuwe slimme 2in1 Luchtontvochtiger & Luchtreiniger CA-702 Smart van Clean Air Optima®!  2 in1: Luchtontvochtigen en Luchtreinigen  Ontvochtigingscapaciteit tot 5 liter / dag Werkt preventief tegen schimmelvorming, roest en schade door vocht Vijf filtertechnologieën voor effectieve luchtreiniging Ondersteuning wasdroging Ultrastille werking Eenvoudige bediening: Handmatig of via de Clean Air Optima® App Geschikt voor ruimtes tot 20m²/50m³  Multifunctionele luchtontvochtiger CA-702 Smart voor een optimaal binnenklimaat Geschikt voor ruimtes tot 20m² / 50m³ / 215ft² - Ontvochtigingscapaciteit 5 liter per dag (30°C / Rv80%)Voor een optimaal binnenklimaat is de luchtvochtigheid doorslaggevend. De door medisch specialisten geadviseerde, optimale luchtvochtigheid in gesloten ruimtes ligt in het bereik van 40 tot 60% relatieve luchtvochtigheid.Is de lucht in binnenruimtes te vochtig, dan kan de luchtkwaliteit door schimmelsporen, allergenen en ademweg problemen sterk nadelig beïnvloedt worden.Optimale luchtvochtigheid essentieel voor gezondheid en schadepreventieDe multifunctionele luchtontvochtiger CA-702 Smart van Clean Air Optima® geeft schimmelvorming door een te hoge luchtvochtigheid geen kans. Door de 5-voudige filtertechniek zuivert de CA-702 Smart praktisch alle ongewenste stoffen, geuren en micro-organismen uit de binnenlucht.Door de ontvochtigingscapaciteit van 5 liter per dag (bij 30°C en 80% relatieve luchtvochtigheid) is de luchtontvochtiger CA-702 met voorfilter, actief koolstoffilter, TRUE HEPA filter, ionisator en UV-C licht voor luchtreiniging, geschikt voor binnenruimtes tot 20m²/50m³. Het unieke ontwerp van de luchtontvochtiger CA-702 Smart combineert effectieve luchtontvochtiging met krachtige luchtreiniging, een elegant design, hoge functionaliteit en duurzaamheid als belangrijkste kenmerken.De veelzijdige Clean Air Optima® CA-702 Smart luchtontvochtiger met krachtige luchtreiniging, is compact, geluidsarm en zeer effectief. Inzetbaar bij temperaturen tussen de 5°C - 32°C en een relatieve luchtvochtigheid hoger dan 35%. Het automatische programma maakt gebruik mogelijk in ruimtes zonder direct toezicht. Door elegant design en kleurstelling toepasbaar in elk interieur. Geschikt voor gebruik in de kleinere woonruimte en kantoor, wasruimte, droogruimte, fitnessruimte, magazijn, camper, caravan etc. Luchtontvochtiger CA-702 Smart: een vier jaargetijden systeemMet de 2in1 functie voor luchtontvochtiging en luchtreiniging zorgt de CA-702 Smart het hele jaar door voor een optimaal binnenklimaat. Wanneer de ingestelde relatieve luchtvochtigheid is bereikt, stopt de ontvochtiging maar de luchtreiniging blijft actief. Met de continu luchtreinigingsfunctie bevrijdt de multifunctionele Clean Air Optima® CA-702 Smart het gehele jaar de binnenlucht van allergenen, schimmelsporen, hinderlijke dierharen, pollen, (fijn)stof en geuren. Binnenlucht ontvochtigen door condensatie techniekDe compacte en supersterke Clean Air Optima® condensatie - luchtontvochtiger CA-702 Smart met 2in1 systeem voor luchtontvochtigen en luchtreinigen onttrekt aan binnenruimtes tot 20m²/50m³ het overtollige vocht met een capaciteit tot 5 liter / dag (30°C/Rv80%) en beschermt actief voor het ontstaan van schimmelvorming, vlekken, corrosie en moddergeur. Daardoor word ook de bouwsubstantie en nog belangrijker uw gezondheid beschermd.De condensatiedroger is het type luchtontvochtiger dat het meest gebruikt wordt en de CA-702 Smart kan ingezet worden in een groot temperatuurbereik tussen de 5 en 32°C. Deze effectieve luchtontvochtiger is uitgerust met een compressor die de vochtige binnenlucht langs een koelelement geleid. Vochtige omgevingslucht wordt op deze wijze in zeer korte tijd afgekoeld. Het vocht in de lucht condenseert omdat lucht bij een lage temperatuur minder vocht kan bevatten. Het condensvocht wordt opgevangen in de watertank en kan direct worden afgevoerd door aansluiting van de meegeleverde afvoerslang. Vijf filtertechnologieën voor effectieve luchtreiniging1. VoorfilterVoorfilter vangt grote stofdeeltjes zoals: pluisjes, haren en huidschilfers van huisdieren.2. Actief KoolstoffilterActiefkool neutraliseert rook, chemicaliën, gassen en geuren, voorkomt de groei van bacteriën, virussen en schimmels.3. TRUE HEPA H13 filter met nano zilver coatingZuivert 99,97% van alle zweefstoffen tot 0,3 micrometer (0,3 µm) uit de lucht. Het HEPA filter is het meest effectieve luchtfilter voor het verwijderen van:• (fijn)stof, sigarettenrook, pollen• allergenen• alle andere vaste deeltjesDe antibacteriële laag van nano zilver coating op het filter elimineert bacteriën en schimmels. 4. UV-C LampHet ultraviolette licht van de permanente lamp (UV-C straling) met een golflente van 254nm, doodt gezondheidsschadelijke micro-organismen zoals: kiemen, virussen, schimmels (schimmelsporen) en bacteriën. 5. IonisatorCapaciteit > 3.000.000 negatieve ionen / cm³ die in de gehele ruimte verspreid worden en daardoor schadelijke stoffen en geuren neutraliseren. De ionisator produceert negatieve ionen voor het reinigen van de binnenlucht en het verrijken met actief zuurstof. Onaangename geuren worden geneutraliseerd en schadelijke stoffen uit de lucht gezuiverd. Negatieve ionen hebben bovendien een sterke antistatische werking. Ingebouwde hygrostaat voor automatische luchtontvochtigingDe Clean Air Optima® condensatie - luchtontvochtiger CA-702 Smart is voorzien van een ingebouwde hygrostaat voor het meten, controleren en automatisch regelen van de relatieve luchtvochtigheid. Praktische handgreepDe Clean Air Optima® condensatie - luchtontvochtiger CA-702 Smart is voorzien van een stevige, leren handgreep. Door middel van deze praktische handgreep kan de ontvochiger makkelijk verplaatst worden van de ene naar de andere ruimte. Watertank en permanente waterafvoerDe luchtontvochtiger schakelt automatisch uit bij volle watertank met LED signaal in de display. De watertank van de luchtontvochtiger CA-702 Smart heeft een inhoud van 1.5 liter. De tank is makkelijk uitneembaar vanuit de voorzijde.Het condensvocht dat wordt opgevangen in de watertank, kan ook direct worden afgevoerd door aansluiting van de meegeleverde afvoerslang. Hierdoor is de luchtontvochtiger CA-702 Smart geschikt voor continubedrijf en gebruik zonder toezicht. WasdrogingDe Clean Air Optima® luchtontvochtiger CA-702 Smart met 2in1 systeem voor luchtontvochtiging en luchtreiniging ondersteunt de droging van uw was. De hoge ontvochtigingscapaciteit met hoge ventilatorsnelheid zorgt voor een goede luchtcirculatie in de wasruimte.Het voorfilter en TRUE HEPA H13 filter met nano zilver coating vangt grote stofdeeltjes zoals stofvezels en pluisjes uit de wasruimte en het actiefkoolstoffilter neutraliseert geuren.De door de ionisator tijdens de wasdroging geproduceerde negatieve ionen hebben bovendien een sterke antistatische werking hetgeen zich positief uitwerkt bij wasdroging. Automatische ontdooifunctie en herstartDe Clean Air Optima® condensatie - luchtontvochtiger CA-702 Smart beschikt over een automatisch werkende ontdooi functie. Zodra de sensor een temperatuur onder de ingestelde waarde signaleert start automatisch het ontdooien en stopt ook automatisch indien gereed. Bij het ontdooiproces wordt de verdamper weer ijsvrij gemaakt door het koelproces stop te zetten en de ventilator te laten draaien, waardoor het ijs smelt. Bij herstart vervolgt de luchtontvochtiger automatisch zijn werking met behoud van de instellingen. Eenvoudige bediening: Via het bedieningspaneel en/of met de Clean Air Optima® AppHet overzichtelijke digitale bedienpaneel op de voorzijde van de luchtontvochtiger is voorzien van tiptoetsen voor het eenvoudig selecteren van de gewenste instellingen.Instelmogelijkheden van de luchtontvochtiger CA-702 Smart• Met de hygrostaat stel je zelf de gewenste luchtvochtigheid in (instelbaar tussen 35 - 80%)• Mode-knop voor het instellen van het gewenste programma (Luchtontvochtiging, Luchtreiniging)• Ionisator en UV-C lamp in- en uitschakelen• Weekprogrammering en in- en uitschakelmoment 0 - 24 uur (via de App instelbaar)Luchtontvochtiger display weergave• Actuele luchtvochtigheid• Indicatorlampje voor ontvochtiging• Indicatorlampje voor luchtreiniging• Indicatorlampje voor watertank vol• 0-24 uur timerDe functies zijn instelbaar via het digitale bedienpaneel en/of de Clean Air Optima® App. Vervangen van filtersDe Clean Air Optima CA-702 Smart is uitgerust met een bewakingsmechanisme voor de levensduur van het filter, dat aangeeft dat het filter (HEPA + Actief Koolstoffilter) na 400 werkuren moet worden vervangen. Om aan te geven dat het filter moet worden vervangen, begint het controlelampje dubbel nul (00) van de luchtontvochtiger te knipperen. Reset de timer voor filtervervanging door de vochtigheidinstelling-knop ongeveer 3 - 5 seconden ingedrukt te houden. Als het controlelampje uitgaat, is de timer met succes gereset.Vervanging Actief Koolstoffilter + TRUE HEPA H13 Filter na 2-3 maanden.
"
116,"Evolar EVO-DH1200 Luchtontvochtiger - Ontvochtigt 12L per Dag - Geschikt voor Woonkamer, Slaapkamer, Badkamer en Kelder - Fluisterstil - Wit",,Evolar,,"3,9",31,"149,95",Op voorraad,https://www.bol.com/nl/nl/p/evolar-evo-dh1200-luchtontvochtiger/9300000078635728/,22,"
 Heb je last van een ademwegproblemen door een benauwde lucht in huis en wil je de lucht graag kunnen ontvochtigen? Of heb je misschien last van vocht- of schimmelplekken door een te hoge luchtvochtigheid? Als je de lucht in je huis wilt ontvochtigen is de Evolar EVO-DH1200 iets voor jou! De ontvochtiger zuigt zeer stil de vochtige lucht op. De lucht gaat vervolgens door het luchtfilter, het apparaat condenseert het en blaast vervolgens droge lucht weer uit. De ontvochtiger kan wel 12 liter water uit de lucht trekken per dag, waardoor jij weer kunt genieten van de ideale luchtvochtigheid!   OmschrijvingDe luchtontvochtiger heeft een modern en strak design. Het apparaat is zeer gemakkelijk te verplaatsen aan de handgreep aan de bovenzijde en hij is voorzien van rubberen voetjes, zodat hij een goede grip met de grond heeft. Je kunt zelf het gewenste vochtgehalte in de kamer instellen van 30% tot 90%. De ontvochtiger is geschikt voor ruimtes tot 26m2. Dat betekent dat je een kleine woonkamer, een slaapkamer, een badkamer of was- en opslagruimtes binnen no time kunt ontvochtigen! En dat kan zelfs wanneer je slaapt, studeert of werkt, want apparaat is zeer stil met een geluidsniveau van slechts 42 decibel.   Werking en gebruikDe ontvochtiger is te bedienen aan de hand van een display aan de bovenzijde van het apparaat. Op het display zitten vier drukknoppen die je kunt gebruiken om de ontvochtiger aan te zetten, de gewenste vochtgehalte in de kamer in te stellen en om de timer in te stellen. Naast de drukknoppen bevinden er zich ook LED-lampjes op de unit om aan te geven welke stand op dat moment aan staat. Zo geeft de ontvochtiger aan wanneer de timerstand, de compressorstand of de ontdooistand aanstaat. Ook geeft het apparaat aan wanneer de tank vol is, zodat je deze kunt legen. Het display geeft ook het huidige vochtgehalte in de ruimte weer. Indien het luchtfilter is vervuild, hoef je deze niet te vervangen. Je kunt hem schoonspoelen en schoonzuigen. Niet alleen erg gemakkelijk, maar ook nog eens duurzaam!   Voordelen Verwijdert 12 liter vocht per dagDe Evolar EVO-DH1200 verwijdert wel 12 liter vocht uit de lucht in no time, waardoor je kunt genieten van een heerlijke luchtvochtigheid in je ruimte. Je hoeft nooit meer last te hebben van benauwdheid of last van vochtplekken in je huis.    Zeer stilHet apparaat is zeer stil, waardoor je hem gewoon aan kunt laten staan wanneer je wilt slapen of werken. Met 42 decibel is hij één van de stilste luchtontvochtigers die er zijn.    Handige timerfunctieDe luchtontvochtiger heeft een zeer handige timerfunctie, waarbij je een timer kunt laten aflopen. Je kunt daarbij de timer per uur instellen met een maximum van 24 uur.   Specificaties: Timer: instelbaar van 1 tot 24 uur Voorzien van milieuvriendelijk R290 koelgas  Watertank 1,5 liter 2 jaar garantie Geschikt voor ruimtes tot 26m² Zeer stil geluidsniveau van 42 dB(A) 
"
117,Eurom DryBest 30 WiFi - 30 liter per dag,,Eurom,,"4,5",44,"371,22",Op voorraad,https://www.bol.com/nl/nl/p/eurom-drybest-30-wifi/9200000120385768/,14,"
 Met de Eurom DryBest 30 Wifi onttrek je tot wel 30 liter vocht per dag uit een ruimte van 45 vierkante meter. Naast het ontvochtigen van de ruimte gebruik je deze luchtontvochtiger ook om de was te drogen. De ontvochtiger beschikt namelijk over een speciaal droogprogramma voor de was. Je verbindt deze luchtontvochtiger met de Eurom Smart app, zodat je hem gemakkelijk op afstand bedient. In het waterreservoir vangt de ontvochtiger tot wel 6 liter vocht op. Is het reservoir vol? Dan klinkt er een signaal, waarna de ontvochtiger zichzelf uitschakelt. Om het water continu af te voeren beschikt deze ontvochtiger over een pompfunctie. Handig, want zo leg je de afvoerslang gerust in de wasbak. 
"
118,Erikssøn Luchtontvochtiger Dry Pro - Ontvochtigt Tot 0.6 Liter Per Dag - Geschikt Voor Slaapkamer En Badkamer En Woonkamer En Kelder - Dehumidifier,,Erikssøn,,"4,1",34,"69,99",Op voorraad,https://www.bol.com/nl/nl/p/eriksson-luchtontvochtiger-prime/9300000151859614/,11,"
Wil jij schimmels en bacteriën voorkomen? Vrij ademen in huis? Niet meer afhankelijk zijn van een (slechte) afzuigkap om waterdamp in jouw huis te verwijderen? Allergieën minimaliseren? Dan is de Erikssøn Luchtontvochtiger Prime perfect geschikt voor jou!  De Erikssøn Luchtontvochtiger verwijdert moeiteloos vocht uit jouw binnenruimte. Met een droog binnenklimaat ben jij er van verzekerd dat vochtplekken en schimmels weg blijven! Droog en reinig de lucht in jouw huis op een Thuiswinkelwaarborg gekeurde manier!  Luchtreiniging èn ontvochtiging Met de Erikssøn Luchtontvochtiger verlaag jij in hoog tempo de luchtvochtigheid in elke gewenste ruimte. De door medisch specialisten geadviseerde optimale luchtvochtigheid in gesloten ruimtes ligt in het bereik van 40 tot 60% relatieve luchtvochtigheid. Is de lucht in binnenruimtes te vochtig dan kan de levenskwaliteit door schimmelsporen, allergenen en ademweg problemen sterk nadelig beïnvloedt worden. Met de Erikssøn Luchtontvochtiger zijn nare luchtjes en schimmels binnen no-time verdwenen. Voorkom gezondheidsproblemen - Verminder allergieën Als je last hebt van een allergie of astma, is het belangrijk dat de lucht in huis schoon is. De Erikssøn luchtontvochtiger draagt hier aan bij door middel van de bovengenoemde 2-in-1 functie. De Erikssøn Luchtontvochtiger maakt gebruik van een geïntegreerde HEPA-filter om de lucht te reinigen en pollen, huisstofmijt en overige deeltjes te minimaliseren.   Ontvochtigd tot 600 ml per dag - Voor ruimtes van 10-35 m2 De luchtontvochtiger heeft een groot waterreservoir met een opvangcapaciteit van 600 ml. Wanneer het reservoir vol is knippert het indicatielampje oranje. Hiermee weet jij dat het waterreservoir geleegd moet worden. De luchtontvochtiger vangt bij 30°C en 80% luchtvochtigheid maximaal 600 ml water per dag op. Je hoeft dus niet elke dag het waterreservoir te legen! Europees Geassembleerd - <30dB - 1 jaar fabrieksgarantieGeniet van 100% kwaliteitsgarantie en extreme stilte door de Europees Geassembleerde motor van de Erikssøn Luchtontvochtiger Prime. Specificaties:► Merk: Erikssøn► Inhoud verpakking: 1x luchtontvochtiger ► Materiaal: PP, ABS► Kleur: Zwart► Afmetingen: 25,60 x 15,00 x 15,00 cm► Gewicht: 1,3 kg► Snoerlengte: 1,2 m► Voltage – Frequentie: DC 12V 3.5A | 50/60Hz► Vermogen: 40W► Capaciteit waterreservoir: 600 ml► Capaciteit luchtontvochtiging: 600 ml/dag (bij 30°C en 80% RH)► Bereik: 10 – 25 m²► Geluidsniveau: 29 dB► Werktemperatuur: 15 – 30°C► BPA-vrij: ja► Signaal vol waterreservoir: Ja► Minimale luchtvochtigheid: 40%► Minimale kamertemperatuur: 5°C► Luchtfilter: Ja
"
119,"Clean Air Optima® CA-703W - Luchtontvochtiger - 700ml/dag - Met Ionisator, UV-LED en Fotokatalytisch filter voor luchtreiniging!",,Clean Air Optima,,"3,6",113,"109,-",Op voorraad,https://www.bol.com/nl/nl/p/clean-air-optima-ca-703w-luchtontvochtiger-700ml-dag-met-ionisator-uv-led-en-fotokatalytisch-filter-voor-luchtreiniging/9200000020953926/,13,"
2 in1: Luchtontvochtigen en Luchtreinigen  Ontvochtigingscapaciteit tot 700ml/dag Luchtreiniging door 3-voudige filtertechniek Compacte luchtontvochtiger met Peltier technologie Ondersteuning wasdroging Elegant design Geschikt voor ruimtes tot 10m²/25m³  Unieke technologie CA-703W voorkomt schimmelvorming en verbetert de luchtkwaliteitIs de lucht in uw binnenruimtes te vochtig dan kan de levenskwaliteit door schimmelsporen, allergenen en ademweg problemen sterk nadelig beïnvloedt worden. De door medische specialisten geadviseerde optimale luchtvochtigheid in gesloten ruimtes ligt in het bereik van 40 tot 60% relatieve luchtvochtigheid.De elektronische luchtontvochtiger CA-703W van Clean Air Optima® geeft schimmelvorming door een te hoge luchtvochtigheid geen kans.De 3-voudige filtertechniek in de CA-703W zuivert praktisch alle ongewenste stoffen, geuren en micro-organismen uit de binnenlucht.Door de tankinhoud van 2 liter en de ontvochtigingscapaciteit van 700ml/dag (bij 30°C en 80% relatieve luchtvochtigheid) is de elektronische luchtontvochtiger CA-703W met ionisator, UV licht en fotokatalytisch filter voor luchtreiniging, geschikt voor ruimtes tot 10m²/25m³ zoals de badkamer, was- en opslagruimtes.Het unieke ontwerp van de CA-703W combineert effectieve luchtontvochtiging met krachtige luchtreiniging, een elegant design, hoge functionaliteit en duurzaamheid als belangrijkste kenmerken. Effectieve luchtontvochtiging CA-703W door thermo-elektrisch Peltier elementQua effect is een Peltier element het omgekeerde van een thermokoppel: bij het thermokoppel wordt een temperatuurverschil over een overgang tussen verschillende metalen omgezet in een elektrische spanning.Het Peltier element zet een elektrische spanning over een overgang tussen verschillende metalen om in een temperatuurverschil.Het Peltier- element in de Clean Air Optima® luchtontvochtiger CA-703W is een elektrische component welke gebruikt wordt om warmte te verplaatsen van een koude naar een warme plek. Een aaneenschakeling van Peltier eenheden kan praktisch als koel (- of verwarming) element toegepast worden en laat vocht condenseren. Op deze wijze is een warmtepomp werking gerealiseerd zonder bewegende delen of vloeistoffen. De Clean Air Optima® luchtontvochtiger CA-703W met ionisator is daardoor zeer onderhoudsarm en trillingsvrij door het ontbreken van een compressor!Effectieve ontvochtiging en reiniging van binnenlucht in zes stappen1. Aanzuigen van de vochtige en verontreinigde binnenlucht door de geluidsarme met kogellagers uitgevoerde, krachtige ventilator2. Peltier elementen waarlangs de vochtige lucht wordt geleid. Vocht condenseert en wordt opgevangen in de tank met een inhoud van 2 liter3. Ionisator capaciteit >3.000.000 negatieve ionen/cm³ reinigt en verfrist de binnenlucht4. UV (ultraviolet) licht elimineert bacteriën, schimmels, schimmelsporen en virussen5. Fotokatalytisch filter / UV led zijn in staat nare geuren te verwijderen en bacteriën en virussen te elimineren6. Antibacterieel materiaal verwerkt in de lichtgewicht behuizing. Schone, gezonde ademlucht stroomt in de binnenruimteIonisatieDe Clean Air Optima® luchtontvochtiger CA-703W beschikt over een ingebouwde ionisator voor de productie van negatieve ionen welke de binnenlucht reinigen en verfrissen. Tot de positieve eigenschappen van de ionisator behoort ook het verrijken van de lucht met actief zuurstof. Negatieve ionen hangen zich aan stofdeeltjes, micro-organismen en andere ongewenste stoffen in de lucht en verbinden deze met elkaar. De deeltjes worden op deze wijze zwaarder dan de lucht en vallen neer of worden door de luchtreiniger uit de lucht gefilterd.UV led lichtUVC licht elimineert bacteriën, schimmels, schimmelsporen en virussenHet fotokatalytisch filter functioneert in combinatie met UV led lichtDoor deze combinatie ontstaat een bijzonder krachtige bacteriën en virus dodende werking. Het fotokatalytisch filter is opgebouwd uit titanium dioxide. Wanneer deze stof wordt blootgesteld aan UV licht, wordt hieruit waterstofperoxide (H²O²) en hydroxide radicalen (OH) vrijgemaakt. Deze stoffen zijn in staat nare geuren te verwijderen en bacteriën en virussen te elimineren.Kenmerken en voordelen• Automatisch werkend programma binnenlucht ontvochtigen en reinigen• Werkt preventief tegen schimmelvorming, roest en schade door vocht• Verwijdert muffe geuren, stof en micro-organismen• Bestrijdt stofmijten en schimmel, reduceert daardoor allergieklachten• Reduceert stookkosten: hoe droger het huis is, hoe lager de stookkosten• Inzetbereik boven 40% relatieve luchtvochtigheid• Luchtreiniging door ionisator, UV licht en fotokatalytisch filter• Ondersteunt wasdroging• Elegant en compact design• Eenvoudige bediening• LED functieaanduiding voor aan / uit, UV en ionisator, volle watertank• Stopt automatisch met LED signaal bij volle tank• Automatische herstart• Krachtige continu ventilatorfunctie• Geluidsarm door met kogellagers uitgevoerde ventilator• Gemakkelijk te verplaatsen door praktische handgreep• Onderhoudsvrij door permanent fotokatalytisch filter en UV LED• Inclusief 12 Volt auto adapter• Laag energieverbruik• Optimale prijs / prestatieverhoudingEffectieve toepassingenDe veelzijdige Clean Air Optima® CA-703W - elektronische luchtontvochtiger met krachtige luchtreiniging door ingebouwde ionisator, UV en fotokatalytisch filter is compact, geluidsarm en zeer effectief. Temperatuur inzetbereik boven 5°C, boven 40% relatieve luchtvochtigheid. Het automatische programma maakt gebruik mogelijk in ruimtes zonder direct toezicht. Door elegant design en decente kleurstelling toepasbaar in elk interieur. Geschikt voor gebruik in de kleinere woonruimte en kantoor, wasruimte, droogruimte, fitnessruimte, badkamer, magazijn etc. etc. Mobiel gebruik en recreatieDoor de extra meegeleverde 12 Volt auto adapter is de makkelijk inzetbare luchtontvochtiger Clean Air Optima® CA-703W ook geschikt voor gebruik in de auto, vrachtwagen, bus, bedrijfswagen, caravan, stacaravan, boot, etc. etc. Voorkoming en vermindering allergieënDe Clean Air Optima® CA-703W - elektronische luchtontvochtiger reduceert de relative luchtvochtigheid in de binnenruimte. Stofmijten, ander ongedierte en schimmelsporen gedijen het beste in een vochtige omgeving. De belangrijkste veroorzakers van allergie klachten zijn stofmijten en schimmel. In combinatie met de krachtige luchtzuivering door de 3-voudige filtertechniek van de CA-703W heeft gebruik van dit unieke apparaat een direct effect op de voorkoming en vermindering van allergieën.
"
120,Eeese Emil 10L Luchtontvochtiger,,Eeese,,"5,0",1,"189,-",,https://www.bol.com/nl/nl/p/eeese-emil-10l-luchtontvochtiger/9300000080713138/,7,"
Als het om het geluidsniveau gaat, onderscheidt de Eeese Emil 10L Luchtontvochtiger zich. Met een geluidsniveau van slechts 36 dB(A) en het stijlvolle ontwerp past Emil 10L perfect in de kleinere woonruimte, de bijkeuken, een hal en de verwarmde kelder.
De Eeese Emil 10L is een van de kleine en meest compacte ontvochtigers van Eeese. Het ontwerp is zowel klassiek als elegant, waardoor het toestel onopvallend het vocht in de kelder en de kleinere leefruimte kan verwijderen. Emil 10L heeft de grootte en capaciteit voor een kleinere leefruimte tot 40 m².

Tot 40 m², Max. 10 ltr/dag
Eén van de kleinste ontvochtigers van Eeese
Wasdroogmodus voor natte kleding
Energiezuinige luchtontvochtiger met extreem stille werking
Eenvoudige vochtigheidsinstelling
Mogelijkheid voor permanente afvoer

"
121,MeacoDry Arete One 20L - Luchtontvochtiger,,Meaco,,"5,0",1,"279,-",,https://www.bol.com/nl/nl/p/meacodry-arete-one-20l-luchtontvochtiger/9300000081813706/,12,"
De Meaco Arete One 20L is een fluisterstille, energiezuinige luchtontvochtiger en luchtreiniger voor grotere ruimtes tot 100 m². De Meaco Arete One 20L luchtdroger is ontworpen om de luchtvochtigheid in grotere ruimtes te helpen beheersen, de lucht fris te houden en uw omgeving veilig en gezond. Deze stille luchtdroger wordt compleet geleverd met een HEPA H13 filter om de lucht ook nog eens extra te filteren.

Tot 100 m², Max. 20 ltr/dag
Winnaar Quiet Mark Award 2021
Lucht reinigen met HEPA H13 filter
Smart Humidity Control en Smart Laundry
Stille luchtdroger
Luchtontvochtiger en luchtreiniger in 1 apparaat

"
122,SmartLife Luchtontvochtiger - Wi-Fi - 20 l/Dag - Ontvochtiging / Continu / Was drogen / Ventilatie - Android / IOS - Regelbare hygrostaat - 195 m³/h,Nieuw artikel,Nedis,,"1,0",1,"197,04",Op voorraad,https://www.bol.com/nl/nl/p/nedis-smartlife-luchtontvochtiger-wi-fi-20-l-dag-ontvochtiging-continu-was-drogen-ventilatie-android-ios-regelbare-hygrostaat-195-m-h/9300000124063891/,14,"
    Deze Nedis ontvochtiger kan per dag wel 20 liter vocht uit de lucht halen. Daardoor is het de beste manier om de opbouw van schimmel, vocht en meeldauw in je huis te voorkomen. Een relatieve vochtigheid van 50-70% wordt aanbevolen voor het dagelijks leven. Er zijn situaties met een hogere of lagere vochtigheidsgraad, zoals kelders, badkamers of slecht geïsoleerde ruimtes.  De ontvochtiger heeft vijf verschillende modi om ervoor te zorgen dat aan alle behoeften van de gebruiker wordt voldaan - Ontvochtiging: de instelbare hygrostaat houdt de ruimte op een vooraf ingesteld vochtigheidsniveau - Continu: de ontvochtiger werkt continu zonder onderbreking bij een lage ventilatorsnelheid - Max+: alle instellingen zijn ingesteld op maximale prestaties voor snelle vochtextractie - Was drogen: bij het drogen van de was blijft de ontvochtiger op het hoogste snelheidsniveau staan om het droogproces van natte kleding te versnellen - Ventilatie: de ontvochtiger werkt als een ventilator en creëert een lekker briesje zonder de lucht te ontvochtigen. Voorzien van twee snelheidsstanden om de perfecte luchtstroom voor elke instelling te creëren.  Wanneer het waterreservoir vol is, geeft de ontvochtiger een melding en wordt het ontvochtigingsproces gepauzeerd totdat het waterreservoir is geleegd. Het is ook mogelijk om de ontvochtiger permanent af te tappen met de meegeleverde afvoerslang.  Stel de timer tussen 1 en 24 uur in. Na de ingestelde tijd wordt de ontvochtiger automatisch uitgeschakeld.  Regel eenvoudig alle instellingen met één druk op de knop via het heldere LED-display boven op de ontvochtiger. De vochtigheidsgraad is in één oogopslag te zien met de vochtigheidsindicator.  Sluit het apparaat aan op je Wi-Fi thuis en bedien het product via de Nedis SmartLife-app (iOS en Android) of de toetsen op de ontvochtiger zelf. Hij ondersteunt ook spraakbediening met Alexa en Google Assistant.  Met de app kun je ook de timer programmeren, een slim schema instellen en zelfs de geschiedenis van temperatuur en vochtigheid bijhouden.   Gebaseerd op een omgevingstemperatuur van 30 °C en een relatieve vochtigheid van 80 %. De werkelijke ontvochtigingsprestaties zijn afhankelijk van de werkelijke temperatuur en vochtigheid.
  "
123,Delonghi DNS80 Luchtontvochtiger 700W Grijs/Zilver,,De'Longhi,,"5,0",3,"402,08",,https://www.bol.com/nl/nl/p/delonghi-dns80-luchtontvochtiger-700w-grijs-zilver/9200000109021299/,6,"
    Delonghi DNS80 luchtontvochtigerVermogen: 700 WattAfmeting: 34 x 19 x 50 cmKleur: grijs/zilverMaximale ruimte:45 m²Geluidsniveau: 34 dBCapaciteit waterreservoir: 2,8 literMet displayAantal snelheden: 5Afvoersysteem reservoirWasdroogfunctieTimerLuchtfilter
"
124,Green Air - Luchtontvochtiger - Geschikt voor 120m3 - WIFI - 12L per dag - Low Noise - Timer - INC Wieltjes,,Green Air®,,"4,1",7,"175,-",Op voorraad,https://www.bol.com/nl/nl/p/green-air-luchtontvochtiger-geschikt-voor-120m3-wifi-12l-per-dag-low-noise-timer-inc-wieltjes/9300000133379257/,8,"
De  Green Air ontvochtiger is fraai vormgegeven en voorzien van tal van praktische functies. Zo is het model uitgerust met een ingebouwde waterpomp, handige timerfunctie, filter, hygrometer en digitaal display. Dankzij de Wifi functie kan het model met behulp van een smartphone bediend worden.
Wat dit model onderscheidt is de ingebouwde waterpomp en zijn stille werking.
Draadloze slimme bediening
Deze luchtontvochtiger is uitgerust met Wifi voor extra comfort en om energie te besparen. Met de slimme app kun je de Green Air ontvochtiger smart volledig bedienen.
Ingebouwde pompDoor de ingebouwde pomp kun je de ontvochtiger het vocht laten afvoeren naar, bijvoorbeeld, een putje of afvoer die hoger staat dan de ontvochtiger zelf. Hierdoor hoef je het reservoir niet te legen en kun je het apparaat permanent laten werken.
Extra stilDeze ontvochtiger is zo stil dat je hem nauwelijks hoort in je woonkamer met een geluidsdrukniveau van 42 DBA. Ook wanneer de ventilator op de hoogste stand staat. Dat maakt het een van de stilste ontvochtigers op de markt.
Hoge capaciteitDit krachtige model heeft een ontvochtigingscapaciteit van 12 liter per dag, hierdoor verwijder jij razendsnel overtollig vocht uit de ruimte en heb de relatieve luchtvochtigheid binnen de kortste keren op een aangenaam peil.
Eenvoudig in gebruikDe Green Air ontvochtiger past zich automatisch aan aan de kamer waarin hij zich bevindt. Hij wisselt tussen stil en vol vermogen om de luchtvochtigheid op het juiste percentage te houden. Wanneer het waterreservoir vol is klinkt er een geluid.
TimerDe Green Air ontvochtiger is voorzien van een 24-uurs timer waardoor je de ontvochtiger kan laten starten en stoppen wanneer jij wilt.
Anti vriesDit apparaat is voorzien van een slim anti vries systeem waardoor hij ook te gebruiken is in lagere temperaturen.

Ontvochtigingscapaciteit: 12 L/24U
Maximale luchtstroom: 120 m³/u
Werkingsbereik: 5-32 ºC
Geluidsdrukniveau: 42 dB
Voor ruimtes tot: 160-200 m³

"
125,De'Longhi DEXD216RF Tasciugo AriaDry Multi - Luchtontvochtiger - Wit,,De'Longhi,,,,"318,67",Op voorraad,https://www.bol.com/nl/nl/p/de-longhi-dexd216rf-tasciugo-ariadry-multi-luchtontvochtiger-wit/9300000161805050/,9,"
De'Longhi DEXD216RF Luchtontvochtiger Werk overtollig vocht weg en creëer thuis een aangename sfeer   Zeer stil: De DEXD216RF is extreem stil zonder afbreuk te doen aan zijn ontvochtigings-capaciteit en is daarom geschikt voor de slaapkamer. AS-certificering & Koolstoffilter tegen geurtjes: Betere luchtkwaliteit dankzij een drievoudig filtersysteem: een stoffilter, een verwijderbaar allergeenfilter dat verschillende allergenen opvangt en een Koolstoffilter dat geuren helpt verwijderen. Het CERTIFIED asthma & allergy friendly™keurmerk is een geregistreerd keurmerk van ALLERGY STANDARDS LTD. Wasdroogfunctie: Met de wasdroogfunctie helpt de DEXD216RF de droogtijden van wasgoed te verkorten. Afvoerslang: Voor het verwijderen van het water zonder de tank te hoeven legen. Milieuvriendelijk: Gemaakt met minstens 30% gerecycleerd plastic****. Zwenkwielen: 5 zwenkwielen bijgevoegd voor makkelijke verplaatsing.   Informatie:  14 l/24u* Digitale Display Anti-stof en anti-allergie filter Koolstoffilter tegen geurtjes Geluidsniveau: stil - perfect for slaapkamers Milieuvriendelijk: 30% gerecycleerd plastic****     475 keer meer milieuvriendelijk** Multifunctionele ontvochtiger: niet alleen om vocht te verwijderen, maar draagt ook bij aan het drogen van je was en het reinigen van de lucht die je inademt. Verwijderbaar waterreservoir (2,1 l) Timer 12u Wasdroogfunctie Elektronisch anti-vries functie Afvoerslang meegeleverd Geïntegreerde handgreep voor maximale draagbaarheid Automatische herstartsfunctie    * 30°C/80% R.H. ** 475 keer vergeleken met de impact van R134 - F-Gas Reg. 517/2014. *** De afmetingen van de kamers zijn bij benadering en hangen sterk af van de temperatuur en de vochtigheidsgraad tijdens het gebruik van het product. **** Minimaal 10% gerecycleerde inhoud, bestaande uit 30% gerecycleerde kunststof (exclusief elektrische componenten).
"
126,Rostem X5 - Stille Luchtontvochtiger voor Thuis - 300 ML/dag - 1100 ML Reservoir - Geschikt voor Slaapkamer en Badkamer - Ingebouwde LED Verlichting,,Rostem,,"3,6",11,"54,99",,https://www.bol.com/nl/nl/p/rostem-x5-stille-luchtontvochtiger-dehumidifier-300-ml-per-dag-1100-ml-reservoir-slaapkamer-badkamer-huis-led-verlichting/9300000131747019/,13,"
Bestrijd een te hoge luchtvochtigheid in je huis of bedrijf. Voorkom schimmels, bacterieën en gezondheidsklachten zoals allergenen met de Rostem X5 luchtontvochtiger. Geschikt voor ruimtes tussen de 10 en 20m2. De X5 kan tot 300 Ml/dag ontvochtigen en beschikt over een 23W motor, zeer energiezuinig en je kunt hem dus 24/7 aanhouden zonder zorgen te maken om je energierekening! Jouw voordelen  Ontvochtigt tot 300ml per dag Verwijdert bacteriën, schimmels en allergenen Automatische uitschakeling indien reservoir vol 7 Sfeervolle LED kleuren Energiezuinig (23W)  Moderne luchtontvochtiger De Rostem X5 ontvochtigt de lucht in een modern jasje. Voorkom schimmels op je houten meubels, allergenen en bacterieën. Ontvochtig de lucht en geniet van je leefomgeving. Muisstil De Rostem X5 is muisstil. Met een geluidsniveau van onder de 30 decibel hoor je het apparaat bijna tot niet. Dat betekent dus geluidloos, zorgeloos en met een gerust gevoel slapen en wonen.   7 Kleuren LED-verlichting Creëer een sfeervolle ruimte met de 7-kleurige LED-lampen. Je kunt ervoor kiezen om de LED-lampen aan of uit te laten. De led verlichting veranderd constant. Ontvochtigt tot 300 ml per dag De X5 van Rostem heeft een gemiddelde waterreservoir. Met een 1100ml waterreservoir kun je (indien je de maximale capaciteit van 300ml/dag ontvochtigt) wel 3 á 4 dagen door zonder te legen. Echter is het niet overal altijd zo extreem vochtig. Je kunt dus zorgeloos het apparaat 24/7 aanlaten. Automatische uitschakeling Indien de waterreservoir vol loopt zal de X5 dit automatisch herkennen en uitschakelen om overstroming te voorkomen. Geen zorgen als je dus slaapt of van huis bent! Voor ruimtes van 10 – 20 m² Om het beste resultaat te behalen, is het aan te raden om de luchtontvochtiger te plaatsen in een ruimte met een oppervlakte tussen de 10 en 20 vierkante meter. De luchtontvochtiger kan worden gebruikt in kleine ruimtes, zoals de bijkeuken, maar ook in grotere ruimtes, zoals de slaapkamer. Het is belangrijk om te zorgen voor een gewenste kamertemperatuur tussen de 8°C en 40°C, omdat de luchtontvochtiger niet effectief zal zijn bij temperaturen onder de 5°C of een luchtvochtigheid lager dan 45%. In deze situaties is er te weinig vocht in de lucht aanwezig. Klein, compact en energiezuinig De Rostem luchtontvochtiger is een lichtgewicht en compact apparaat, met een totaal gewicht van slechts 1,17 kg! Hierdoor is het apparaat gemakkelijk te verplaatsen en op te bergen. Daarnaast is het energieverbruik van de luchtontvochtiger slechts 23W, waardoor hij zeer energiezuinig is. Je kunt de luchtontvochtiger zonder zorgen 24/7 aan laten staan. Verpakkingsinhoud  Luchtontvochtiger Handleiding Adapter  Specificaties  Merk: Rostem Materiaal: ABS Kleur: Wit ​Afmetingen: 15,24 cm * 15,24 cm * 23,88 cm. ​Gewicht: 1,17 KG Snoerlengte: 1,5 m Voltage – Frequentie: DC 9V 2.5A | 50/60Hz Vermogen: 23W Capaciteit waterreservoir: 1100 ml Capaciteit luchtontvochtiging: 300 ml/dag (bij 30°C en 80% RH) Bereik: 10 – 20 m² Geluidsniveau: <30 dB Werktemperatuur: 5– 50°C BPA-vrij: ja Veiligheidsklasse van stekker: 2 Automatische uitschakeling: Ja Waterniveau-indicatie: Ja Signaal vol waterreservoir: Ja Minimale luchtvochtigheid: 45% Minimale kamertemperatuur: 5°C Luchtfilter: Nee 
"
127,"Tristar Luchtontvochtiger DH-5419 - Gewenste luchtvochtigheid in te stellen - Vochtvreter met Timer en 2,5 liter opvangcontainer - 10 liter/dag voor 20m² - Wit",,Tristar,,"5,0",4,"159,-",,https://www.bol.com/nl/nl/p/tristar-luchtontvochtiger-dh-5419-gewenste-luchtvochtigheid-in-te-stellen-vochtvreter-met-timer-en-2-5-liter-opvangcontainer-10-liter-dag-voor-20m-wit/9300000113243634/,16,"
Met de Tristar DH-5419 luchtontvochtiger ga je een klamme lucht en vochtplekken in huis eenvoudig tegen. Dankzij de capaciteit van 10 liter per dag is de luchtontvochtiger geschikt voor ruimtes tot 20m². Inclusief koolstoffilter en zwenkwielen zodat je hem makkelijk kan verplaatsen. 
Luchtontvochtiger met hygrostaatEen ontvochtiger met hygrostaat is geschikt voor automatische luchtontvochtiging. De hygrostaat kan worden ingesteld op de gewenste luchtvochtigheid. De ontvochtiger start de werking en stopt pas als de ingestelde luchtvochtigheid bereikt is. Daarnaast slaat de ontvochtiger automatisch af als het reservoir vol is zodat deze nooit kan overstromen. Gebruik een luchtontvochtiger als je last hebt van een klamme en muffe lucht in huis of om overtollig vocht aan de lucht te onttrekken na een overstroming.
Eenvoudig te verplaatsenDoor het geïntegreerde handvat is de Tristar luchtontvochtiger makkelijk op te tillen en te verplaatsen. Door de zwenkwielen is de ontvochtiger ook eenvoudig te verrijden. Zo kan je ruimte voor ruimte ontvochtigen of gebruik hem in een wasruimte tijdens het drogen van de was.
Verlicht gezondheidsklachtenEen luchtontvochtiger kan een uitkomst zijn voor mensen met astma of luchtwegproblemen. Doordat de lucht droger is raken holtes minder snel verstopt en kan een verkoudheid sneller over zijn. In combinatie met het bijgeleverde koolstoffilter worden ook nare en muffe geurtjes uit de lucht gefilterd.
Gebruik samen met een aircoOm de airco effectiever te gebruiken is het handig om de ruimte te ontdoen van overtollig vocht in de lucht met de Tristar luchtontvochtiger. Droge lucht is makkelijker te koelen voor de airco waardoor je niet alleen sneller je kamer afkoelt, maar ook energiebesparend bezig bent.
Wat vind je in de doos:Tristar luchtontvochtiger, handleiding
Redenen om voor de Tristar Luchtontvochtiger te kiezen:

Geen last meer van vochtplekken of klamme lucht dankzij de luchtontvochtiger met hygrostaat
Opvangcontainer van 2,5 liter en capaciteit van 10 liter per dag
Met geïntegreerd handvat en zwenkwielen zodat hij makkelijk verplaatsbaar is
Kan zorgen voor verlichting bij allergieën en luchtwegproblemen
Geschikt voor ruimtes tot 20m²; ook op de boot, caravan of in de kelder

"
128,Eeese Carl 25L - Luchtontvochtiger,,Eeese,,"5,0",1,"369,-",,https://www.bol.com/nl/nl/p/eeese-carl-25l-luchtontvochtiger/9300000080717024/,7,"
De Eeese Carl 25L Luchtontvochtiger is een 2-in-1-hybride, die een effectieve luchtontvochtiger en een luchtreiniger met HEPA-kwaliteit combineert. Met de Eeese Carl 25L luchtdroger kunt u dus zelf beslissen of u de luchtontvochtiger functie gebruikt om een optimale luchtvochtigheid in huis te behouden of om gedurende een bepaalde periode alleen de HEPA-filter H11 van de luchtreinigerfunctie te gebruiken om de vuile deeltjes uit de lucht te reinigen. Dit garandeert u het beste binnenklimaat gedurende het hele jaar.

Tot 125 m², Max. 25 ltr/dag: 2-in-1 ontvochtiger en luchtreiniger
Met H11 HEPA-filter voor luchtreiniging
Krachtige, verrijdbare ontvochtiger
Wifi, te bedienen met smartphone en tablet: Compatibel met Google Assistant
Automatisch drogen, met timer en ON/OFF
Mogelijkheid voor permanente afvoer
Wasdroogmodus voor natte kleding

"
129,"Ontvochtiger Huis - Lucht ontvochtiger Kelder, Slaapkamer, Badkamer - Automatisch Uitschakelen - 3 Modi Vochtregeling Wit",,Merkloos,,"2,0",1,"71,95",Op voorraad,https://www.bol.com/nl/nl/p/ontvochtiger-huis-lucht-ontvochtiger-kelder-slaapkamer-badkamer-automatisch-uitschakelen-3-modi-vochtregeling-wit/9300000146061964/,7,"
Heb je last van vochtproblemen in huis en wil je hier snel iets aan doen? De CONOPU Luchtontvochtiger is de ideale oplossing om deze problemen aan te pakken!. Dankzij de automatische vochtregeling is deze luchtontvochtiger in staat om het vochtgehalte in de lucht efficiënt te verminderen en zo schimmelvorming en andere vochtgerelateerde problemen te voorkomen. Daarnaast beschikt de CONOPU Luchtontvochtiger over een ingebouwde hygrometer, waarmee je altijd op de hoogte bent van de luchtvochtigheid in de ruimte. Bovendien is deze luchtontvochtiger voorzien van een automatische uitschakelfunctie wanneer de watertank vol is, waardoor je je geen zorgen hoeft te maken over overlopen. Voordelen:  Efficiënte vochtbestrijding: de CONOPU Luchtontvochtiger is in staat om vochtproblemen in huis effectief aan te pakken, waardoor je je huis droog en gezond kunt houden. Ingebouwde hygrometer: met de ingebouwde hygrometer kun je altijd de luchtvochtigheid in de ruimte monitoren en indien nodig aanpassen. Automatische uitschakeling: dankzij de automatische uitschakelfunctie hoef je je geen zorgen te maken over overlopen van de watertank en kun je de luchtontvochtiger veilig gebruiken. Gemakkelijk te gebruiken: de CONOPU Luchtontvochtiger is gemakkelijk te bedienen en onderhouden, waardoor je er geen omkijken naar hebt en altijd een gezonde leefomgeving kunt creëren.  Koop nu de CONOPU Luchtontvochtiger en geniet van een gezonde en droge leefomgeving!
"
130,TROTEC Luchtontvochtiger TTK 72 E LED Indicatie,,Trotec,,"4,0",1,"204,95",,https://www.bol.com/nl/nl/p/trotec-luchtontvochtiger-ttk-72-e-led-indicatie/9200000061808473/,15,"
Betrouwbaar drooghoudenAchter het onopvallende uiterlijk van de TTK 72 E schuilen enorme capaciteitsreserves. Met maximaal 24 liter per 24 uur, is hij de ideale partner als het gaat om het betrouwbaar drooghouden van woon- en kantoorruimten tot circa 50 m². De geïntegreerde LED-lamp geeft de daadwerkelijke status van de luchtvochtigheid in de ruimte weer. Met de gekleurde LED-signalering van de TTK 72 E is direct duidelijk, hoe het staat met de luchtvochtigheid in de ruimte: al naar gelang de ruimteluchtvochtigheid onder of boven 55 % ligt, brandt op de voorzijde van het apparaat een blauwe, een groene of een rode LED.• De blauwe LED brandt, als de ruimteluchtvochtigheid onder 55 % daalt.• Groen signaleert hierbij dat de vochtigheid binnen het optimale bereik tussen 55 - 70 % ligt.• Rood betekent een stijging van de ruimteluchtvochtigheid boven 70 %.Comfortabele functiesBehalve de automatische modus met een vooraf ingestelde luchtvochtigheid van 55 %, kunnen op het handige bedieningspaneel met digitaal display bovendien de hygrostaatgeregelde ontvochtigingsautomaat instelbaar tussen 30 en 80 % r.v. in stappen van 5 %, continubedrijf en een ventilatiefunctie worden geselecteerd. Uiteraard is de TTK 72 E uitgerust naar de hoge maatstaven van de HomeComfort-serie. Hiertoe behoren de praktische wasdroog- en de timerfunctie, het waarschuwingslampje bij vol waterreservoir en de overloopbeveiliging met automatische uitschakeling. Het geïntegreerde, uitwasbare luchtfilter dat zorgt voor extra luchtreiniging door het tegenhouden van stof of dierenhaar en de drainaansluiting voor onbeheerd continubedrijf maken de uitrusting helemaal compleet.Veilig voor uw was: drogen met behulp van een luchtontvochtigerBehalve voor het ontvochtigen van de lucht in een ruimte kan een luchtontvochtiger ook eenvoudig worden ingezet voor het drogen van was - ter ondersteuning of compleet ter vervanging van een gebruikelijke wasdroger. De wasdroogfunctie (ook wel textieldroog-modus of superdry-functie genoemd) is vergelijkbaar met het traditioneel drogen van de was in de buitenlucht.Luchtontvochtigers hebben als voordeel dat de was net als in de buitenlucht op een veilige manier wordt gedroogd. Kleuren blijven behouden en de kleding blijft langer mooi dan bij het gebruik van wasdrogers en daarbij wordt ook nog eens minder energie verbruikt.Bovendien kunnen wol, zijde of fijne synthetische stoffen zonder problemen worden gedroogd. In vergelijking met het buiten drogen van was blijft het wasgoed zachter en voelt prettiger aan op de huid.Was kan ook gedroogd worden met luchtontvochtigers zonder wasdroogfunctie. De luchtvochtigheidswaarde moet dan als volgt worden ingesteld:Kastdroog: 46 % relatieve luchtvochtigheidStrijkdroog: 58 % relatieve luchtvochtigheidLicht gedroogd: 65 % relatieve luchtvochtigheidPropaan (R290) als milieuvriendelijk koudemiddel in luchtonvochtigersJaarlijks worden door het gebruik van synthetische koudemiddelen miljoenen tonnen milieu-onvriendelijk C02 (broeikasgassen) uitgestoten. Daarom stellen wij ons ten doel gebruik te maken van alternatieve koelmiddelen. Doordat er bij deze luchtontvochtiger gebruik wordt gemaakt van propaan (R290) als koudemiddel wordt er een waardevolle bijdrage geleverd aan de bescherming van het milieu.Het natuurlijke koudemiddel propaan (R290) is een organische verbinding en behoort tot de koolwaterstoffen. In tegenstelling tot synthetische koudemiddelen zorgt het milieuvriendelijke propaan (R290) noch voor aantasting van de ozonlaag (ODP = 0) noch voor een toename van het broeikas-effect (GWP = 3).Nog een extra voordeel voor het milieu: dankzij de voortreffelijke thermodynamische eigenschappen is propaan (R290) een bijzonder energiezuinig koudemiddel waardoor aanzienlijk wordt bespaard op de kosten voor elektriciteit.Voordelen in de praktijk* Hygrostaatgeregelde ontvochtigingsautomaat met voorkeuze tussen 30 en 80 % r.v. in stappen van 5 %.* Zodra de gewenste luchtvochtigheid in de ruimte is bereikt, schakelt de compressor automatisch uit. De ventilator loopt door. Bij overschrijding wordt het apparaat automatisch geactiveerd.*Comfortbedrijf voor temperatuursafhankelijke automatische regeling van de luchtvochtigheid voor een optimaal binnenklimaat op ieder moment*Kleuren-LED-indicatie voor de daadwerkelijke luchtvochtigheid* Permanente modus* Weergave van relatieve luchtvochtigheid* Wasdroogfunctie* Gemakkelijk te bereiken luchtfilter, eenvoudig te reinigen. Filtert dierenhaar, pluizen, veertjes en stof en voorkomt bacteriegroei.* Timerfunctie* Circulatieluchtontdooiautomaat* Aansluiting voor externe condensafvoer* 2 ventilatorsnelheden* Waarschuwingslampje bij vol waterreservoir* Overloopbeveiliging met automatische uitschakeling
Let op: specificaties kunnen zonder opgave van redenen in het belang van een lopende productverbetering door de fabrikant worden gewijzigd.
Aan de afbeeldingen van producten en eventueel getoonde specificaties of keurmerken kunnen geen rechten worden ontleend
"
131,Luchtontvochtiger - Extreem Stil - 350ml/dag - Geschikt voor Huis / Slaapkamer & Badkamer,,Exclusive by TW,,"4,4",29,"69,95",Op voorraad,https://www.bol.com/nl/nl/p/luchtontvochtiger-extreem-stil-350ml-dag-geschikt-voor-huis-slaapkamer-badkamer/9300000135269950/,9,"
Wil jij jouw meubels beschermen, allergenen tegengaan en vrijer kunnen ademen op een gemakkelijke en snelle wijze? De Exclusive by TW luchtontvochtiger pakt de vochtproblemen bij de bron aan! De ontvochtiger is speciaal ontworpen met de nieuwste technologie en het beschikt over de slimste sensoren, waardoor je automatisch vocht uit je woonkamer, kelder of slaapkamer verdwijnen. Dit zorgt ervoor dat je voor eens en altijd gedag kan zeggen tegen vochtplekken, klamme ruimtes en onnodige schimmel. Extra krachtig en compactDeze luxe dehumidifier verwijderd tot wel 350 ML aan vocht per dag en transformeert jouw ruimte tot een goed gereinigde oase. Daarnaast is de luchtontvochtiger van Exclusive by TW compact en licht van gewicht. Hierdoor kan je de luchtontvochtiger eenvoudig verplaatsen en opbergen. Ruim reservoirDe luchtontvochtiger is voorzien van een ruime watertank van 1000 ml zodat je het opvangbakje niet steeds leeg hoeft te gieten. Is de tank vol? Geen probleem, het apparaat schakelt zichzelf automatisch uit. Gooi de tank inhoudt leeg en klaar is kees! Jouw voordelen  Waterreservoir met een inhoudscapaciteit van 1 liter Verwijderd tot wel 350 ml vocht per dag Zeer gebruiksvriendelijk en handzaam Voorzien van de nieuwste technologie Laag energieverbruik Geruisloos en muisstil in gebruik Volledig automatisch vocht verwijderen uit je woonkamer, slaapkamer of kelder 7 sfeervolle LED Kleuren  Geruisloos en fluisterstilDeze reinigende ontvochtiger is uitgerust met een ingebouwde motor, welke weinig tot geen geluid maakt. Dit zorgt ervoor dat het volledig automatisch zijn werk doet zonder dat je tussentijds zal worden gestoord. Hierdoor hoeft je enkel het apparaat in de slaapkamer plaatsen zonder dat het je nachtrust zal verstoren. Voor ruimtes van 10m² tot 25m².Voor het beste resultaat plaats je de luchtontvochtiger in een ruimte tussen 10m² tot 25m². Gebruik hem dus in kleine ruimtes zoals de bijkeuken, maar ook in grotere ruimtes zoals de slaapkamer! De gewenste kamertemperatuur is tussen 8°C en 40°C. De luchtontvochtiger zal niet goed werken bij kamertemperaturen onder 5°C of onder 45% luchtvochtigheid. Er zit dan te weinig vocht in de lucht. Druk op ‘in winkelwagen’ en zeg gedag tegen vocht in je woonkamer, slaapkamer of kelder en geniet van een frisse lucht.
"
132,"Evolar EVO-DH1000 Luchtontvochtiger - Ontvochtigt 10L per Dag - Geschikt voor Woonkamer, Slaapkamer, Badkamer en Kelder - Fluisterstil - Wit",,Evolar,,"3,9",31,"139,95",Op voorraad,https://www.bol.com/nl/nl/p/evolar-evo-dh1000-luchtontvochtiger/9300000078633895/,16,"
Heb je last van een ademwegproblemen door een benauwde lucht in huis en wil je de lucht graag kunnen ontvochtigen? Of heb je misschien last van vocht- of schimmelplekken door een te hoge luchtvochtigheid? Als je de lucht in je huis wilt ontvochtigen is de Evolar EVO-DH1000 iets voor jou! De ontvochtiger zuigt zeer stil de vochtige lucht op. De lucht gaat vervolgens door het luchtfilter, het apparaat condenseert het en blaast vervolgens droge lucht weer uit. De ontvochtiger kan wel 10 liter water uit de lucht trekken per dag, waardoor jij weer kunt genieten van de ideale luchtvochtigheid! OmschrijvingDe luchtontvochtiger heeft een modern en strak design. Het apparaat is zeer gemakkelijk te verplaatsen aan de handgreep aan de bovenzijde en hij is voorzien van rubberen voetjes, zodat hij een goede grip met de grond heeft. Je kunt zelf het gewenste vochtgehalte in de kamer instellen van 30% tot 90%. De ontvochtiger is geschikt voor ruimtes tot 20m2. Dat betekent dat je een kleine woonkamer, een slaapkamer, een badkamer of was- en opslagruimtes binnen no time kunt ontvochtigen! En dat kan zelfs wanneer je slaapt, studeert of werkt, want apparaat is zeer stil met een geluidsniveau van slechts 42 decibel. Werking en gebruikDe ontvochtiger is te bedienen aan de hand van een display aan de bovenzijde van het apparaat. Op het display zitten vier drukknoppen die je kunt gebruiken om de ontvochtiger aan te zetten, de gewenste vochtgehalte in de kamer in te stellen en om de timer in te stellen. Naast de drukknoppen bevinden er zich ook LED-lampjes op de unit om aan te geven welke stand op dat moment aan staat. Zo geeft de ontvochtiger aan wanneer de timerstand, de compressorstand of de ontdooistand aanstaat. Ook geeft het apparaat aan wanneer de tank vol is, zodat je deze kunt legen. Het display geeft ook het huidige vochtgehalte in de ruimte weer. Indien het luchtfilter is vervuild, hoef je deze niet te vervangen. Je kunt hem schoonspoelen en schoonzuigen. Niet alleen erg gemakkelijk, maar ook nog eens duurzaam! Voordelen Verwijdert 10 liter vocht per dagDe Evolar EVO-DH1000 verwijdert wel 10 liter vocht uit de lucht in no time, waardoor je kunt genieten van een heerlijke luchtvochtigheid in je ruimte. Je hoeft nooit meer last te hebben van benauwdheid of last van vochtplekken in je huis.  Zeer stilHet apparaat is zeer stil, waardoor je hem gewoon aan kunt laten staan wanneer je wilt slapen of werken. Met 42 decibel is hij één van de stilste luchtontvochtigers die er zijn.  Handige timerfunctieDe luchtontvochtiger heeft een zeer handige timerfunctie, waarbij je een timer kunt laten aflopen. Je kunt daarbij de timer per uur instellen met een maximum van 24 uur. Specificaties: Timer: instelbaar van 1 tot 24 uur Voorzien van milieuvriendelijk R290 koelgas  Watertank 1,5 liter 2 jaar garantie Geschikt voor ruimtes tot 20m² Zeer stil geluidsniveau van 42 dB(A)
"
133,MeacoDry Arete One 25L - Luchtontvochtiger,,Meaco,,,,"428,71",Op voorraad,https://www.bol.com/nl/nl/p/meacodry-arete-one-25l-luchtontvochtiger/9300000081813798/,11,"
De Meaco Arete One 25L is een fluisterstille, energiezuinige luchtontvochtiger en luchtreiniger voor grotere ruimtes tot 125 m². De Meaco Arete One 25L luchtdroger is ontworpen om de luchtvochtigheid in grotere ruimtes te helpen beheersen, de lucht fris te houden en uw omgeving veilig en gezond. Deze stille luchtdroger wordt compleet geleverd met een HEPA H13 filter om de lucht ook nog eens extra te filteren.

Tot 125 m², Max. 25 ltr/dag
Lucht reinigen met HEPA H13 filter
Winnaar Quiet Mark Award 2021
Smart Humidity Control en Smart Laundry
Stille luchtdroger
Luchtontvochtiger en luchtreiniger in 1 apparaat

"
134,"Olimpia Splendid Aquaria S1 12 P, 216 W, 273 W, 220-240 V, 50 Hz, 293 mm, 218 mm",,Olimpia Splendid,,,,"169,-",,https://www.bol.com/nl/nl/p/olimpia-splendid-aquaria-s1-12-p-216-w-273-w-220-240-v-50-hz-293-mm-218-mm/9300000059181168/,4,"
De Olimpia Splendid luchtontvochtiger S1 12P, met een Italiaans design, onderscheidend door zijn strakke en eigentijdse stijl. Gemakkelijk te verplaatsen dankzij de ergonomische zijhandgrepen en wielen. De Olimpia Splendid S1 12P luchtdroger heeft een ontvochtigingscapaciteit van 12 liter per dag Productbeschrijving: Olimpia Splendid Aquaria S1 12P - Ontvochtiger DUBBELE FILTRATIEVangt de belangrijkste allergenen op via het antistoffilter en elimineert onaangename geuren dankzij het geïntegreerde actief koolfilter. ERGONOMISCH ONTWERPGemakkelijk te verplaatsen dankzij de zijhandgrepen en wielen, de luchtontvochtiger heeft een supercompact ontwerp. Voor eenvoudige positionering, zelfs in de hoeken van het huis. DIGITALE BEDIENINGHet bedieningspaneel maakt nauwkeurige instellingen en tijdige regeling van de luchttemperatuur en vochtigheid. Kenmerken Olimpia Splendid Aquaria S1 12P:  Ontvochtigingscapaciteit: 12 liter per 24 uur Voor ruimtes tot 50 m² Tankinhoud: twee liter Geluidsniveau 40 dB(A) Temperatuur- en vochtigheidsindicator 1-24 uur aflopende timer Semi-transparante afneembare watertank Volle tank alarm Snelheid: laag / gemiddeld / hoog Wasdroogfunctie Automatisch ontdooifunctie Ergonomische wielen 
"
135,"Draagbare en Stille Ontvochtiger met LED-verlichting sfeerverlichting- 1000ml Capaciteit, Peltier-technologie, Automatische Uitschakeling, Ideaal voor Kledingkast Slaapkamer, Badkamer, Garderobe, Boot, Caravan, Garage, Tuinhuis, Kelder",,CONOPU,,,,"119,-",,https://www.bol.com/nl/nl/p/draagbare-en-stille-ontvochtiger-met-led-verlichting-sfeerverlichting-1000ml-capaciteit-peltier-technologie-automatische-uitschakeling-ideaal-voor-kledingkast-slaapkamer-badkamer-garderobe-boot-caravan-garage-tuinhuis-kelder/9300000171030488/,8,"
Geniet van een Droge en Frisse Lucht met deze Stille en Draagbare Ontvochtiger - 1000ml Tank, LED-lampjes, Automatische Uitschakeling, Peltier-technologie Deze ontvochtiger is een must-have voor elke ruimte waar vocht een probleem is. Hij verwijdert tot 450 ml water per dag uit de lucht, waardoor je kleding sneller droogt en schimmel en bacteriën worden voorkomen. Hij heeft een grote tank van 1000 ml die je gemakkelijk kunt zien en legen dankzij de transparante behuizing en de rode LED-indicator. Hij schakelt zichzelf automatisch uit als de tank vol is, zodat je je geen zorgen hoeft te maken over lekkage of verspilling. Deze ontvochtiger is ook zeer stil en energiezuinig, dankzij de Peltier-technologie die geen compressor nodig heeft. Hij produceert slechts 39 dB geluid, wat minder is dan een fluistering. Je kunt hem dus de hele dag en nacht laten draaien zonder gestoord te worden. Hij verbruikt ook weinig stroom, waardoor je geld bespaart op je elektriciteitsrekening. Deze ontvochtiger is bovendien erg handig en gebruiksvriendelijk. Hij heeft een handvat waarmee je hem makkelijk kunt verplaatsen van de ene naar de andere kamer. Hij is licht van gewicht en compact, waardoor hij perfect past in kleine ruimtes zoals slaapkamers, kantoren, badkamers en caravans. Hij heeft ook een filter aan de achterkant die stof en vuil uit de lucht haalt, waardoor je een schonere en gezondere lucht inademt. Tot slot heeft deze ontvochtiger ook een leuke extra functie: gekleurde LED-lampjes. Je kunt kiezen uit verschillende kleuren of ze laten veranderen om een gezellige sfeer te creëren. Je kunt de LED-lampjes ook uitzetten als je dat wilt. Let wel op dat de LED-lampjes niet bedoeld zijn als verlichting, maar als decoratie. Voor de beste resultaten raden we je aan om de optimale temperatuur- en vochtigheidsinstellingen te volgen die we op de detailpagina hebben vermeld. Bestel nu deze ontvochtiger en geniet van een droge en frisse lucht in je huis of kantoor!
"
136,Meaco Luchtontvochtiger DD8L Junior,,Meaco,,"3,8",5,"259,-",,https://www.bol.com/nl/nl/p/meaco-luchtontvochtiger-dd8l-junior/9200000015464896/,10,"
    Luchtontvochtiger voor ruimtes tot maximaal 125m3De Meaco DD8L Junior is een van de eerste adsorptie luchtontvochtigers voor het ontvochtigen van onverwarmde ruimten.Het grootste voordeel van een adsorptiedroger is dat deze ook bij een lage temperatuur - vanaf 1 °C - de lucht in voldoende mate kan ontvochtigen. Bij de Meaco DD8LJunior is deze capaciteit maximaal 8 liter per dag.Daarnaast kan deze ontvochtiger de relatieve vochtigheid verlagen tot 35%, een percentage dat veel luchtontvochtigers op basis van condensatie niet kunnen bereiken. Kortom snel resultaat in in korte tijd bij een lage temperatuur. Bijvoorbeeld is het wasgoed sneller droog bij een late relatieve vochtigheid.De Meaco DD8LJunior heeft in tegensteling tot de Meaco DD8LION GEEN ingebouwde ionisator.
  "
137,Pure Factory Peltier Luchtontvochtiger 750ml per Dag - Vochtvreter voor in huis - Zeer Laag verbruik 60w - Groot Reservoir 2 L - Stille Luchtontvochtiger,,pure factory,,"4,5",4,"105,95",,https://www.bol.com/nl/nl/p/pure-factory-peltier-luchtontvochtiger-750ml-per-dag-vochtvreter-voor-in-huis-zeer-laag-verbruik-60w-groot-reservoir-2-l-stille-luchtontvochtiger/9300000014840837/,11,"
Deze Pure Factory Peltier luchtontvochtiger is perfect voor kleine ruimtes tot 20 m2 zoals de badkamer,slaapkamer en keuken om hierin de luchtvochtigheid te verlagen en blinkt uit in alles wat belangrijk is voor een luchtontvochtiger.
De luchtvochtigheid wordt onder controle gehouden en voorkomt zo het ontwikkelen van schimmels en fungus. De Pure Factory luchtontvochtiger is in staat om dagelijks onder ideale omstandigheden bij 30 ° C en 80% RV tot 750 ml water te verwijderen uit je badkamer,slaapkamer of keuken en dit op te slaan in z`n 2 liter reservoir met maar 60 watt stroomverbruik!
 
Laag verbruik
Probeert u maar een luchtontvochtiger te vinden die net zo uitblinkt, grotendeels verbruiken ze veel meer stroom en het reservoir is niet altijd veel groter. Als je kijkt wat deze compacte en elegante luchtontvochtiger met maar 60 watt aan verbruik kan, is dit vrij indrukwekkend. Een kaskraker in dit prijssegment die niet veel moet onderdoen voor de grotere jongens.
 
Geen Compressor
Van de thermo-elektrische luchtontvochtiger is bekend dat deze geen compressor en een lagere waterafvoercapiciteit heeft. In tegenstelling tot andere tradionele luchtontvochtigers maakt de thermo-elektrische ontvochtiger geen gebruik van een koelsysteem met koelspiralen.In plaats daarvan gebruikt het een proces dat bekend staat als het Peltier-proces. Het belangrijkste voordeel van het gebruik van het Peltier-condensatieproces is dat het kleine luchtontvochtigers de mogelijkheid biedt om zonder compressor te werken waardoor de mini-ontvochtiger nog stiller wordt in gebruik.
Stil
De Pure Factory luchtontvochtiger is een lichtgewicht, kleine,stille en milieuvriendelijke luchtontvochtiger.Zijn lage verbruik (60W) en ontvochtigingscapaciteit (tot 0.75 liter per dag) maken hem ideaal voor kleine en middelgrote ruimten.
 
Volle tank
Bevat waarschuwing wanneer de tank vol is en schakelt dan automatisch uit ook. Makkelijk uitneembaar om te leeg te maken.Kies de juiste luchtontvochtigerDeze luchtontvochtiger is aanbevolen voor kleine ruimten met lichte vochtproblemen of het onder controle houden van luchtvochtigheid onder relatief normale omstandigheden. Preventief voorkomen van schimmels.Specificaties van Luchtontvochtiger Pure Factory 750ml / dag - 60W

Pure Factory-merk
Bedrijfsomgeving: boven 15 °C en 40% RV
Stroomadapter (meegeleverd): 12V DC 5A
Stroomverbruik: 60W
Ontvochtigingscapaciteit: 0,75 liter per dag bij 30 ° C en 80% RV
Capaciteit watertank: 2 liter (ongeveer 1,5 liter opvangbak voor leegmelding)
Peltier-technologie: zonder compressor
Automatische uitschakeling met LED-indicator
Ideaal voor gebruik in middelgrote ruimtes zoals slaapkamers, badkamers, keukens, kasten etc.
Afmetingen: 22 cm (breedte) x 35 cm (hoogte) x 18 cm (diepte)

"
138,Comfee - Luchtontvochtiger - 80m³ (32m²) - 16L,,Comfee,,"5,0",1,"205,-",,https://www.bol.com/nl/nl/p/comfee-luchtontvochtiger-80m-16l/9300000023638495/,8,"
 KRACHTIGE EN STILLE ONTHUIMIDATIE: De Comfee MDDF-16DEN7 WF luchtontvochtiger kan tot 16 liter per dag opnemen (30℃, RH80%), met een verwijderbaar reservoir van 3 liter; Geschikt voor kelder, woonkamer, kantoor en studeerkamer, dekking 32m². 3 ventilatieniveaus met een maximaal luchtdebiet van 166 m³/u. APP CONTROL: Dit apparaat kan via Bluetooth worden verbonden met je smartphone of tablets; gebruikers kunnen dus met enkele muisklikken het gewenste vochtigheidsniveau (instelbereik vochtigheid: 35% - 85%) en de timer instellen op hun slimme apparaten. En deze parameters zijn zichtbaar op het LED-paneel. INTELLIGENT ONTHUIMIDIGEN EN KLEDENDROGEN: Deze ontvochtigerlucht is uitgerust met een ingebouwde vochtigheidssensor die de vochtigheidsgraad in realtime kan controleren en de vochtigheidsgraad binnenshuis tussen 45% en 55% kan houden, wat aangenaam is voor ons leven; Continue afvoer, niet alleen ontvochtiging, goede assistent voor het drogen van kleding, uw andere wasdroger. GEBRUIKERSGESPECENTREERD ONTWERP EN EENVOUDIGE BEDIENING: dit compacte apparaat bespaart ruimte en heeft verschillende nuttige functies, zoals een alarm voor vol water en automatische ontdooiing, met als doel een betere gebruikerservaring te bevorderen. LAAG VERBRUIK EN ECOLOGISCH: Met ecologisch koelmiddel R290 is deze compressorontvochtiger ecologisch, bespaart energie en verbruikt 320W.Het is een slaapkamer luchtontvochtiger, badkamer luchtontvochtiger, woonkamer luchtontvochtiger. 
"
139,Looki Luchtontvochtiger – Ontvochtiger voor Binnen – Draagbaar – Sfeervolle Verlichting,,Looki,,"4,2",41,"69,95",Op voorraad,https://www.bol.com/nl/nl/p/looki-luchtontvochtiger-ontvochtiger-voor-binnen-draagbaar-sfeervolle-verlichting/9300000083435743/,12,"
Wil je op een gemakkelijke en snelle wijze jouw meubels beschermen, allergenen tegengaan en vrijer kunnen ademen? Dan is de luchtontvochtiger van Looki® de perfecte uitkomst om van je huis een frissere en gezondere omgeving te maken! De ontvochtiger is speciaal ontworpen met de nieuwste technologie en het beschikt over slimme sensoren, waardoor je volledig automatisch vocht uit jouw woonkamer, slaapkamer of kelder kan verwijderen. Dit zorgt ervoor dat je voor eens en altijd gedag kan zeggen tegen klamme ruimtes, vochtplekken en onnodige schimmel. Krachtige en betoverende werking De luchtontvochtiger is gemaakt van kwalitatief hoogwaardig materiaal en het beschikt over een uitmuntende afwerking. Daarnaast is het speciaal ontworpen met de nieuwste technologie, waardoor het tot wel 350 milliliter aan vocht per dag kan verwijderen. Verder beschikt over een watertank van maar liefst 1 liter, wat zorgt voor langdurig gebruik. Geruisloos en muisstil De ontvochtiger van Looki is uitgerust met een ingebouwde motor, welke weinig tot geen geluid maakt. Dit zorgt ervoor dat het volledig automatisch zijn werk doet zonder dat je tussentijds zal worden gestoord. Hierdoor hoeft je enkel het apparaat in de slaapkamer plaatsen zonder dat het je nachtrust zal verstoren.   Zeer gebruiksvriendelijk Het handzame bedieningspaneel in combinatie met het compacte formaat maken het mogelijk om op een gemakkelijk manier binnen no-time de luchtvochtigheid te verbeteren. Dankzij de compacte vormgeving en het lichte gewicht kan je het probleemloos uit het zicht plaatsen of opbergen zonder dat het veel ruimte in beslag zal nemen. Deze ontvochtiger kan je neerzetten waar jij wilt!   Jouw voordelen  Geruisloos en muisstil in gebruik Waterreservoir met een inhoudscapaciteit van 1 liter Zeer gebruiksvriendelijk en handzaam Nieuwste technologie en condensatie technieken Laag energieverbruik en milieubewuste werking Volledig automatisch vocht verwijderen uit je woonkamer, slaapkamer of kelder Verwijderd tot wel 350 ml vocht per dag  Nieuwste technologie De handzame ontvochtiger is speciaal ontworpen met de nieuwste technologie en condensatie technieken, waardoor jij jarenlang kan blijven genieten van je nieuwe huismaatje. Ook is het apparaat volledig vrij van chemische materialen en het biedt optimale bescherming tegen het uitstoten van freon gas. Wij denken niet alleen aan je vrije tijd, maar eveneens aan je veiligheid!   Specificaties  Merk: Looki® Materiaal: ABS plastic Gewicht: Lichtgewicht Afmetingen: 15 x 15 x 25 cm Werk temperatuur: 20 tot 50 graden Inhoud waterreservoir: 1 Liter Effectiviteit: 350 ml/per dag Vermogen: 36 Watt Aantal decibel: <45db  Handig weetje: De luchtontvochtiger beschikt over een extra groot bereik en is maar liefst 360 graden roteerbaar. Zo kan je hem neerzetten op elke plek in je huis!
"
140,IBBO® - 3-delige luchtontvochtigerzakken - Kast Kledingkast Droogmiddelpakketten - Vochtabsorberend anti-schimmelzak - Kast Luchtontvochtiger - Droogmiddelzak Huishoudelijk schoonmaakgereedschap,,IBBO,,,,"7,99",,https://www.bol.com/nl/nl/p/ibbo-3-delige-luchtontvochtigerzakken-kast-kledingkast-droogmiddelpakketten-vochtabsorberend-anti-schimmelzak-kast-luchtontvochtiger-droogmiddelzak-huishoudelijk-schoonmaakgereedschap/9300000163000692/,2,"
Deze kastontvochtiger trekt overtollig vocht uit de lucht aan en houdt het vast om muffe, muffe geuren te elimineren.Het hangende ontwerp is perfect voor gebruik in kledingkasten waar je hem ruimtebesparend kunt ophangen.Je kunt het in de kelder, garage, kast, kleedkamer, keuken, badkamer, schoenenrek, boot, auto, enz. plaatsen.Je zult zien dat het ontvochtigende effect opmerkelijk is, omdat je kunt zien dat het vocht wordt opgenomen en water vormt en zich ophoopt in het onderste gedeelte van de tas. Het is een uitstekend cadeau om met je vrienden te delen. Specificatie:Materiaal: Hoge kwaliteit calciumchloride.Kleur groen.Maat: 16*29 cm/6.3 ""*11.4""Houdbaarheid: 3 jaar (ongeopend) Een mededeling:Door verschillende computerresoluties kan er kleurvervorming optreden.Er kunnen kleine fouten optreden als gevolg van verschillende handmetingen. Pakket inbegrepen:3 x hangende kastontvochtiger
"
141,Adler AD 7917 - Luchtontvochtiger (compressor),,Adler,,"3,8",4,"129,95",Op voorraad,https://www.bol.com/nl/nl/p/adler-ad-7917-luchtontvochtiger/9300000013754423/,10,"
lange tekst
"
142,Hyundai bouwdroger - luchtontvochtiger - zéér krachtig - 90 liter per dag - met WIFI bedieding - LED display - voor ruimtes tot 180 m2,,Hyundai,,,,"875,07",Op voorraad,https://www.bol.com/nl/nl/p/hyundai-bouwdroger-luchtontvochtiger-90-liter-dag-wifi-led-display-voor-ruimtes-tot-180-m2/9300000133981573/,10,"
    • Deze Hyundai industriële bouwdroger met WIFI is bij uitstek geschikt voor het verlagen van de luchtvochtigheid en het drooghouden van magazijnen, garages, gangen, was- en kleedruimten. Ook geschikt om opgeslagen elektronische apparatuur, documenten en medicijnen te beschermen tegen vocht, erosie en schimmels.  • Deze luchtontvochtiger werkt door middel van condensatie om ruimten automatisch of permanent te ontvochtigen. De ventilator zuigt vochtige lucht door het luchtfilter aan en blaast het door een verdamper. De vochtige lucht wordt in de verdamper sterk afgekoeld waardoor de in de lucht aanwezige waterdamp als condens neer slaat. Dit condenswater kan automatisch over een afstand van 6 m worden afgevoerd (tot 5 m hoogte) zodra de ingestelde luchtvochtigheid met 5% toeneemt. Eenvoudige bediening op het overzichtelijke bedieningspaneel of met de Smart Life app. Wordt geleverd met wasbaar koolstoffilter, 6 m afvoerslang voor automatische afvoer en 60 cm afvoerslang voor permanente afvoer. Lengte kabel 1,8 m.   Unieke productvoordelen;  • Luchtverplaatsing 700 m3/h • LED display met kinderslot • Wielen voor eenvoudige verplaatsing • Wasbaar en herbruikbaar koolstoffilter • Stevige metalen mantel en handgreep   Unieke productkenmerken;  - Model: 68509 - EAN: 8718502685091 - Netspanning: 220-240 V/50 Hz - Vermogen: 1400 W - Ontvochtigingscapaciteit bij:  30 °C/80% r.v.: 90 l/24 u  26 °C/60% r.v.: 50 l/24 u - Luchtverplaatsing: 700 m3/h - Werkbereik:  Temp: 5-32 °C  R.v.: 30-80 %  Ruimte tot: 180 m2 - Beschermingsklasse: I - Koelmiddel GWP: R290/210gr - Opvoerhoogte pomp: 5 m - Geluidsniveau: 56 dB(A) - Afmetingen (lxbxh): 540x800x659 mm - Gewicht: 40 kg   In verpakking;  - Bouwdroger - Afvoerslang 6 m - Afvoerslang 60 cm - 4 inbusschroeven - Gebruiksaanwijzing - Garantie- en servicevoorwaarden   Hoeveel jaar garantie?;  Bij de Hyundai bouwdroger 1400W zit 2 jaar garantie.   HYUNDAI POWER PRODUCTS  Uitstekend gereedschap van topkwaliteit voor een voordelige prijs? Absoluut! Hyundai Power Products: Bouw aan jouw toekomst! 
"
143,TROTEC Peltier luchtontvochtiger TTP 1 E,,Trotec,,"3,6",5,"34,95",,https://www.bol.com/nl/nl/p/trotec-peltier-luchtontvochtiger-ttp-1-e/9200000088318523/,11,"
    Optimale droogoplossing - in een tijdloos designMet de ultracompacte Peltier-luchtontvochtiger TTP 1 E kunnen overtuigende resultaten worden behaald in de kleinste ruimtes. Omdat het ongeveer 2/3 van de ruimte van een schoenendoos in beslag neemt - maar anders dan dit is uitgerust met een innovatieve thermo-elektrische technologie die altijd droge omstandigheden belooft en u bevrijdt van muffe, vochtige binnenlucht.Met een ontvochtigingscapaciteit van ongeveer 220 ml kunnen ruimtes tot 5 m² betrouwbaar worden gedroogd. Dankzij het eenvoudig elegante ontwerp en de speciale compactheid past de TTP 1E in elke woon- en werkomgeving. De Peltier-luchtontvochtiger is echter in goede handen, vooral bij gevoelige vochtplekken. Kleding- en schoenkasten, voedselopslagkamers of zelfs kleine sanitaire ruimtes zonder raam, de TTP 1 E bevrijdt van overtollig vocht of vermindert de condensatie en voorkomt zo schimmelgroei.De werking is niet alleen op een energiezuinige manier geoptimaliseerd, maar ook dankzij het Peltier-element fluisterstil, verstoort het apparaat de nachtrust niet. Bovendien scoort het TTP-apparaat met zijn gebruiksgemak: sluit de stekker aan op het stroomnet, schakel in en u bent klaar. Een LED geeft duidelijk aan of het apparaat in bedrijf is en of het waterreservoir moet worden geleegd. Elk apparaat werkt totdat een sensor aangeeft dat de watertank van 500 ml vol is en schakelt vervolgens automatisch uit. Zodra de het reservoir geleegd is, wordt de werking automatisch hervat. Dankzij de geïntegreerde luchtreinigingsfunctie filtert de TTP 1 E dierenharen, pluisjes en stof uit de lucht.Praktische voordelen van de TTP 1 EVoor het drooghouden van slecht geventileerde ruimtesHoge flexibilteit door extra compacte bouwwijzeModern thermo-elektrisch Peltier-element (zonder compressor en koelmiddel)Luchtreinigigingsfunctie – filtert dierenharen, pluisjes en stofWaarschuwingslampje bij vol condensreservoirAutomatische uitschakeling bij vol waterreservoirAantrekkelijk, compact designMet een transparant waterreservoirDe gedetailleerde technische gegevens:Ontvochtigingscapaciteit max. (l/24h): 0,22Aanbevolen voor ruimtes tot: 5 m² / 12,5 m³Netaansluiting: 100 - 240 V/50 - 60 HzNominaal stroomverbruik: 0,6 AOpgenomen vermogen: 0,02 kWKabellengte: 1,4 mWaterreservoir (Inhoud): 0,5 lGeluidsniveau (Afstand 1m): 35 dB(A)Afmetingen (LxBxH): 95x150x220 mmGewicht: 1 kg
 Let op: specificaties kunnen zonder opgave van redenen in het belang van een lopende productverbetering door de fabrikant worden gewijzigd. 
 Aan de afbeeldingen van producten en eventueel getoonde specificaties of keurmerken kunnen geen rechten worden ontleend 
"
144,Clean Air Optima® CA-704 - 2in1 Luchtontvochtiger en Luchtreiniger - 12 liter/dag - Automatische ontvochtiging - 5 voudige filtertechnologie - Bijzonder geluidsarm,,Clean Air Optima,,"4,6",157,"299,-",,https://www.bol.com/nl/nl/p/clean-air-optima-ca-704-2in1-luchtontvochtiger-en-luchtreiniger-12-liter-dag-automatische-ontvochtiging-5-voudige-filtertechnologie-bijzonder-geluidsarm/9200000019689722/,14,"
2 in 1: Luchtontvochtiger & luchtreiniger Clean Air Optima® CA-704• Ontvochtigingscapaciteit tot 12 liter / dag• Werkt preventief tegen schimmelvorming, roest en schade door vocht• Vijf filtertechnologieën voor effectieve luchtreiniging• Ondersteuning wasdroging• Ultrastille werking• Geschikt voor ruimtes tot: 40m²/100m³Multifunctionele luchtontvochtiger CA-704 voor een optimaal binnenklimaatVoor een optimaal binnenklimaat is de luchtvochtigheid doorslaggevend. De door medisch specialisten geadviseerde optimale luchtvochtigheid in gesloten ruimtes ligt in het bereik van 40 tot 60% relatieve luchtvochtigheid.Is de lucht in binnenruimtes te vochtig dan kan de levenskwaliteit door schimmelsporen, allergenen en ademweg problemen sterk nadelig beïnvloedt worden.Optimale luchtvochtigheid essentieel voor gezondheid en schadepreventieToepassing van de multifunctionele Clean Air Optima luchtontvochtiger CA-704 met 2in1 systeem voor luchtontvochtiging & luchtreiniging werkt preventief ter voorkoming van hoge luchtvochtigheid en allesvernietigende corrosie, schadelijke condensatie, ijs- en schimmelvorming, verhindert ongewenste bacteriegroei, reduceert geuroverdracht en is effectief voor bouwdroging bij bestaande of nieuwbouw.
De krachtige Clean Air Optima condensatie - luchtontvochtiger CA-704 bind de strijd aan met roest en schimmel!Naast de indamming van schimmelsporen bevrijdt deze multifunctionele luchtontvochtiger CA-704 van Clean Air Optima de binnenlucht van lastige dierharen, pollen en stof door de geïntegreerde continu werkende en zeer effectieve luchtreiniger functie met vijfvoudige filtertechniek.Allergie patiënten kunnen eindelijk weer gezond doorademen!Door de slanke, getailleerde belijning in het exclusieve design en de neutrale kleurstelling past deze compacte ontvochtiger in elk interieur.De Clean Air Optima condensatie - luchtontvochtiger CA-704 is door de ingebouwde hygrostaat geschikt voor automatische luchtontvochtiging. Enkel de gewenste luchtvochtigheid instellen en deze efficiënte luchtontvochtiger doet de rest.Luchtontvochtiger CA-704: een vier jaargetijden systeemMet de 2in1 functie voor luchtontvochtiging en luchtreiniging zorgt de CA-704 het hele jaar door voor een optimaal binnenklimaat: Wanneer de ingestelde relatieve luchtvochtigheid is bereikt stopt de ontvochtiging, maar de luchtreiniging blijft actief. Met de continu luchtreiniger functie bevrijdt de multifunctionele Clean Air Optima CA-704 het hele jaar door de binnenlucht van allergenen, schimmelsporen, lastige dierharen, pollen stof en geuren. Binnenlucht ontvochtigen door condensatie techniekDe compacte en supersterke Clean Air Optima condensatie - luchtontvochtiger CA-704 met 2in1 systeem voor luchtontvochtigen en luchtreinigen onttrekt aan binnenruimtes tot 40m²/100m³ het overtollige vocht met een capaciteit tot 12 liter / dag (30°C/Rv80%) en beschermt actief voor het ontstaan van schimmelvorming, vlekken, corrosie en moddergeur. Daardoor word ook de bouwsubstantie en nog belangrijker uw gezondheid beschermd.De condensatiedroger is het type luchtontvochtiger dat het meest gebruikt wordt en de CA-704 kan ingezet worden in een groot temperatuurbereik tussen de 5 en 32°C.Vijf filtertechnologieën voor effectieve luchtreiniging1. VoorfilterVoorfilter vangt grote stofdeeltjes zoals: pluisjes, haren en huidschilfers van huisdieren.2. Actief KoolstoffilterActiefkool neutraliseert rook, chemicaliën, gassen en geuren, voorkomt de groei van bacteriën, virussen en schimmels3. TRUE HEPA H13 filter met nano zilver coating Zuivert 99,97% van alle zweefstoffen tot 0,3 micrometer (0,3 µm) uit de lucht. Het HEPA filter is het meest effectieve luchtfilter voor het verwijderen van: • (fijn)stof, sigarettenrook, pollen• allergenen• alle andere vaste deeltjesDe antibacteriële laag van nano zilver coating op het filter elimineert bacteriën en schimmels. 4. UV lampHet ultraviolette licht van de permanente lamp (UV-C straling) met een golflente van 254nm doodt gezondheidsschadelijke micro-organismen zoals: kiemen, virussen, schimmels (schimmelsporen) en bacteriën. Van al het licht heeft UV licht de hoogste frequentie, de kortste golflengte en bevat daardoor de hoogste hoeveelheid aan energie die door haar straling de buitenzijde membraam van het organisme doorboort en de DNA vernietigt. Met wereldwijd duizenden geïnstalleerde apparaten van dit type heeft de geïntegreerde UV – technologie bewezen, dat UV straling hoogeffectief is tegen pathogene virussen, bacteriën en eencellige. Door de toepassing van UV licht kunnen microbiologische inactiverende percentages van 99,99% en hoger bereikt worden.5. IonisatorCapaciteit 3.000.000 negatieve ionen / cm³ die in de gehele ruimte verspreid worden en daardoor schadelijke stoffen en geuren neutraliseren. De ionisator produceert negatieve ionen voor het reinigen van de binnenlucht en het verrijken met actief zuurstof. Onaangename geuren worden geneutraliseerd en schadelijke stoffen uit de lucht gezuiverd. Negatieve ionen hebben bovendien een sterke antistatische werking.Ingebouwde hygrostaat voor automatische luchtontvochtiging. Kleurenmonitor voor aanduiding relatieve luchtvochtigheid.De Clean Air Optima condensatie - luchtontvochtiger CA-704 is voorzien van een ingebouwde hygrostaat voor het meten, controleren en automatisch regelen van de relatieve luchtvochtigheid. De gewenste luchtvochtigheid kan ingesteld worden tussen 35 en 80% relatieve luchtvochtigheid. Deze luchtontvochtiger is standaard voorgeprogrammeerd op het bereiken van de door medici geadviseerde optimale relatieve luchtvochtigheid van 55%. Bij instelling van de minimum te bereiken waarde van 35% volgt continubedrijf, waarbij het apparaat pas stopt bij de automatische afslag door een volle watertank.
Het doordachte design communiceert de luchtvochtigheid ook via de ronde kleurenmonitor aan de voorzijde van het apparaat.BLAUW = droge lucht bereik = <53%GROEN = aangenaam bereik = 53% - 68%ROOD = hoge relatieve luchtvochtigheid = >68% Kenmerken en voordelen• Automatische ontvochtiging op programma door ingebouwde hygrostaat• Inclusief afvoerslang 10mm rond en 1 meter lang voor continu waterafvoer• Werkt preventief tegen schimmelvorming, roest en schade door vocht• Verwijdert muffe geuren• Groot temperatuur inzetbereik van 5 °C tot 32 °C
Vijf filtertechnologieën voor effectieve luchtreiniging:1. Voorfilter vangt grote stofdeeltjes en pluizen2. Actiefkoolstoffilter neutraliseert geuren en gassen3. TRUE HEPA H13 filter met nano zilver coating zuivert 99,97% van alle zweefstoffen tot 0,3 micron (0,3 µm) uit de lucht 4. Permanente UV lamp elimineert kiemen, virussen, schimmels en bacteriën5. Ionisator reinigt en verfrist de binnenlucht met 3.000.000 neg.ionen/cm³• Oscillatieklep met swingfunctie voor ondersteuning luchtcirculatie• Ondersteunt wasdroging• Elegant en compact design• Comfortabele bediening door ingebouwde hygrostaat• LED functieaanduiding• Bediening door tiptoetsen in het display• Stopt automatisch met LED signaal bij volle tank• Timer voor in / uitschakelmoment apparaat (0-24h)• 3 Standen regelbare ventilator• sensor gestuurde ontdooi functie• Automatische herstart na ontdooien of stroomonderbreking• Geschikt voor continu gebruik zonder toezicht• Gemakkelijk te verplaatsen door praktische handgreep en robuuste wieltjes• Praktisch onderhoudsvrij!• Eenvoudige filterreiniging: permanent voorfilter 2x per maand stofzuigen• Actiefkoolstoffilter na 3 - 6 maanden vervangen• TRUE HEPA H13 filter met nano zilver coating na 3 - 6 maanden vervangen • Bijzonder geluidsarm• Laag energieverbruik• 260 Watt ventilator hoog en 165 Watt ventilator laag• Optimale prijs / prestatieverhouding
Toepassingsvoorbeelden Door de slanke, getailleerde belijning in het exclusieve design, de neutrale kleurstelling in ivoorwit / zwart en de stille werking is de compacte luchtontvochtiger en luchtreiniger CA-704 inzetbaar in elk interieur. De elektrische ontvochtiger CA-704 is geschikt voor het verwijderen van vocht in de woon- en slaapkamer, kinderkamer, kantoren, openbare gebouwen, sport - en fitnesscentrum, wellnessruimte, bedrijfsruimtes, woonboerderijen, industrie, opslagruimten of musea en is geschikt voor wasdrogen, gebruik in vakantiewoningen, campers en caravans.
Vervangen van filtersDe Clean Air Optima CA-704 is uitgerust met een bewakingsmechanisme voor de levensduur van het filter, dat aangeeft dat het filter (HEPA + Actief Koolstoffilter) na 500 werkuren moet worden vervangen. Om aan te geven dat het filter moet worden vervangen, begint het controlelampje dubbel nul van de luchtontvochtiger te knipperen. Reset de timer voor het filter door de droge kleding knop (Laundry Mode) ongeveer 3 seconden ingedrukt te houden. Als het controlelampje uitgaat, is de timer met succes gereset.Vervanging Actief Koolstoffilter + True HEPA H13 Filter na 3-6 maanden.
"
145,Clean Air Optima® CA-707 - 2in1 Luchtontvochtiger en Luchtreiniger - 20 liter/dag - Automatische ontvochtiging - 5 voudige filtertechnologie - Bijzonder geluidsarm,,Clean Air Optima,,"4,6",157,"379,-",Op voorraad,https://www.bol.com/nl/nl/p/clean-air-optima-ca-707-2in1-luchtontvochtiger-en-luchtreiniger-20-liter-dag-automatische-ontvochtiging-5-voudige-filtertechnologie-bijzonder-geluidsarm/9200000063560388/,12,"
 2 in 1: Luchtontvochtiger & luchtreiniger Clean Air Optima® CA-707• Ontvochtigingscapaciteit tot 20 liter / dag• Werkt preventief tegen schimmelvorming, roest en schade door vocht• Vijf filtertechnologieën voor effectieve luchtreiniging• Ondersteuning wasdroging• Ultrastille werking• Geschikt voor ruimtes tot: 70m²/175m³Multifunctionele luchtontvochtiger CA-707 voor een optimaal binnenklimaatVoor een optimaal binnenklimaat is de luchtvochtigheid doorslaggevend. De door medisch specialisten geadviseerde optimale luchtvochtigheid in gesloten ruimtes ligt in het bereik van 40 tot 60% relatieve luchtvochtigheid.Is de lucht in binnenruimtes te vochtig dan kan de levenskwaliteit door schimmelsporen, allergenen en ademweg problemen sterk nadelig beïnvloedt worden.Optimale luchtvochtigheid essentieel voor gezondheid en schadepreventieToepassing van de multifunctionele Clean Air Optima luchtontvochtiger CA-707 met 2in1 systeem voor luchtontvochtiging & luchtreiniging werkt preventief ter voorkoming van hoge luchtvochtigheid en allesvernietigende corrosie, schadelijke condensatie, ijs- en schimmelvorming, verhindert ongewenste bacteriegroei, reduceert geuroverdracht en is effectief voor bouwdroging bij bestaande of nieuwbouw. 
De krachtige Clean Air Optima condensatie - luchtontvochtiger CA-707 bind de strijd aan met roest en schimmel!Naast de indamming van schimmelsporen bevrijdt deze multifunctionele luchtontvochtiger CA-707 van Clean Air Optima de binnenlucht van lastige dierharen, pollen en stof door de geïntegreerde continu werkende en zeer effectieve luchtreiniger functie met vijfvoudige filtertechniek.Allergie patiënten kunnen eindelijk weer gezond doorademen!Door de slanke, getailleerde belijning in het exclusieve design en de neutrale kleurstelling past deze compacte ontvochtiger in elk interieur.De Clean Air Optima condensatie - luchtontvochtiger CA-707 is door de ingebouwde hygrostaat geschikt voor automatische luchtontvochtiging. Enkel de gewenste luchtvochtigheid instellen en deze efficiënte luchtontvochtiger doet de rest.Luchtontvochtiger CA-707: een vier jaargetijden systeemMet de 2in1 functie voor luchtontvochtiging en luchtreiniging zorgt de CA-707 het hele jaar door voor een optimaal binnenklimaat: Wanneer de ingestelde relatieve luchtvochtigheid is bereikt stopt de ontvochtiging, maar de luchtreiniging blijft actief. Met de continu luchtreiniger functie bevrijdt de multifunctionele Clean Air Optima CA-707 het hele jaar door de binnenlucht van allergenen, schimmelsporen, lastige dierharen, pollen stof en geuren. Binnenlucht ontvochtigen door condensatie techniekDe compacte en supersterke Clean Air Optima condensatie - luchtontvochtiger CA-707 met 2in1 systeem voor luchtontvochtigen en luchtreinigen onttrekt aan binnenruimtes tot 70m²/175m³ het overtollige vocht met een capaciteit tot 20 liter / dag (30°C/Rv80%) en beschermt actief voor het ontstaan van schimmelvorming, vlekken, corrosie en moddergeur. Daardoor word ook de bouwsubstantie en nog belangrijker uw gezondheid beschermd.De condensatiedroger is het type luchtontvochtiger dat het meest gebruikt wordt en de CA-707 kan ingezet worden in een groot temperatuurbereik tussen de 5 en 32°C.Vijf filtertechnologieën voor effectieve luchtreiniging1. VoorfilterVoorfilter vangt grote stofdeeltjes zoals: pluisjes, haren en huidschilfers van huisdieren.2. Actief KoolstoffilterActiefkool neutraliseert rook, chemicaliën, gassen en geuren, voorkomt de groei van bacteriën, virussen en schimmels3. TRUE HEPA H13 filter met nano zilver coating Zuivert 99,97% van alle zweefstoffen tot 0,3 micrometer (0,3 µm) uit de lucht. Het HEPA filter is het meest effectieve luchtfilter voor het verwijderen van: • (fijn)stof, sigarettenrook, pollen• allergenen• alle andere vaste deeltjesDe antibacteriële laag van nano zilver coating op het filter elimineert bacteriën en schimmels. 4. UV lampHet ultraviolette licht van de permanente lamp (UV-C straling) met een golflente van 254nm doodt gezondheidsschadelijke micro-organismen zoals: kiemen, virussen, schimmels (schimmelsporen) en bacteriën. Van al het licht heeft UV licht de hoogste frequentie, de kortste golflengte en bevat daardoor de hoogste hoeveelheid aan energie die door haar straling de buitenzijde membraam van het organisme doorboort en de DNA vernietigt. Met wereldwijd duizenden geïnstalleerde apparaten van dit type heeft de geïntegreerde UV – technologie bewezen, dat UV straling hoogeffectief is tegen pathogene virussen, bacteriën en eencellige. Door de toepassing van UV licht kunnen microbiologische inactiverende percentages van 99,99% en hoger bereikt worden.5. IonisatorCapaciteit 3.000.000 negatieve ionen / cm³ die in de gehele ruimte verspreid worden en daardoor schadelijke stoffen en geuren neutraliseren. De ionisator produceert negatieve ionen voor het reinigen van de binnenlucht en het verrijken met actief zuurstof. Onaangename geuren worden geneutraliseerd en schadelijke stoffen uit de lucht gezuiverd. Negatieve ionen hebben bovendien een sterke antistatische werking.Ingebouwde hygrostaat voor automatische luchtontvochtiging. Kleurenmonitor voor aanduiding relatieve luchtvochtigheid.De Clean Air Optima condensatie - luchtontvochtiger CA-707 is voorzien van een ingebouwde hygrostaat voor het meten, controleren en automatisch regelen van de relatieve luchtvochtigheid. De gewenste luchtvochtigheid kan ingesteld worden tussen 35 en 80% relatieve luchtvochtigheid. Deze luchtontvochtiger is standaard voorgeprogrammeerd op het bereiken van de door medici geadviseerde optimale relatieve luchtvochtigheid van 55%. Bij instelling van de minimum te bereiken waarde van 35% volgt continubedrijf, waarbij het apparaat pas stopt bij de automatische afslag door een volle watertank.
 Het doordachte design communiceert de luchtvochtigheid ook via de ronde kleurenmonitor aan de voorzijde van het apparaat.BLAUW = droge lucht bereik = <53%GROEN = aangenaam bereik = 53% - 68%ROOD = hoge relatieve luchtvochtigheid = >68% Kenmerken en voordelen• Automatische ontvochtiging op programma door ingebouwde hygrostaat• Inclusief afvoerslang 10mm rond en 1 meter lang voor continu waterafvoer• Werkt preventief tegen schimmelvorming, roest en schade door vocht• Verwijdert muffe geuren• Groot temperatuur inzetbereik van 5 °C tot 32 °C 
 Vijf filtertechnologieën voor effectieve luchtreiniging:1. Voorfilter vangt grote stofdeeltjes en pluizen2. Actiefkoolstoffilter neutraliseert geuren en gassen3. TRUE HEPA H13 filter met nano zilver coating zuivert 99,97% van alle zweefstoffentot 0,3 micron (0,3 µm) uit de lucht 4. Permanente UV lamp elimineert kiemen, virussen, schimmels en bacteriën5. Ionisator reinigt en verfrist de binnenlucht met 3.000.000 neg.ionen/cm³• Oscillatieklep met swingfunctie voor ondersteuning luchtcirculatie• Ondersteunt wasdroging• Elegant en compact design• Comfortabele bediening door ingebouwde hygrostaat• LED functieaanduiding• Bediening door tiptoetsen in het display• Stopt automatisch met LED signaal bij volle tank• Timer voor in / uitschakelmoment apparaat (0-24h) • 3 Standen regelbare ventilator• sensor gestuurde ontdooi functie• Automatische herstart na ontdooien of stroomonderbreking• Geschikt voor continu gebruik zonder toezicht• Gemakkelijk te verplaatsen door praktische handgreep en robuuste wieltjes• Praktisch onderhoudsvrij!• Eenvoudige filterreiniging: permanent voorfilter 2x per maand stofzuigen• Actiefkoolstoffilter na 3 - 6 maanden vervangen• TRUE HEPA H13 filter met nano zilver coating na 3 - 6 maanden vervangen • Bijzonder geluidsarm• Laag energieverbruik• 365 Watt ventilator hoog en 270 Watt ventilator laag• Optimale prijs / prestatieverhouding 
 Toepassingsvoorbeelden Door de slanke, getailleerde belijning in het exclusieve design, de neutrale kleurstelling in ivoorwit / zwart en de stille werking is de compacte luchtontvochtiger en luchtreiniger CA-707 inzetbaar in elk interieur. De elektrische ontvochtiger CA-707 is geschikt voor het verwijderen van vocht in de woon- en slaapkamer, kinderkamer, kantoren, openbare gebouwen, sport - en fitnesscentrum, wellnessruimte, bedrijfsruimtes, woonboerderijen, industrie, opslagruimten of musea en is geschikt voor wasdrogen, gebruik in vakantiewoningen, campers en caravans. 
 Vervangen van filtersDe Clean Air Optima CA-707 is uitgerust met een bewakingsmechanisme voor de levensduur van het filter, dat aangeeft dat het filter (HEPA + Actief Koolstoffilter) na 500 werkuren moet worden vervangen. Om aan te geven dat het filter moet worden vervangen, begint het controlelampje dubbel nul van de luchtontvochtiger te knipperen. Reset de timer voor het filter door de droge kleding knop (Laundry Mode) ongeveer 3 seconden ingedrukt te houden. Als het controlelampje uitgaat, is de timer met succes gereset.Vervanging Actief Koolstoffilter + True HEPA H13 Filter na 3-6 maanden. 
"
146,Honeywell Home TP-Small - Luchtontvochtiger en Luchtreiniger - 330 W - 24 l/dag - Wit,,Honeywell,,"5,0",1,"269,99",,https://www.bol.com/nl/nl/p/honeywell-home-tp-small-luchtontvochtiger-en-luchtreiniger-330-w-24-l-dag-wit/9300000050334206/,14,"
    Op zoek naar een oplossing om de luchtvochtigheid in jouw huis op peil te houden? Dan is de Honeywell Home TP Small luchtontvochtiger de perfecte keuze voor jou! Deze luchtontvochtiger is niet alleen effectief, maar ook nog eens energiezuinig en gebruiksvriendelijk. De Honeywell Home TP Small luchtontvochtiger is ontworpen om de luchtvochtigheid in jouw huis te verminderen. De luchtontvochtiger heeft een capaciteit van 24 liter per dag en kan hierdoor gemakkelijk de vochtigheid in een grote kamer reguleren. De luchtontvochtiger is voorzien van een ingebouwde luchtfilter die pollen, stof en andere allergenen uit de lucht kan filteren, zodat jij altijd kunt genieten van schone en gezonde lucht. Het is dus een luchtontvochtiger en luchtreiniger in één.   Specificaties Honeywell Luchtontvochtiger en Luchtreiniger  Capaciteit: 24 Liter per dag Vermogen: 330 W Digitaal Display  
"
147,Intelectro Luchtontvochtiger - Nooit Meer Last van Vocht en Geuren - 2.2L Watertank - Uiterst Stille Werking - Geavanceerde Functies - Compact Design - Wit/Zwart - Levering Sneller dan Aangegeveni,,Intelectro,,,,"100,-",,https://www.bol.com/nl/nl/p/intelectro-luchtontvochtiger-nooit-meer-last-van-vocht-en-geuren-2-2l-watertank-uiterst-stille-werking-geavanceerde-functies-compact-design-wit-zwart-levering-sneller-dan-aangegeveni/9300000170218591/,0,"
Op zoek naar een oplossing voor vochtproblemen in huis? De Intelectro Elektrische Luchtontvochtiger staat klaar om jouw ruimte te transformeren. Met een royale tankcapaciteit van 2200 ml is dit niet zomaar een ontvochtiger - het is een krachtige bondgenoot tegen vochtige lucht. Niet alleen beperkt deze luchtontvochtiger vochtigheid, maar hij gaat ook de strijd aan met onaangename geuren. Dankzij zijn geavanceerde functies, waaronder de mogelijkheid om te ontdooien en een speciale slaapmodus, biedt dit apparaat een veelzijdige oplossing voor je binnenklimaat.  Of je nu thuis bent, op kantoor werkt of onderweg bent met je camper, deze ontvochtiger past perfect bij jouw levensstijl. Met zijn stille werking en compacte afmetingen van 23,5 cm breed, past hij naadloos in elke ruimte zonder veel ruimte in beslag te nemen. Breng een frisse wind in jouw omgeving en zeg vaarwel tegen vochtige lucht. Kies voor de Intelectro Luchtontvochtiger en geniet van een aangenamer en gezonder binnenklimaat, waar je ook bent.   Goed nieuws! Wij kunnen jouw bestelling sneller leveren dan aanvankelijk aangegeven. Onze toegewijde team werkt nauw samen met onze verzendpartners om ervoor te zorgen dat jouw bestelling zo snel mogelijk bij jou thuis wordt afgeleverd. Je kunt dus sneller dan verwacht genieten van jouw nieuwe aankoop. Bestel nu en profiteer van onze snelle leveringstijden!
"
148,Erikssøn Luchtontvochtiger Dry Pro - Ontvochtigt Tot 0.6 Liter Per Dag - Geschikt Voor Slaapkamer En Badkamer En Woonkamer En Kelder - Dehumidifier,,Erikssøn,,"4,1",34,"69,99",Op voorraad,https://www.bol.com/nl/nl/p/eriksson-luchtontvochtiger-prime/9300000151859614/,11,"
Wil jij schimmels en bacteriën voorkomen? Vrij ademen in huis? Niet meer afhankelijk zijn van een (slechte) afzuigkap om waterdamp in jouw huis te verwijderen? Allergieën minimaliseren? Dan is de Erikssøn Luchtontvochtiger Prime perfect geschikt voor jou!  De Erikssøn Luchtontvochtiger verwijdert moeiteloos vocht uit jouw binnenruimte. Met een droog binnenklimaat ben jij er van verzekerd dat vochtplekken en schimmels weg blijven! Droog en reinig de lucht in jouw huis op een Thuiswinkelwaarborg gekeurde manier!  Luchtreiniging èn ontvochtiging Met de Erikssøn Luchtontvochtiger verlaag jij in hoog tempo de luchtvochtigheid in elke gewenste ruimte. De door medisch specialisten geadviseerde optimale luchtvochtigheid in gesloten ruimtes ligt in het bereik van 40 tot 60% relatieve luchtvochtigheid. Is de lucht in binnenruimtes te vochtig dan kan de levenskwaliteit door schimmelsporen, allergenen en ademweg problemen sterk nadelig beïnvloedt worden. Met de Erikssøn Luchtontvochtiger zijn nare luchtjes en schimmels binnen no-time verdwenen. Voorkom gezondheidsproblemen - Verminder allergieën Als je last hebt van een allergie of astma, is het belangrijk dat de lucht in huis schoon is. De Erikssøn luchtontvochtiger draagt hier aan bij door middel van de bovengenoemde 2-in-1 functie. De Erikssøn Luchtontvochtiger maakt gebruik van een geïntegreerde HEPA-filter om de lucht te reinigen en pollen, huisstofmijt en overige deeltjes te minimaliseren.   Ontvochtigd tot 600 ml per dag - Voor ruimtes van 10-35 m2 De luchtontvochtiger heeft een groot waterreservoir met een opvangcapaciteit van 600 ml. Wanneer het reservoir vol is knippert het indicatielampje oranje. Hiermee weet jij dat het waterreservoir geleegd moet worden. De luchtontvochtiger vangt bij 30°C en 80% luchtvochtigheid maximaal 600 ml water per dag op. Je hoeft dus niet elke dag het waterreservoir te legen! Europees Geassembleerd - <30dB - 1 jaar fabrieksgarantieGeniet van 100% kwaliteitsgarantie en extreme stilte door de Europees Geassembleerde motor van de Erikssøn Luchtontvochtiger Prime. Specificaties:► Merk: Erikssøn► Inhoud verpakking: 1x luchtontvochtiger ► Materiaal: PP, ABS► Kleur: Zwart► Afmetingen: 25,60 x 15,00 x 15,00 cm► Gewicht: 1,3 kg► Snoerlengte: 1,2 m► Voltage – Frequentie: DC 12V 3.5A | 50/60Hz► Vermogen: 40W► Capaciteit waterreservoir: 600 ml► Capaciteit luchtontvochtiging: 600 ml/dag (bij 30°C en 80% RH)► Bereik: 10 – 25 m²► Geluidsniveau: 29 dB► Werktemperatuur: 15 – 30°C► BPA-vrij: ja► Signaal vol waterreservoir: Ja► Minimale luchtvochtigheid: 40%► Minimale kamertemperatuur: 5°C► Luchtfilter: Ja
"
149,"Clean Air Optima® CA-703W - Luchtontvochtiger - 700ml/dag - Met Ionisator, UV-LED en Fotokatalytisch filter voor luchtreiniging!",,Clean Air Optima,,"3,6",113,"109,-",Op voorraad,https://www.bol.com/nl/nl/p/clean-air-optima-ca-703w-luchtontvochtiger-700ml-dag-met-ionisator-uv-led-en-fotokatalytisch-filter-voor-luchtreiniging/9200000020953926/,13,"
2 in1: Luchtontvochtigen en Luchtreinigen  Ontvochtigingscapaciteit tot 700ml/dag Luchtreiniging door 3-voudige filtertechniek Compacte luchtontvochtiger met Peltier technologie Ondersteuning wasdroging Elegant design Geschikt voor ruimtes tot 10m²/25m³  Unieke technologie CA-703W voorkomt schimmelvorming en verbetert de luchtkwaliteitIs de lucht in uw binnenruimtes te vochtig dan kan de levenskwaliteit door schimmelsporen, allergenen en ademweg problemen sterk nadelig beïnvloedt worden. De door medische specialisten geadviseerde optimale luchtvochtigheid in gesloten ruimtes ligt in het bereik van 40 tot 60% relatieve luchtvochtigheid.De elektronische luchtontvochtiger CA-703W van Clean Air Optima® geeft schimmelvorming door een te hoge luchtvochtigheid geen kans.De 3-voudige filtertechniek in de CA-703W zuivert praktisch alle ongewenste stoffen, geuren en micro-organismen uit de binnenlucht.Door de tankinhoud van 2 liter en de ontvochtigingscapaciteit van 700ml/dag (bij 30°C en 80% relatieve luchtvochtigheid) is de elektronische luchtontvochtiger CA-703W met ionisator, UV licht en fotokatalytisch filter voor luchtreiniging, geschikt voor ruimtes tot 10m²/25m³ zoals de badkamer, was- en opslagruimtes.Het unieke ontwerp van de CA-703W combineert effectieve luchtontvochtiging met krachtige luchtreiniging, een elegant design, hoge functionaliteit en duurzaamheid als belangrijkste kenmerken. Effectieve luchtontvochtiging CA-703W door thermo-elektrisch Peltier elementQua effect is een Peltier element het omgekeerde van een thermokoppel: bij het thermokoppel wordt een temperatuurverschil over een overgang tussen verschillende metalen omgezet in een elektrische spanning.Het Peltier element zet een elektrische spanning over een overgang tussen verschillende metalen om in een temperatuurverschil.Het Peltier- element in de Clean Air Optima® luchtontvochtiger CA-703W is een elektrische component welke gebruikt wordt om warmte te verplaatsen van een koude naar een warme plek. Een aaneenschakeling van Peltier eenheden kan praktisch als koel (- of verwarming) element toegepast worden en laat vocht condenseren. Op deze wijze is een warmtepomp werking gerealiseerd zonder bewegende delen of vloeistoffen. De Clean Air Optima® luchtontvochtiger CA-703W met ionisator is daardoor zeer onderhoudsarm en trillingsvrij door het ontbreken van een compressor!Effectieve ontvochtiging en reiniging van binnenlucht in zes stappen1. Aanzuigen van de vochtige en verontreinigde binnenlucht door de geluidsarme met kogellagers uitgevoerde, krachtige ventilator2. Peltier elementen waarlangs de vochtige lucht wordt geleid. Vocht condenseert en wordt opgevangen in de tank met een inhoud van 2 liter3. Ionisator capaciteit >3.000.000 negatieve ionen/cm³ reinigt en verfrist de binnenlucht4. UV (ultraviolet) licht elimineert bacteriën, schimmels, schimmelsporen en virussen5. Fotokatalytisch filter / UV led zijn in staat nare geuren te verwijderen en bacteriën en virussen te elimineren6. Antibacterieel materiaal verwerkt in de lichtgewicht behuizing. Schone, gezonde ademlucht stroomt in de binnenruimteIonisatieDe Clean Air Optima® luchtontvochtiger CA-703W beschikt over een ingebouwde ionisator voor de productie van negatieve ionen welke de binnenlucht reinigen en verfrissen. Tot de positieve eigenschappen van de ionisator behoort ook het verrijken van de lucht met actief zuurstof. Negatieve ionen hangen zich aan stofdeeltjes, micro-organismen en andere ongewenste stoffen in de lucht en verbinden deze met elkaar. De deeltjes worden op deze wijze zwaarder dan de lucht en vallen neer of worden door de luchtreiniger uit de lucht gefilterd.UV led lichtUVC licht elimineert bacteriën, schimmels, schimmelsporen en virussenHet fotokatalytisch filter functioneert in combinatie met UV led lichtDoor deze combinatie ontstaat een bijzonder krachtige bacteriën en virus dodende werking. Het fotokatalytisch filter is opgebouwd uit titanium dioxide. Wanneer deze stof wordt blootgesteld aan UV licht, wordt hieruit waterstofperoxide (H²O²) en hydroxide radicalen (OH) vrijgemaakt. Deze stoffen zijn in staat nare geuren te verwijderen en bacteriën en virussen te elimineren.Kenmerken en voordelen• Automatisch werkend programma binnenlucht ontvochtigen en reinigen• Werkt preventief tegen schimmelvorming, roest en schade door vocht• Verwijdert muffe geuren, stof en micro-organismen• Bestrijdt stofmijten en schimmel, reduceert daardoor allergieklachten• Reduceert stookkosten: hoe droger het huis is, hoe lager de stookkosten• Inzetbereik boven 40% relatieve luchtvochtigheid• Luchtreiniging door ionisator, UV licht en fotokatalytisch filter• Ondersteunt wasdroging• Elegant en compact design• Eenvoudige bediening• LED functieaanduiding voor aan / uit, UV en ionisator, volle watertank• Stopt automatisch met LED signaal bij volle tank• Automatische herstart• Krachtige continu ventilatorfunctie• Geluidsarm door met kogellagers uitgevoerde ventilator• Gemakkelijk te verplaatsen door praktische handgreep• Onderhoudsvrij door permanent fotokatalytisch filter en UV LED• Inclusief 12 Volt auto adapter• Laag energieverbruik• Optimale prijs / prestatieverhoudingEffectieve toepassingenDe veelzijdige Clean Air Optima® CA-703W - elektronische luchtontvochtiger met krachtige luchtreiniging door ingebouwde ionisator, UV en fotokatalytisch filter is compact, geluidsarm en zeer effectief. Temperatuur inzetbereik boven 5°C, boven 40% relatieve luchtvochtigheid. Het automatische programma maakt gebruik mogelijk in ruimtes zonder direct toezicht. Door elegant design en decente kleurstelling toepasbaar in elk interieur. Geschikt voor gebruik in de kleinere woonruimte en kantoor, wasruimte, droogruimte, fitnessruimte, badkamer, magazijn etc. etc. Mobiel gebruik en recreatieDoor de extra meegeleverde 12 Volt auto adapter is de makkelijk inzetbare luchtontvochtiger Clean Air Optima® CA-703W ook geschikt voor gebruik in de auto, vrachtwagen, bus, bedrijfswagen, caravan, stacaravan, boot, etc. etc. Voorkoming en vermindering allergieënDe Clean Air Optima® CA-703W - elektronische luchtontvochtiger reduceert de relative luchtvochtigheid in de binnenruimte. Stofmijten, ander ongedierte en schimmelsporen gedijen het beste in een vochtige omgeving. De belangrijkste veroorzakers van allergie klachten zijn stofmijten en schimmel. In combinatie met de krachtige luchtzuivering door de 3-voudige filtertechniek van de CA-703W heeft gebruik van dit unieke apparaat een direct effect op de voorkoming en vermindering van allergieën.
"
150,W&Z® Luchtontvochtiger - Extreem Stil - 300ml/dag - Geschikt voor Huis / Slaapkamer & Kantoor - Wit,,W&Z,,"3,8",5,"69,-",,https://www.bol.com/nl/nl/p/w-z-luchtontvochtiger-extreem-stil-300ml-dag-geschikt-voor-huis-slaapkamer-kantoor-wit/9300000069650842/,11,"
Ben je op zoek naar een duurzame luchtontvochtiger waardoor je weer in een gezonde en frisse omgeving kunt leven? Dan ben je bij de W&Z luchtontvochtiger de ideaal oplossing! Dit handige apparaat verwijdert moeiteloos vocht uit jouw binnenruimte en zorgt voor een gereinigde omgeving. Met een optimaal binnenklimaat verdwijnen klamme ruimtes, vochtplekken en schimmels als sneeuw voor de zon en voel jij je weer fris en gezond. Uw voordelen op een rij:  Ruim reservoir van 850 ml  Perfect voor elke ruimte  Laag energieverbruik  Muisstil in gebruik  Stijlvol en eenvoudig bediening  Risicoloos bestellen: binnen 30 dagen kosteloos retourneren Groot capaciteit De luchtontvochtiger is compact, eenvoudig te bedienen en uiterst effectief. Als het waterreservoir vol is, zal het blauwe licht gaan knipperen en schakelt de luchtontvochtiger zichzelf automatisch uit. Per dag ontvochtigt de luchtontvochtiger ongeveer 300 ml per dag. Het waterreservoir beschikt over een capaciteit van 850 ml. Zo hoef je deze niet vaak te legen en de machine schakelt zichzelf automatisch uit als deze vol is. Je zult dan het blauwe licht zien knipperen. Het waterreservoir is makkelijk eruit te halen en te legen. FluisterstilDeze reinigende luchtontvochtiger wordt aangedreven door een muisstille motor en reinigt de lucht in jouw ruimte zonder dat je het doorhebt. Zo plaats je het apparaat in de baby- of slaapkamer zonder het nachtritme te verstoren en kun je de ontvochtiger ook goed gebruiken op kantoor. Voor elke ruimte!Perfect voor ruimtes zoals slaapkamer, badkamer, wasruimte, garage, kelder etc. Dankzij het compacte design is de luchtontvochtiger makkelijk te verplaatsen naar andere ruimtes en past de machine in elk huishouden. Met 1 druk op de knop kun je de overtollige vochtigheid in een ruimte aanpakken. Geef schimmels, allergenen, muffe luchtjes en andere vochtproblemen geen kans om zich te kunnen ontwikkelen en draag bij aan je gezondheid. Geavanceerde techniekW&Z gebruikt de nieuwste condensatie technieken zodat jij nog jaren van jouw nieuwe aanwinst kunt genieten. Ons apparaat is volledig vrij van chemisch materiaal, is goed beschermd tegen uitstoot van freon gas en voorkomt technische problemen of kortsluiting met een slimme semiconductor. Wat zit er in de doos?LuchtontvochtigerAdapter (lengte 1,5 M)Handleiding (Engels, Duits, Frans, Italiaans en Spaans) Bestel nu de luchtontvochtiger van W&Z en zeg gedag tegen bacteriën, schimmels en allergenen!
"
151,"Vochtvreter voor in Huis met Kersen Geur - Inclusief Vochtmagneet Vulling - Vochtvanger voor Binnen - voor Badkamer, Woonkamer of Slaapkamer",,Family Pound,,,,"18,95",Op voorraad,https://www.bol.com/nl/nl/p/vochtvreter-voor-in-huis-met-kersen-geur-inclusief-vochtmagneet-vulling-vochtvanger-voor-binnen-voor-badkamer-woonkamer-of-slaapkamer/9300000166304458/,2,"
 Luchtontvochtiger voor verlaging van de luchtvochtigheid. De korrels in het apparaat voorkomen condensatie van vocht en schimmelvorming en zorgen zo voor een hygiënische omgeving in huis.   Uitstekende, snelle efficiëntieHoog vochtabsorberend vermogenCompacte maatKersengeur   Capaciteit: 500 mlGeur: KersengeurAfmeting: 150 x 85 x 105 mm 
"
152,Luchtontvochtiger - Geschikt voor Huis / Auto / Slaapkamer & Kantoor- Wit,,H2o,,,,"48,95",,https://www.bol.com/nl/nl/p/luchtontvochtiger-geschikt-voor-huis-auto-slaapkamer-kantoor-wit/9300000170316464/,3,"
  Heb jij last van vochtproblemen in je huis? Maak je je zorgen over schimmelvorming en de gezondheid van jou en je familie? Dan is deze luchtontvochtiger de perfecte oplossing voor jou. Door het compacte formaat is hij makkelijk te verplaatsen naar de kamer waar hij het hardst nodig is. En dat allemaal zonder storend geluid!   Bescherm je gezondheid deze lente Tijdens de vochtige lenteperiode is er meer vocht in de lucht, wat een ideale omgeving creëert voor de vorming van bacteriën. Dit is slecht voor de gezondheid van iedereen in huis. Gelukkig haalt deze luchtontvochtiger voldoende vocht uit de lucht om bacterie- en schimmelvorming te voorkomen. Perfect voor elke kamer in je huis: de woonkamer, slaapkamer, badkamer, etc.   Voorkom dure reparaties met deze luchtontvochtiger Te veel vocht in de lucht kan niet alleen slecht zijn voor je gezondheid, maar ook voor je portemonnee. Als er te veel vocht rond de raamkozijnen zit, kan er schimmelvorming ontstaan die het houtwerk aantast. Met deze luchtontvochtiger hoef je je geen zorgen meer te maken over schade of dure reparaties.        
"
153,"4 x Ultra Fresh Luchtontvochtiger granulaat box met 8 x 400 g navulzak, kamerontvochtiger met opvangschaal, ruimte luchtdroger, ontvochtiger, herbruikbaar, navulbaar",,Merkloos,,,,"21,28",,https://www.bol.com/nl/nl/p/4-x-ultra-fresh-luchtontvochtiger-granulaat-box-met-8-x-400-g-navulzak-kamerontvochtiger-met-opvangschaal-ruimte-luchtdroger-ontvochtiger-herbruikbaar-navulbaar/9300000170754265/,2,"
 De afmetingen zijn elk ca. 13 x 13 x 12 cm (b x d x h). Materiaal: kunststof / ontvochtiger granulaat. Kleur: blauw / wit. 4 x luchtontvochtiger box met 8 x 400 g navulzakken. Geschikt voor ruimtes tot 25 m². Vochtproblemen en schimmelvorming kunnen zo worden vermeden  
"
154,"Evolar EVO-DH1000 Luchtontvochtiger - Ontvochtigt 10L per Dag - Geschikt voor Woonkamer, Slaapkamer, Badkamer en Kelder - Fluisterstil - Wit",,Evolar,,"3,9",31,"139,95",Op voorraad,https://www.bol.com/nl/nl/p/evolar-evo-dh1000-luchtontvochtiger/9300000078633895/,16,"
Heb je last van een ademwegproblemen door een benauwde lucht in huis en wil je de lucht graag kunnen ontvochtigen? Of heb je misschien last van vocht- of schimmelplekken door een te hoge luchtvochtigheid? Als je de lucht in je huis wilt ontvochtigen is de Evolar EVO-DH1000 iets voor jou! De ontvochtiger zuigt zeer stil de vochtige lucht op. De lucht gaat vervolgens door het luchtfilter, het apparaat condenseert het en blaast vervolgens droge lucht weer uit. De ontvochtiger kan wel 10 liter water uit de lucht trekken per dag, waardoor jij weer kunt genieten van de ideale luchtvochtigheid! OmschrijvingDe luchtontvochtiger heeft een modern en strak design. Het apparaat is zeer gemakkelijk te verplaatsen aan de handgreep aan de bovenzijde en hij is voorzien van rubberen voetjes, zodat hij een goede grip met de grond heeft. Je kunt zelf het gewenste vochtgehalte in de kamer instellen van 30% tot 90%. De ontvochtiger is geschikt voor ruimtes tot 20m2. Dat betekent dat je een kleine woonkamer, een slaapkamer, een badkamer of was- en opslagruimtes binnen no time kunt ontvochtigen! En dat kan zelfs wanneer je slaapt, studeert of werkt, want apparaat is zeer stil met een geluidsniveau van slechts 42 decibel. Werking en gebruikDe ontvochtiger is te bedienen aan de hand van een display aan de bovenzijde van het apparaat. Op het display zitten vier drukknoppen die je kunt gebruiken om de ontvochtiger aan te zetten, de gewenste vochtgehalte in de kamer in te stellen en om de timer in te stellen. Naast de drukknoppen bevinden er zich ook LED-lampjes op de unit om aan te geven welke stand op dat moment aan staat. Zo geeft de ontvochtiger aan wanneer de timerstand, de compressorstand of de ontdooistand aanstaat. Ook geeft het apparaat aan wanneer de tank vol is, zodat je deze kunt legen. Het display geeft ook het huidige vochtgehalte in de ruimte weer. Indien het luchtfilter is vervuild, hoef je deze niet te vervangen. Je kunt hem schoonspoelen en schoonzuigen. Niet alleen erg gemakkelijk, maar ook nog eens duurzaam! Voordelen Verwijdert 10 liter vocht per dagDe Evolar EVO-DH1000 verwijdert wel 10 liter vocht uit de lucht in no time, waardoor je kunt genieten van een heerlijke luchtvochtigheid in je ruimte. Je hoeft nooit meer last te hebben van benauwdheid of last van vochtplekken in je huis.  Zeer stilHet apparaat is zeer stil, waardoor je hem gewoon aan kunt laten staan wanneer je wilt slapen of werken. Met 42 decibel is hij één van de stilste luchtontvochtigers die er zijn.  Handige timerfunctieDe luchtontvochtiger heeft een zeer handige timerfunctie, waarbij je een timer kunt laten aflopen. Je kunt daarbij de timer per uur instellen met een maximum van 24 uur. Specificaties: Timer: instelbaar van 1 tot 24 uur Voorzien van milieuvriendelijk R290 koelgas  Watertank 1,5 liter 2 jaar garantie Geschikt voor ruimtes tot 20m² Zeer stil geluidsniveau van 42 dB(A)
"
155,AG Commerce Luchtontvochtiger En Luchtreiniger - Luchtontvochtiger Slaapkamer - Luchtontvochtigers - Dehumidifier - Draagbare Ontvochtiger - Draagbare Luchtreiniger - Premium Ontvochtiger,,AG Commerce,,,,"79,95",,https://www.bol.com/nl/nl/p/ag-commerce-luchtontvochtiger-en-luchtreiniger-luchtontvochtiger-slaapkamer-luchtontvochtigers-dehumidifier-draagbare-ontvochtiger-draagbare-luchtreiniger-premium-ontvochtiger/9300000169059663/,14,"
Worstel je tijdens de wintermaanden met vochtige lucht in je huis? Maak je geen zorgen, wij hebben de perfecte oplossing voor jou! Onze AG Commerce Luchtontvochtiger ontvochtigt maar liefst 1200ML per dag en heeft zelfs een handige was-droog functie. Of je nu in de woonkamer, slaapkamer of badkamer bent, deze witte ontvochtiger is geschikt voor elke ruimte. Zeg maar dag tegen vochtige lucht en geniet van een comfortabel en gezellig huis! Voordelen 1. Deze luchtontvochtiger verwijdert tot 1200ML vocht per dag, waardoor je huis fris en droog blijft. 2. Met de was-droog functie kun je niet alleen de lucht ontvochtigen, maar ook je kleding snel drogen. 3. Geschikt voor gebruik in de woonkamer, slaapkamer en badkamer, zodat je overal kunt genieten van een gezonde luchtvochtigheid. 4. De luchtontvochtiger is uitgevoerd in een stijlvolle witte kleur, waardoor hij perfect bij elk interieur past. 5. Deze premium luchtontvochtiger en luchtreiniger in één zorgt voor een gezonde omgeving in huis. 6. Dankzij het compacte formaat en het draagbare ontwerp kun je de ontvochtiger gemakkelijk verplaatsen naar verschillende ruimtes. 7. Het apparaat is voorzien van een handige afstandsbediening, zodat je de instellingen comfortabel kunt aanpassen vanuit je luie stoel. 8. Met de automatische stop en externe afvoerpijp hoef je je geen zorgen te maken over een vol waterreservoir. Zuiver en droog de lucht in elke ruimte met de Luchtontvochtiger van AG Commerce Ontvochtig tot wel 1200ML per dag en geniet van een comfortabel binnenklimaat. De ingebouwde was-droog functie zorgt ervoor dat je kleding snel droogt, zonder het gedoe van een aparte droger. Plaats deze ontvochtiger in de woonkamer, slaapkamer of badkamer en ervaar direct het verschil.   Optimale controle en gemak met de CJ-2020-3 model van AG CommerceMet de afstandsbediening kun je eenvoudig de vochtigheid instellen en de ontvochtiger voor 24 uur programmeren. Daarnaast reinigt de ontvochtiger de lucht met negatieve ionen en kun je schakelen tussen hoge en lage windsnelheden. Dankzij het handige display zie je altijd de actuele vochtigheid en temperatuur. All-inclusive levering voor direct gebruiksgemakBij aanschaf van de AG Commerce Luchtontvochtiger ontvang je niet alleen het apparaat zelf, maar ook een waterleiding en handleiding. De afstandsbediening is zelfs geïntegreerd in de machine, zodat je altijd alle functies binnen handbereik hebt. Met een compacte afmeting van 20x11x25.5 cm past de ontvochtiger moeiteloos in elke ruimte. Specificaties    Product materiaal: ABS + elektronische componenten     Product vermogen: 42W     Ontvochtiging capaciteit: 500-600ml/24u     Automatische stop wanneer waterreservoir vol is, met externe afvoerpijp     Continue werking zonder stoppen     Model CJ-2020-3 is uitgerust met afstandsbediening, timer van 24 uur, negatieve ionen luchtreiniging, hoge en lage windsnelheden, vochtigheids- en temperatuurweergave     Levering accessoires: ontvochtiger * 1, waterleiding * 1, handleiding * 1 (afstandsbediening geïntegreerd in de machine)     Afmetingen: 20 x 11 x 25.5 cm (L x B x H)     Dekgebied: 21-30 m²     Capaciteit waterreservoir: 1.1-2.5L  Veelgestelde vragen     1. Hoeveel water kan de luchtontvochtiger per dag verwijderen?   Deze luchtontvochtiger heeft een ontvochtigingscapaciteit van 500-600 ml per 24 uur. Dit zorgt ervoor dat een aanzienlijke hoeveelheid vocht uit de lucht wordt verwijderd, waardoor de luchtvochtigheid in uw woonruimte, slaapkamer of badkamer wordt verlaagd.     2. Kan de luchtontvochtiger continu blijven werken?   Zeker! De CJ-2020-3 model luchtontvochtiger is uitgerust met een automatische stopfunctie wanneer het waterreservoir vol is. Daarnaast is er een externe afvoerpijp meegeleverd, zodat u de ontvochtiger kunt laten werken zonder onderbrekingen.     3. Welke functies heeft deze luchtontvochtiger?   Deze luchtontvochtiger heeft verschillende handige functies. Het kan geprogrammeerd worden om 24 uur lang te werken, het kan de lucht zuiveren door negatieve ionen, en het heeft instellingen voor hoge en lage windsnelheden. Daarnaast wordt de vochtigheid en temperatuur weergegeven voor uw gemak.     4. Wat wordt er geleverd bij deze luchtontvochtiger?   Bij de luchtontvochtiger wordt het volgende geleverd: 1 luchtontvochtiger, 1 waterleiding en 1 handleiding. Bovendien heeft de CJ-2020-3 model luchtontvochtiger een geïntegreerde afstandsbediening voor extra gebruiksgemak.     5. Wat zijn de afmetingen en toepassing van deze luchtontvochtiger?   De afmetingen van deze luchtontvochtiger zijn 20 x 11 x 25.5 cm (L x B x H). Het kan gebruikt worden in ruimtes met een dekgebied van 21-30 vierkante voet. Daarnaast heeft het een capaciteit van 1.1-2.5 liter waterreservoir en is het geschikt voor ontvochtiging bij temperaturen tussen 21-30 graden Celsius.
"
156,Huis Ontvochtiger - luchtontvochtiger 1000ML - Elektrische LED - Vochtabsorberend - Draagbaar en Stil voor Slaapkamer - Badkamer - Automatische Ontdooiing/Uitschakeling - Tegen Schimmel en Vocht - Garage - Kast,,‘Merkloos’,,,,"89,99",,https://www.bol.com/nl/nl/p/huis-ontvochtiger-luchtontvochtiger-1000ml-elektrische-led-vochtabsorberend-draagbaar-en-stil-voor-slaapkamer-badkamer-automatische-ontdooiing-uitschakeling-tegen-schimmel-en-vocht-garage-kast/9300000165216522/,6,"
Last van vocht en schimmel in je huis? De Huis Ontvochtiger van [merknaam] is dé oplossing! Met een capaciteit van 1000ML en elektrische LED, absorbeert deze draagbare en stille ontvochtiger vocht in de slaapkamer, badkamer, garage, en zelfs in kasten. Met automatische ontdooiing en uitschakeling blijft het apparaat altijd efficiënt werken. Zeg vaarwel tegen schimmel en vochtproblemen en geniet weer van een frisse en gezonde leefomgeving.  Capaciteit van 10 liter per dag om vocht in huis te verminderen. Geschikt voor ruimtes tot 20 vierkante meter. Automatische uitschakeling wanneer het waterreservoir vol is. Eenvoudig te verplaatsen dankzij de wieltjes aan de onderkant. Stil in gebruik, zodat je er 's nachts geen last van hebt. Voorzien van een timer waarmee je de werkingstijd kunt instellen. Verbetert de luchtkwaliteit in huis en voorkomt schimmelvorming. Makkelijk te onderhouden door het uitneembare en afwasbare luchtfilter.    Voordelen - Met de Huis Ontvochtiger zorg je ervoor dat jouw huis altijd fris en droog blijft! - Deze ontvochtiger heeft een capaciteit van 1000ML en kan grote ruimtes aan. - De Elektrische LED indicator laat je precies zien wanneer het tijd is om het waterreservoir te legen. - Dankzij de vochtabsorberende functie creëer je een gezonde en comfortabele leefomgeving. - De ontvochtiger is draagbaar en stil, perfect voor in de slaapkamer, badkamer of zelfs de garage. - Met de automatische ontdooiing en uitschakeling hoef je je geen zorgen te maken over bevriezing of overbelasting van het apparaat. - Zeg definitief vaarwel tegen schimmel en vochtproblemen in jouw huis. - Plaats de ontvochtiger ook in jouw kasten en geniet van schimmelvrije kleding en geen muffe geurtjes meer.
"
157,TROTEC Luchtontvochtiger TTK 53 E,,Trotec,,"4,4",16,"184,95",,https://www.bol.com/nl/nl/p/trotec-luchtontvochtiger-ttk-53-e/9200000061808354/,15,"
Aantrekkelijke droogcapaciteit en functionele elegantie
De TTK 53 E beschikt over alle kenmerken, waarmee een moderne comfort-luchtontvochtiger zich kan onderscheiden. Hierbij overtuigt de ontvochtiger met een extra interessante functie: de gekleurde led-verlichting aan de voorzijde van het apparaat geeft direct aan of de luchtvochtigheid in de ruimte binnen het groene bereik ligt.
Dankzij het functionele design, past de TTK 53 E in elk interieur en houdt hierbij met 2 ventilatiestanden en een ontvochtigingscapaciteit van maximaal 16 liter per dag verwarmde ruimten tot circa 31 m² betrouwbaar droog. Hierbij kan op het onderhoudsvriendelijke bedieningspaneel met digitaal display, worden gekozen uit de volgende luchtontvochtigingsmodi: automatische modus met een vooringestelde luchtvochtigheid van 55%, hygrostaatgeregelde ontvochtingingsautomaat met instelbare luchtvochtigheid in stappen van 5 % tussen 30 en 80 % r.v., permanent bedrijf, evenals een ventilatiefunctie.
De uitgebreide uitrusting van de TTK 53 E wordt gecompleteerd door de praktische wasdroog- en de timerfunctie, een waarschuwingslampje bij vol waterreservoir evenals een overloopbeveiliging met automatische uitschakeling. De geïntegreerde memoryfunctie zorgt ervoor dat de luchtvochtigheidswaarde en de gebruiksmodus ook na uitschakeling bewaard blijven. Het geïntegreerde, uitwasbare luchtfilter filtert stof en dierenhaar uit de lucht en de aansluiting voor een externe condensafvoer maakt een onbeheerd continugebruik mogelijk.
Of de luchtvochtigheid nog in orde is, wordt aangegeven met de LED-kleurenindicator
Vooral in combinatie met de LED-kleurenindicator is de automatische modus van de TTK 53 E een extra handig kenmerk. Hij zorgt ervoor dat het apparaat automatisch inschakelt wanneer de relatieve luchtvochtigheid boven de 55 % komt en weer uit als de luchtvochtigheid weer onder deze waarde ligt. Eén blik op de TTK 53 E is voldoende om te weten hoe het met de luchtvochtigheid in de ruimte is gesteld:
* Blauwe LED: de luchtvochtigheid in de betreffende ruimte ligt onder de 55%
* Groene LED: de luchtvochtigheid in de betreffende ruimte ligt in het ideale gebied tussen 55% en 70%
* Rode LED: de luchtvochtigheid in de betreffende ruimte is meer dan 70%
Veilig voor uw was: drogen met behulp van een luchtontvochtiger
Behalve voor het ontvochtigen van de lucht in een ruimte kan een luchtontvochtiger ook eenvoudig worden ingezet voor het drogen van was - ter ondersteuning of compleet ter vervanging van een gebruikelijke wasdroger. De wasdroog-functie (ook wel textieldroog-modus of superdry-functie genoemd) is vergelijkbaar met het traditioneel drogen van de was in de buitenlucht.
Luchtontvochtigers hebben als voordeel dat de was net als in de buitenlucht op een veilige manier wordt gedroogd. Kleuren blijven behouden en de kleding blijft langer mooi dan bij het gebruik van wasdrogers en daarbij wordt ook nog eens minder energie verbruikt.
Bovendien kunnen wol, zijde of fijne synthetische stoffen zonder problemen gedroogd worden. In tegenstelling tot het drogen van de was buiten blijft de was zachter en voelt prettiger aan op de huid.
Was kan ook gedroogd worden met luchtontvochtigers zonder wasdroog-functie. De luchtvochtigheidswaarde moet dan als volgt worden ingesteld:

Kastdroog: 46 % relatieve luchtvochtigheid
Strijkdroog: 58 % relatieve luchtvochtigheid
Licht gedroogd: 65 % relatieve luchtvochtigheid
Propaan (R290) als milieuvriendelijk koudemiddel in luchtonvochtigers
Jaarlijks worden door het gebruik van synthetische koudemiddelen miljoenen tonnen milieu-onvriendelijk C02 (broeikasgassen) uitgestoten. Daarom is het gebruik van alternatieve koelmiddelen voor ons het voornaamste doel. Doordat er bij deze luchtontvochtiger gebruik wordt gemaakt van propaan (R290) als koudemiddel wordt er een waardevolle bijdrage geleverd aan de bescherming van het milieu.
Het natuurlijke koudemiddel propaan (R290) is een organische verbinding en behoort tot de koolwaterstoffen. In tegenstelling tot synthetische koudemiddelen zorgt het milieuvriendelijke propaan (R290) noch voor aantasting van de ozonlaag (ODP = 0) noch voor een toename van het broeikas-effect (GWP = 3).
Nog een extra voordeel voor het milieu: dankzij de voortreffelijke thermodynamische eigenschappen is propaan (R290) een zeer energie-efficiënt koudemiddel waardoor aanzienlijk wordt bespaard op de kosten voor elektriciteit.
Voordelen in de praktijk:


Automatische hygrostaatgeregelde ontvochtiging instelbaar in stappen van 5 % binnen een bereik van 30 en 80 %




Zodra de gewenste luchtvochtigheid is bereikt, schakelt de compressor vanzelf uit. De ventilator loopt door. Bij overschrijding schakelt het apparaat automatisch weer aan.




Comfort-functie met automatische temperatuursafhankelijke regeling voor een optimaal binnenklimaat




LED-kleurenindicator van de daadwerkelijke luchtvochtigheid




Permanente modus




Weergave van de relatieve luchtvochtigheid




Wasdroog-functie




Gemakkelijk te bereiken luchtfilter, gemakkelijk te reinigen. Filtert dierenhaar, pluisjes en stof en voorkomt bacteriegroei




Timer-functie




Circulatie-ontdooi-automaat




Aansluiting voor externe condensafvoer




Twee ventilatiestanden




Indicatielampje bij vol waterreservoir




Overloopbescherming met automatische uitschakeling



Let op: specificaties kunnen zonder opgave van redenen in het belang van een lopende productverbetering door de fabrikant worden gewijzigd.
Aan de afbeeldingen van producten en eventueel getoonde specificaties of keurmerken kunnen geen rechten worden ontleend
"
158,TROTEC Luchtontvochtiger TTK 67 E,,Trotec,,"3,0",1,"359,95",,https://www.bol.com/nl/nl/p/trotec-luchtontvochtiger-ttk-67-e/9300000042454647/,12,"
Luchtontvochtiger TTK 67 EDeze comfort-luchtontvochtiger houdt de luchtvochtigheid in de ruimte op een ideaal niveau en beschermt zo tegen schimmelvorming en vochtschade.Met maar liefst vier verschillende bedrijfsmodi biedt de TTK 67 E voor elke droogtoepassing het juiste programma voor ontvochtiging op maat:
Voordelen in de praktijk:

Condens-luchtontvochtiger
Hygrostatgeregelde ontvochtigingsautomaat met streefwaardevoorkeuze tussen 30 en 80 % r.v. in stappen van 10 %
Zodra de gewenste luchtvochtigheidswaarde is bereikt, schakelt de compressor vanzelf uit. De ventilator loopt door. De weergave op het bedieningspaneel blijft aan. Bij overschrijding gaat het apparaat automatisch weer aan.
Modus voor automatisch bedrijf
Continubedrijf
Weergave van de relatieve luchtvochtigheid
Wasdroog-functie
Timer-functie
3 ventilatiestanden
Swing-functie voor gelijkmatige verspreiding van de lucht
Circulatie-ontdooi-automaat
Aansluiting voor externe condensafvoer

"
159,TROTEC Luchtontvochtiger TTK 75 E,,Trotec,,"4,1",7,"239,95",,https://www.bol.com/nl/nl/p/trotec-luchtontvochtiger-ttk-75-e/9200000039881309/,10,"
Bij dit droogapparaat hoeft u geen lange gebruiksaanwijzingen te bestuderen. Opstellen, inschakelen, ontvochtigingscapaciteit instellen, klaar. Na het in gebruik nemen, doet de TTK 75 E exact wat hij moet doen en dat behoorlijk goed.
Comfort met hoofdletter!
Deze comfort-luchtontvochtiger is uitgerust met een zeer krachtige ventilator, die grote luchthoeveelheden kan toevoeren aan de condensor voor het ontvochtigen. Daarom heeft de TTK 75 E een hoge circulatie-ontvochtigingsverhouding, waardoor hij een optimale oplossing biedt voor het drooghouden van grote binnenruimten.
Via het bedieningspaneel kunt u comfortabel en naar behoefte de gewenste luchtvochtigheid instellen, hierbij kan de voorgeselecteerde streefwaarde zeer eenvoudig worden afgelezen van het intuïtieve LED-display.
Auto-restart-functie
Door de automatische herstartfunctie (ook wel memory-functie genoemd) start het apparaat na een onverwachte uitschakeling door een stroomonderbreking weer opnieuw met de voorgeselecteerde instellingen, zodra de stroomvoorziening weer aanwezig is. Hierdoor is de luchtontvochtiger ook geschikt voor het gebruik met een tijdschakelklok.
Veilig voor uw was: drogen met behulp van een luchtontvochtiger
Behalve voor het ontvochtigen van de lucht in een ruimte kan een luchtontvochtiger ook eenvoudig worden ingezet voor het drogen van was - ter ondersteuning of compleet ter vervanging van een gebruikelijke wasdroger. De wasdroogfunctie (ook wel textieldroog-modus of superdry-functie genoemd) is vergelijkbaar met het traditioneel drogen van de was in de buitenlucht.
Luchtontvochtigers hebben als voordeel dat de was net als in de buitenlucht op een veilige manier wordt gedroogd. Kleuren blijven behouden en de kleding blijft langer mooi dan bij het gebruik van wasdrogers en daarbij wordt ook nog eens minder energie verbruikt.
Bovendien kunnen wol, zijde of fijne synthetische stoffen zonder problemen worden gedroogd. In tegenstelling tot het drogen van de was buiten blijft de was zachter en voelt prettiger aan op de huid.
Was kan ook gedroogd worden met luchtontvochtigers zonder wasdroogfunctie. De luchtvochtigheidswaarde moet dan als volgt worden ingesteld:
Kastdroog: 46 % relatieve luchtvochtigheid
Strijkdroog: 58 % relatieve luchtvochtigheid
Licht gedroogd: 65 % relatieve luchtvochtigheid
Propaan (R290) als milieuvriendelijk koudemiddel in luchtonvochtigers
Jaarlijks worden door het gebruik van synthetische koudemiddelen miljoenen tonnen milieu-onvriendelijk C02 (broeikasgassen) uitgestoten. Daarom stellen wij ons ten doel gebruik te maken van alternatieve koelmiddelen. Doordat er bij deze luchtontvochtiger gebruik wordt gemaakt van propaan (R290) als koudemiddel wordt er een waardevolle bijdrage geleverd aan de bescherming van het milieu.
Het natuurlijke koudemiddel propaan (R290) is een organische verbinding en behoort tot de koolwaterstoffen. In tegenstelling tot synthetische koudemiddelen zorgt het milieuvriendelijke propaan (R290) noch voor aantasting van de ozonlaag (ODP = 0) noch voor een toename van het broeikas-effect (GWP = 3).
Nog een extra voordeel voor het milieu: dankzij de voortreffelijke thermodynamische eigenschappen is propaan (R290) een bijzonder energiezuinig koudemiddel waardoor aanzienlijk wordt bespaard op de kosten voor elektriciteit.
Voordelen in de praktijk:


Hygrostaatgeregelde ontvochtigingsautomaat instelbaar tussen 30 en 90 % r.v.




Instelbare hygrostaat voor doorlopende bewaking van de relatieve luchtvochtigheid. Bij overschrijding wordt het apparaat automatisch geactiveerd. Zodra de gewenste luchtvochtigheid is bereikt, schakelt de compressor zelfstandig weer uit.




Comfortbedrijf voor temperatuursafhankelijke automatische regeling van de luchtvochtigheid voor een optimaal binnenklimaat op ieder moment




Continumodus




Automatische herstartfunctie voor gebruik met een externe schakelklok




Weergave van relatieve luchtvochtigheid




Goed toegankelijk luchtfilter, makkelijk te reinigen. Filtert dierenhaar, pluisjes, stof en voorkomt bacteriegroei




Wasdroogfunctie




Timerfunctie




Ontdooi-automaat met circulerende lucht




Aansluiting voor externe condensafvoer




3 ventilatorsnelheden




Waarschuwingslampje bij vol waterreservoir




Overloopbescherming met automatische uitschakeling


"
160,"Vochtvreter voor in Huis met Lavendel Geur - Inclusief Vochtmagneet Vulling - Vochtvanger voor Binnen - voor Badkamer, Woonkamer of Slaapkamer",,Family Pound,,,,"18,95",Op voorraad,https://www.bol.com/nl/nl/p/vochtvreter-voor-in-huis-met-lavendel-geur-inclusief-vochtmagneet-vulling-vochtvanger-voor-binnen-voor-badkamer-woonkamer-of-slaapkamer/9300000166304456/,2,"
Luchtontvochtiger voor verlaging van de luchtvochtigheid. De korrels in het apparaat voorkomen condensatie van vocht en schimmelvorming en zorgen zo voor een hygiënische omgeving in huis. Uitstekende, snelle efficiëntieHoog vochtabsorberend vermogenCompacte maatLavendel-geur Capaciteit: 500 ml / 250 gGeur: Lavendel-geurAfmeting: 150 x 85 x 105 mm
"
161,Luchtontvochtiger - Extreem Stil - 350ml/dag - Geschikt voor Huis / Slaapkamer & Badkamer,,Exclusive by TW,,"4,4",29,"69,95",Op voorraad,https://www.bol.com/nl/nl/p/luchtontvochtiger-extreem-stil-350ml-dag-geschikt-voor-huis-slaapkamer-badkamer/9300000135269950/,9,"
Wil jij jouw meubels beschermen, allergenen tegengaan en vrijer kunnen ademen op een gemakkelijke en snelle wijze? De Exclusive by TW luchtontvochtiger pakt de vochtproblemen bij de bron aan! De ontvochtiger is speciaal ontworpen met de nieuwste technologie en het beschikt over de slimste sensoren, waardoor je automatisch vocht uit je woonkamer, kelder of slaapkamer verdwijnen. Dit zorgt ervoor dat je voor eens en altijd gedag kan zeggen tegen vochtplekken, klamme ruimtes en onnodige schimmel. Extra krachtig en compactDeze luxe dehumidifier verwijderd tot wel 350 ML aan vocht per dag en transformeert jouw ruimte tot een goed gereinigde oase. Daarnaast is de luchtontvochtiger van Exclusive by TW compact en licht van gewicht. Hierdoor kan je de luchtontvochtiger eenvoudig verplaatsen en opbergen. Ruim reservoirDe luchtontvochtiger is voorzien van een ruime watertank van 1000 ml zodat je het opvangbakje niet steeds leeg hoeft te gieten. Is de tank vol? Geen probleem, het apparaat schakelt zichzelf automatisch uit. Gooi de tank inhoudt leeg en klaar is kees! Jouw voordelen  Waterreservoir met een inhoudscapaciteit van 1 liter Verwijderd tot wel 350 ml vocht per dag Zeer gebruiksvriendelijk en handzaam Voorzien van de nieuwste technologie Laag energieverbruik Geruisloos en muisstil in gebruik Volledig automatisch vocht verwijderen uit je woonkamer, slaapkamer of kelder 7 sfeervolle LED Kleuren  Geruisloos en fluisterstilDeze reinigende ontvochtiger is uitgerust met een ingebouwde motor, welke weinig tot geen geluid maakt. Dit zorgt ervoor dat het volledig automatisch zijn werk doet zonder dat je tussentijds zal worden gestoord. Hierdoor hoeft je enkel het apparaat in de slaapkamer plaatsen zonder dat het je nachtrust zal verstoren. Voor ruimtes van 10m² tot 25m².Voor het beste resultaat plaats je de luchtontvochtiger in een ruimte tussen 10m² tot 25m². Gebruik hem dus in kleine ruimtes zoals de bijkeuken, maar ook in grotere ruimtes zoals de slaapkamer! De gewenste kamertemperatuur is tussen 8°C en 40°C. De luchtontvochtiger zal niet goed werken bij kamertemperaturen onder 5°C of onder 45% luchtvochtigheid. Er zit dan te weinig vocht in de lucht. Druk op ‘in winkelwagen’ en zeg gedag tegen vocht in je woonkamer, slaapkamer of kelder en geniet van een frisse lucht.
"
162,Clean Air Optima® CA-704 - 2in1 Luchtontvochtiger en Luchtreiniger - 12 liter/dag - Automatische ontvochtiging - 5 voudige filtertechnologie - Bijzonder geluidsarm,,Clean Air Optima,,"4,6",157,"299,-",,https://www.bol.com/nl/nl/p/clean-air-optima-ca-704-2in1-luchtontvochtiger-en-luchtreiniger-12-liter-dag-automatische-ontvochtiging-5-voudige-filtertechnologie-bijzonder-geluidsarm/9200000019689722/,14,"
2 in 1: Luchtontvochtiger & luchtreiniger Clean Air Optima® CA-704• Ontvochtigingscapaciteit tot 12 liter / dag• Werkt preventief tegen schimmelvorming, roest en schade door vocht• Vijf filtertechnologieën voor effectieve luchtreiniging• Ondersteuning wasdroging• Ultrastille werking• Geschikt voor ruimtes tot: 40m²/100m³Multifunctionele luchtontvochtiger CA-704 voor een optimaal binnenklimaatVoor een optimaal binnenklimaat is de luchtvochtigheid doorslaggevend. De door medisch specialisten geadviseerde optimale luchtvochtigheid in gesloten ruimtes ligt in het bereik van 40 tot 60% relatieve luchtvochtigheid.Is de lucht in binnenruimtes te vochtig dan kan de levenskwaliteit door schimmelsporen, allergenen en ademweg problemen sterk nadelig beïnvloedt worden.Optimale luchtvochtigheid essentieel voor gezondheid en schadepreventieToepassing van de multifunctionele Clean Air Optima luchtontvochtiger CA-704 met 2in1 systeem voor luchtontvochtiging & luchtreiniging werkt preventief ter voorkoming van hoge luchtvochtigheid en allesvernietigende corrosie, schadelijke condensatie, ijs- en schimmelvorming, verhindert ongewenste bacteriegroei, reduceert geuroverdracht en is effectief voor bouwdroging bij bestaande of nieuwbouw.
De krachtige Clean Air Optima condensatie - luchtontvochtiger CA-704 bind de strijd aan met roest en schimmel!Naast de indamming van schimmelsporen bevrijdt deze multifunctionele luchtontvochtiger CA-704 van Clean Air Optima de binnenlucht van lastige dierharen, pollen en stof door de geïntegreerde continu werkende en zeer effectieve luchtreiniger functie met vijfvoudige filtertechniek.Allergie patiënten kunnen eindelijk weer gezond doorademen!Door de slanke, getailleerde belijning in het exclusieve design en de neutrale kleurstelling past deze compacte ontvochtiger in elk interieur.De Clean Air Optima condensatie - luchtontvochtiger CA-704 is door de ingebouwde hygrostaat geschikt voor automatische luchtontvochtiging. Enkel de gewenste luchtvochtigheid instellen en deze efficiënte luchtontvochtiger doet de rest.Luchtontvochtiger CA-704: een vier jaargetijden systeemMet de 2in1 functie voor luchtontvochtiging en luchtreiniging zorgt de CA-704 het hele jaar door voor een optimaal binnenklimaat: Wanneer de ingestelde relatieve luchtvochtigheid is bereikt stopt de ontvochtiging, maar de luchtreiniging blijft actief. Met de continu luchtreiniger functie bevrijdt de multifunctionele Clean Air Optima CA-704 het hele jaar door de binnenlucht van allergenen, schimmelsporen, lastige dierharen, pollen stof en geuren. Binnenlucht ontvochtigen door condensatie techniekDe compacte en supersterke Clean Air Optima condensatie - luchtontvochtiger CA-704 met 2in1 systeem voor luchtontvochtigen en luchtreinigen onttrekt aan binnenruimtes tot 40m²/100m³ het overtollige vocht met een capaciteit tot 12 liter / dag (30°C/Rv80%) en beschermt actief voor het ontstaan van schimmelvorming, vlekken, corrosie en moddergeur. Daardoor word ook de bouwsubstantie en nog belangrijker uw gezondheid beschermd.De condensatiedroger is het type luchtontvochtiger dat het meest gebruikt wordt en de CA-704 kan ingezet worden in een groot temperatuurbereik tussen de 5 en 32°C.Vijf filtertechnologieën voor effectieve luchtreiniging1. VoorfilterVoorfilter vangt grote stofdeeltjes zoals: pluisjes, haren en huidschilfers van huisdieren.2. Actief KoolstoffilterActiefkool neutraliseert rook, chemicaliën, gassen en geuren, voorkomt de groei van bacteriën, virussen en schimmels3. TRUE HEPA H13 filter met nano zilver coating Zuivert 99,97% van alle zweefstoffen tot 0,3 micrometer (0,3 µm) uit de lucht. Het HEPA filter is het meest effectieve luchtfilter voor het verwijderen van: • (fijn)stof, sigarettenrook, pollen• allergenen• alle andere vaste deeltjesDe antibacteriële laag van nano zilver coating op het filter elimineert bacteriën en schimmels. 4. UV lampHet ultraviolette licht van de permanente lamp (UV-C straling) met een golflente van 254nm doodt gezondheidsschadelijke micro-organismen zoals: kiemen, virussen, schimmels (schimmelsporen) en bacteriën. Van al het licht heeft UV licht de hoogste frequentie, de kortste golflengte en bevat daardoor de hoogste hoeveelheid aan energie die door haar straling de buitenzijde membraam van het organisme doorboort en de DNA vernietigt. Met wereldwijd duizenden geïnstalleerde apparaten van dit type heeft de geïntegreerde UV – technologie bewezen, dat UV straling hoogeffectief is tegen pathogene virussen, bacteriën en eencellige. Door de toepassing van UV licht kunnen microbiologische inactiverende percentages van 99,99% en hoger bereikt worden.5. IonisatorCapaciteit 3.000.000 negatieve ionen / cm³ die in de gehele ruimte verspreid worden en daardoor schadelijke stoffen en geuren neutraliseren. De ionisator produceert negatieve ionen voor het reinigen van de binnenlucht en het verrijken met actief zuurstof. Onaangename geuren worden geneutraliseerd en schadelijke stoffen uit de lucht gezuiverd. Negatieve ionen hebben bovendien een sterke antistatische werking.Ingebouwde hygrostaat voor automatische luchtontvochtiging. Kleurenmonitor voor aanduiding relatieve luchtvochtigheid.De Clean Air Optima condensatie - luchtontvochtiger CA-704 is voorzien van een ingebouwde hygrostaat voor het meten, controleren en automatisch regelen van de relatieve luchtvochtigheid. De gewenste luchtvochtigheid kan ingesteld worden tussen 35 en 80% relatieve luchtvochtigheid. Deze luchtontvochtiger is standaard voorgeprogrammeerd op het bereiken van de door medici geadviseerde optimale relatieve luchtvochtigheid van 55%. Bij instelling van de minimum te bereiken waarde van 35% volgt continubedrijf, waarbij het apparaat pas stopt bij de automatische afslag door een volle watertank.
Het doordachte design communiceert de luchtvochtigheid ook via de ronde kleurenmonitor aan de voorzijde van het apparaat.BLAUW = droge lucht bereik = <53%GROEN = aangenaam bereik = 53% - 68%ROOD = hoge relatieve luchtvochtigheid = >68% Kenmerken en voordelen• Automatische ontvochtiging op programma door ingebouwde hygrostaat• Inclusief afvoerslang 10mm rond en 1 meter lang voor continu waterafvoer• Werkt preventief tegen schimmelvorming, roest en schade door vocht• Verwijdert muffe geuren• Groot temperatuur inzetbereik van 5 °C tot 32 °C
Vijf filtertechnologieën voor effectieve luchtreiniging:1. Voorfilter vangt grote stofdeeltjes en pluizen2. Actiefkoolstoffilter neutraliseert geuren en gassen3. TRUE HEPA H13 filter met nano zilver coating zuivert 99,97% van alle zweefstoffen tot 0,3 micron (0,3 µm) uit de lucht 4. Permanente UV lamp elimineert kiemen, virussen, schimmels en bacteriën5. Ionisator reinigt en verfrist de binnenlucht met 3.000.000 neg.ionen/cm³• Oscillatieklep met swingfunctie voor ondersteuning luchtcirculatie• Ondersteunt wasdroging• Elegant en compact design• Comfortabele bediening door ingebouwde hygrostaat• LED functieaanduiding• Bediening door tiptoetsen in het display• Stopt automatisch met LED signaal bij volle tank• Timer voor in / uitschakelmoment apparaat (0-24h)• 3 Standen regelbare ventilator• sensor gestuurde ontdooi functie• Automatische herstart na ontdooien of stroomonderbreking• Geschikt voor continu gebruik zonder toezicht• Gemakkelijk te verplaatsen door praktische handgreep en robuuste wieltjes• Praktisch onderhoudsvrij!• Eenvoudige filterreiniging: permanent voorfilter 2x per maand stofzuigen• Actiefkoolstoffilter na 3 - 6 maanden vervangen• TRUE HEPA H13 filter met nano zilver coating na 3 - 6 maanden vervangen • Bijzonder geluidsarm• Laag energieverbruik• 260 Watt ventilator hoog en 165 Watt ventilator laag• Optimale prijs / prestatieverhouding
Toepassingsvoorbeelden Door de slanke, getailleerde belijning in het exclusieve design, de neutrale kleurstelling in ivoorwit / zwart en de stille werking is de compacte luchtontvochtiger en luchtreiniger CA-704 inzetbaar in elk interieur. De elektrische ontvochtiger CA-704 is geschikt voor het verwijderen van vocht in de woon- en slaapkamer, kinderkamer, kantoren, openbare gebouwen, sport - en fitnesscentrum, wellnessruimte, bedrijfsruimtes, woonboerderijen, industrie, opslagruimten of musea en is geschikt voor wasdrogen, gebruik in vakantiewoningen, campers en caravans.
Vervangen van filtersDe Clean Air Optima CA-704 is uitgerust met een bewakingsmechanisme voor de levensduur van het filter, dat aangeeft dat het filter (HEPA + Actief Koolstoffilter) na 500 werkuren moet worden vervangen. Om aan te geven dat het filter moet worden vervangen, begint het controlelampje dubbel nul van de luchtontvochtiger te knipperen. Reset de timer voor het filter door de droge kleding knop (Laundry Mode) ongeveer 3 seconden ingedrukt te houden. Als het controlelampje uitgaat, is de timer met succes gereset.Vervanging Actief Koolstoffilter + True HEPA H13 Filter na 3-6 maanden.
"
163,Luchtontvochtiger Slaapkamer - Vochtvreter Elektrisch - 2 in 1 Luchtontvochtiger Badkamer en Slaapkamer - Wit - Duurzaam,,Thuys,,,,"99,95",,https://www.bol.com/nl/nl/p/slaapkamer-vochtvreter-elektrisch-2-in-1-luchtontvochtiger-badkamer-en-slaapkamer-wit-duurzaam/9300000164960172/,8,"
Heeft u last van vochtproblemen in uw huis, vooral in de slaapkamer, kast, kantoor of keuken? Bent u op zoek naar een efficiënte manier om vocht en schimmel te bestrijden? Maak kennis met onze 2-in-1 Luchtontvochtiger - uw trouwe metgezel voor een gezondere leefomgeving!   Plus- en minpunten: + Krachtige ontvochtiging tot 450 ml per dag + Negatieve ionenzuivering voor luchtkwaliteitsverbetering + Energiezuinig ontwerp met slechts 40W vermogen - Vereist stroomtoevoer via stopcontact   Productspecificaties: • Kleur: Wit • Afmetingen: 15 x 15 x 24 cm • Gewicht: 1,2 kg • Wattage: 40 watt • Geluidsniveau: 37 dB • Speciale kenmerken: Stille werking, Timer, Draagbaar • Batterijen inbegrepen: Nee • Batterijen vereist: Nee   Waarom is onze 2-in-1 Luchtontvochtiger de juiste keuze?   Krachtige Ontvochtiging Onze luchtontvochtiger is uw krachtige bondgenoot tegen vochtproblemen. Met een royale watertank van 1000ml verwijdert het snel en effectief tot 450ml vocht per dag, zelfs bij een temperatuur van 30°C en een luchtvochtigheid van 80%. Dit betekent minder kans op schimmelgroei en een gezondere omgeving voor uw gezin.   Luchtkwaliteitsverbetering Naast ontvochtigen, zuivert onze luchtontvochtiger ook de lucht met negatieve ionenzuivering. Het verwijdert luchtpolluenten en voorkomt de groei van schimmel en mijten, wat de algehele gezondheid van uw huis ten goede komt.   Energiezuinig Ontwerp In vergelijking met traditionele compressorontvochtigers is onze compacte luchtontvochtiger uitgerust met halfgeleidercondensatietechnologie, waardoor hij maximaal vocht uit de lucht haalt met minimaal energieverbruik. Met slechts 40W stroomverbruik is hij vriendelijk voor uw energierekening en het milieu.   Multifunctioneel en Fluisterstil Met een geluidsniveau van minder dan 40 decibel kan onze luchtontvochtiger zonder problemen draaien terwijl u slaapt, werkt, studeert of ontspant. Hij is ideaal voor slaapkamers, keukens, badkamers, kantoren, caravans, kelders en slecht geventileerde ruimtes.   Kinderveiligheid en Timerfunctie U kunt de timer instellen van 1 tot 12 uur, zodat de luchtontvochtiger automatisch uitschakelt wanneer u dat wilt. Bovendien is het apparaat voorzien van een kinderslot om onbedoelde aanraking door huisdieren of kinderen te voorkomen, waardoor het extra veilig is voor uw gezin.   Ruime Ervaring in de luchtreinigingsbranche Wij werken al geruime tijd in de luchtreinigingsbranche en hebben daarom een zeer uitgebreide kennis van de eisen waaraan een kwalitatief goede luchtontovochtiger moet voldoen. Kwaliteit staat dan ook hoog bij ons in het vaandel en wij vinden het belangrijk dat u optimaal kunt genieten van de nieuwste luchtontovochtiger voor bijvoorbeeld de slaapkamer.   Wat zit er in de doos: • 1x 2-in-1 Luchtontvochtiger  • 1x EU Adapter • 1x Handleiding   Wacht niet langer! Bestel vandaag nog onze 2-in-1 Luchtontvochtiger en zorg voor een comfortabele, gezonde leefomgeving in uw huis. Adieu vochtproblemen, hallo frisse lucht!
"
164,Klarstein Luchtontvochtiger Elektrisch Tot 20M2 - Slimme Luchtontvochtiger Voor Woning - Badkamer & Kelder - Geruisloos - Elektrische Ontvochtiger Met Wifi Iot App - 20 L Capaciteit - Antraciet,,Klarstein,,,,"203,39",,https://www.bol.com/nl/nl/p/klarstein-luchtontvochtiger-elektrisch-tot-20m2-slimme-luchtontvochtiger-voor-woning-badkamer-kelder-geruisloos-elektrische-ontvochtiger-met-wifi-iot-app-20-l-capaciteit-antraciet/9300000167674214/,8,"
De eenvoudigste weg naar de ideale luchtvochtigheid: De Klarstein DryFy Connect 20luchtontvochtiger met wifi interface droogt vochtige ruimtes na constructie, renovatie of waterschade of regelt ongecompliceerd de luchtvochtigheid in de keuken, bad- of slaapkamer. Met een luchtcirculatie van 170 m³ per uur onttrekt hij tot 20 liter vocht per dag - daarmee is de  Klarstein DryFy Pro Connect 20 luchtontvochtiger ideaal voor ruimtes van 20 tot 30 m². Een grote tank van 4 liter vangt het water op en kan dankzij de alarmfunctie en automatische uitschakeling wanneer de tank vol is, altijd weer tijdig worden geleegd. Dankzij de wifi interface kun je het apparaat handig via de Klarstein app bedienen, programmeren met een timer en vooraf de gewenste luchtvochtigheid bepalen. Een perfecte luchtvochtigheid bereiken is eenvoudiger dan ooit: De Klarstein DryFy Pro Connect 20 ontvochtiger zorgt voor de beste lucht om in te ademen.  Eigenschappen:  Ideale luchtvochtigheid: 20 liter / 24 uur ontvochtigingsvermogen  Lange looptijd: watertank van 4 liter met alarmfunctie  Smart dankzij wifi: comfortabele bediening via de Klarstein-app  Programmeerbaar: doelgerichte luchtvochtigheid en timer  Voor 20 tot 30 m²: voor 170 m³/h luchtcirculatie Omvang Levering:   1 x Luchtontvochtiger 1 x Waterafvoerslang Meertalige gebruikershandleiding  Afmetingen:   Afmetingen: ca. 38 x 58,5 x 20,5 cm (BxHxD) Lengte kabel: ca. 170 cm Gewicht: ca. 15,4 kg  Artikelnummer: 10045550
  "
165,"Comfee MDDF-16DEN7 WF Luchtontvochtiger - 16L/Dag - 80m³ (32m²) - Energiezuinig- Voor Huis, Kamer, Badkamer & Kelder",,Comfee,,,,"205,-",,https://www.bol.com/nl/nl/p/comfee-mddf-16den7-wf-luchtontvochtiger-16l-dag-80m-energiezuinig-voor-huis-kamer-badkamer-kelder/9300000171146138/,6,"
 KRACHTIGE EN STILLE ONTHUIMIDATIE: De Comfee MDDF-16DEN7 WF luchtontvochtiger kan tot 16 liter per dag opnemen (30℃, RH80%), met een verwijderbaar reservoir van 3 liter; Geschikt voor kelder, woonkamer, kantoor en studeerkamer, dekking 32m². 3 ventilatieniveaus met een maximaal luchtdebiet van 166 m³/u. APP CONTROL: Dit apparaat kan via Bluetooth worden verbonden met je smartphone of tablets; gebruikers kunnen dus met enkele muisklikken het gewenste vochtigheidsniveau (instelbereik vochtigheid: 35% - 85%) en de timer instellen op hun slimme apparaten. En deze parameters zijn zichtbaar op het LED-paneel. INTELLIGENT ONTHUIMIDIGEN EN KLEDENDROGEN: deze ontvochtigerlucht is uitgerust met een ingebouwde vochtigheidssensor die de vochtigheidsgraad in realtime kan controleren en de vochtigheidsgraad binnenshuis tussen 45% en 55% kan houden, wat aangenaam is voor ons leven; Continue afvoer, niet alleen ontvochtiging, goede assistent voor het drogen van kleding, uw andere wasdroger. GEBRUIKERSGESPECENTREERD ONTWERP EN EENVOUDIGE BEDIENING: dit compacte apparaat bespaart ruimte en heeft verschillende nuttige functies, zoals een alarm voor vol water en automatische ontdooiing, met als doel een betere gebruikerservaring te bevorderen. LAAG VERBRUIK EN ECOLOGISCH: Met ecologisch koelmiddel R290 is deze compressorontvochtiger ecologisch, bespaart energie en verbruikt 320W. 
"
166,"Olimpia Splendid Aquaria S1 20 P, 390 W, 515 W, 220-240 V, 50 Hz, 367 mm, 274 mm",,Olimpia Splendid,,,,"249,-",,https://www.bol.com/nl/nl/p/olimpia-splendid-aquaria-s1-20-p-390-w-515-w-220-240-v-50-hz-367-mm-274-mm/9300000059181163/,6,"
De meest complete luchtontvochtiger: naast het voorfilter en het actief-koolstoffilter is de Olimpia Splendid Aquaria S1 20P, uitgerust met een HEPA-filter met een efficiënte luchtreiniging tot 0.3 micron deeltjes. En met een touchscreen-paneel en ingebouwde Wi-Fi biedt de Olimpia Splendid Aquaria S1 20P nauwkeurige bediening. De Olimpia Splendid Aquaria S1 20P kan tot 20 liter per dag ontvochtigen.  80 m2 ontvochtigen Capaciteit: 20 liter water/dag Energiezuinig Compatibel met app  Productbeschrijving: Olimpia Splendid Aquaria S1 20P - Luchtontvochtiger DRIE FILTERSTAPPEN Schonere lucht dankzij het antistof- en antipollenfilter, het actieve koolstoffilter dat onaangename geuren elimineert en het HEPA-filter met een efficiëntie op microdeeltjes. GEÏNTEGREERDE WIFI Door de Olimpia Splendid 'app' te downloaden, kan de luchtontvochtiger via de smartphone of tablet worden bediend, zelfs buitenshuis. Functies  Ontvochtigingscapaciteit tot 20 liter per dag Voor ruimtes tot 80 m² Watertank capaciteit van vijf liter Laag geluidsniveau van 38 dB(A) Gemotoriseerde uitblaasklep Ruimtetemperatuur en luchtvochtigheid indicator 1-24 uur timer Semi-transparante afneembare watertank met handvat Drie ventilator snelheden: laag / midden / hoog Wasdroog functie Automatisch ontdooien Kinderslot Wielen voor transport Volle watertank alarm Ergonomische handvaten 
"
167,TROTEC Luchtontvochtiger TTK 75 ECO,,Trotec,,,,"374,95",,https://www.bol.com/nl/nl/p/trotec-luchtontvochtiger-ttk-75-eco/9200000039881305/,14,"
    Omdat de TTK 75 ECO beschikt over een robuuste metalen behuizing, vormen ruwe omstandigheden geen enkel probleem voor deze luchtontvochtiger.Op de plaats van bestemming wordt de TTK 75 ECO gewoon ingeschakeld waarna hij direct klaar is voor gebruik. Hij onttrekt meteen een indrukwekkende hoeveelheid vocht aan de lucht - en dankzij de automatische heetgasontdooiing ook bij lage temperaturen in onverwarmde ruimten.Met behulp van de externe condensafvoer en de optioneel verkrijgbare condenspomp is de TTK 75 ECO bovendien geschikt voor langdurige, onbeheerde droogwerkzaamheden, waarvan de gebruiksduur door middel van de geïntegreerde bedrijfsurenteller exact kan worden vastgelegd - bijzonder praktisch voor bedrijfsmatige of commerciële toepassing.* Bijzonder voordelige oplossing voor typisch commerciële of bedrijfsmatige ontvochtgingswerkzaamheden* Hoog ontvochtigingsvermogen, ook bij lage temperaturen* Robuuste stalen constructie* Dankzij de rolcompressor in elke positie te transporteren en op te slaan* Automatische heetgasontdooiing
"
168,Meaco luchtontvochtiger Platinum ECO20,,Meaco,,"5,0",3,"329,-",,https://www.bol.com/nl/nl/p/meaco-luchtontvochtiger-platinum-eco20/9200000063599841/,6,"
    Voor het bestrijden van schimmel, condens en vocht in een grotere ruimte is de Meaco Platinum20 ECO een zeer geschikte luchtontvochtiger. Met een ontvochtigingscapaciteit van 20 liter per dag en een energieverbruik van slechts 255 Watt is deze ontvochtiger uitermate efficiënt.De relatieve vochtigheid wordt digitaal weergegeven en de hygrostaat is instelbaar vanaf 30 tot 80 % relatieve vochtigheid in stappen van 5%. De uitblaasopening is verschuifbaar, bijvoorbeeld in de richting van wasgoed dat moet drogen. Daarnaast is deze ontvochtiger voorzien van een timer die instelbaar is van 1 tot 24 uur timer, een sterke handgreep om de ontvochtiger te verplaatsen, en kinderslot.Dankzij het unieke Meaco regelmechanisme schakelt de ontvochtiger uit nadat de ingestelde relatieve vochtigheid is bereikt. Elk half uur wordt gecontroleerd of de relatieve vochtigheid is gestegen. Hiervoor wordt alleen de ventilator gestart. Is de relatieve vochtigheid gestegen, dan start het ontvochtigingsproces.Standaard wordt de ontvochtiger geleverd met één HEPA-filter voor schonere lucht.
  "
169,TROTEC Peltier luchtontvochtiger TTP 5 E,,Trotec,,"2,6",8,"54,95",,https://www.bol.com/nl/nl/p/trotec-peltier-luchtontvochtiger-ttp-5-e/9200000088319810/,7,"
Peltier Luchtontvochtiger TTP 5 EInnovatieve droogtechnologie voor kleinere ruimtes De uiterst compacte Peltier ontvochtiger overtuigt met zijn innovatieve thermo-elektrische technologie en een bescheiden uitstraling, waarmee het apparaat eenvoudig aan omstandigheden van de binnenruimtes kan worden aangepast.Met een ontvochtigingscapaciteit van 300 ml per dag houdt de TTP 5 E kleinere ruimtes tot 6 m², zoals kleding- en schoenenkasten of opslagruimtes betrouwbaar droog. Speciaal bij vochtgevoelige plekken in de woning, maar ook in kleine sanitaire ruimtes zonder raam, haalt de luchtontvochtiger overtollig vocht uit de ruimte en voorkomt zo schimmelgroei. De werking is niet alleen op een energiezuinige manier geoptimaliseerd, maar ook dankzij het Peltier-element fluisterstil, verstoort het apparaat de nachtrust niet. Bovendien scoort het TTP-apparaat met zijn gebruiksgemak: sluit de stekker aan op het stroomnet, schakel in en u bent klaar.Een niveauwaarschuwingslampje waarschuwt op tijd wanneer de tank vol is en de overvulbeveiliging met automatische uitschakeling voorkomt overloop van de 0,7 liter watertank. Dankzij de geïntegreerde luchtreinigingsfunctie filtert de TTP 5 E dierenharen, pluisjes en stof uit de lucht.Praktische details van de TTP 5 E

Voor het drooghouden van slecht geventileerde ruimtes, zoals inloopkasten, sanitaire ruimtes zonder raam of voorraadkasten
Hoge flexibiliteit door extra compacte bouwwijze
Modern thermo-elektrisch Peltier-element (zonder compressor en koelmiddel)
Luchtreinigingsfunctie – filtert dierenharen, pluisjes en stof
Waarschuwingslampje bij vol waterreservoir
Automatische uitschakeling bij vol waterreservoir
Aantrekkelijk, compact design
Met transparant waterrerservoir
Bedrijfswaarschuwingslampje
Fluisterstil
Energiezuinig dankzij gering stroomverbruik

De gedetailleerde technische gegevens:

Ontvochtigingscapaciteit max.: (l/24h): 0,3
Aanbevolen voor ruimtes tot: 6 m² / 15 m³
Netaansluiting: 100 - 240 V/50 - 60 Hz
Nominaal stroomverbruik: 2,5 A
Opgenomen vermogen: 0,023 kW
Kabellengte: 1,5 m
Waterreservoir (Inhoud): 0,7 l
Geluidsniveau (Afstand 1m): 35 dB(A)
Afmetingen (LxBxH): 100x160x260 mm
Gewicht: 1,5 kg


Let op: specificaties kunnen zonder opgave van redenen in het belang van een lopende productverbetering door de fabrikant worden gewijzigd.
Aan de afbeeldingen van producten en eventueel getoonde specificaties of keurmerken kunnen geen rechten worden ontleend
"
170,"Comfee Luchtontvochtiger- 40m² - 20L/Dag - Vochtvreter - Ontvochtigerlucht - Luchtontvochtiger slaapkamer,woonkamer,badkamer - Wit - Dehumidifier",,Comfee,,,,"249,-",,https://www.bol.com/nl/nl/p/comfee-luchtontvochtiger-40m-20l-dag-vochtvreter-ontvochtigerlucht-luchtontvochtiger-slaapkamer-woonkamer-badkamer-wit-dehumidifier/9300000171255127/,8,"
KRACHTIGE EN STILLE ONTHUIMIDATIE: De Comfee MDDF-20DEN7 WF luchtontvochtiger kan tot 20 liter per dag absorberen (30℃, RH80%), met een verwijderbaar reservoir van 3 liter. Geschikt voor kelder, woonkamer, kantoor en studeerkamer, dekking 40m². 3 ventilatieniveaus met een maximaal luchtdebiet van 166 m³/u. APP CONTROL: Dit apparaat kan via Bluetooth worden verbonden met je smartphone of tablets. Daarom kunnen gebruikers het gewenste vochtigheidsniveau (instelbereik vochtigheid: 35% - 85%) en de timer instellen op hun slimme apparaten met een paar klikken. En deze parameters zijn zichtbaar op het LED-paneel. INTELLIGENT DEHUMIDIFICEREN EN KLEDINGENDROGEN: Deze ontvochtigerlucht is uitgerust met een ingebouwde vochtigheidssensor die de vochtigheidsgraad in realtime kan controleren en de luchtvochtigheid binnenshuis tussen 45% en 55% kan houden, wat aangenaam is voor het leven. Continue afvoer, niet alleen ontvochtiging, goede assistent voor het drogen van kleding, uw andere wasdroger. EENVOUDIGE BEDIENING EN EENVOUDIG VERVOER: Vier grote 360° multidirectionele wielen zorgen voor een grote bewegingsvrijheid. Dit compacte apparaat bespaart ruimte en heeft verschillende handige functies, zoals vol water alarm, automatisch ontdooien, met als doel een goede gebruikerservaring te bevorderen. LAAG VERBRUIK EN ECOLOGISCH: Met ecologisch koelmiddel R290 is deze compressorontvochtiger ecologisch, bespaart energie en verbruikt 360W. 
"
171,Malatec elektronische Luchtontvochtiger - Vochtvanger - 800ml - zwart,,Malatec,,,,"47,85",,https://www.bol.com/nl/nl/p/malatec-elektronische-luchtontvochtiger-vochtvanger-800ml-zwart/9300000123058324/,6,"
Malatec Elektronische Luchtontvochtiger - Efficiënte Vochtvanger met Waterafvoerslang De Malatec Elektronische Luchtontvochtiger is een krachtige en stille oplossing voor het verwijderen van overtollig vocht in uw huis of kantoor. Deze efficiënte vochtvanger, uitgevoerd in stijlvol zwart, werkt op basis van Peltier-technologie en is ideaal voor het creëren van een gezondere leefomgeving. Extreem Efficiënt: Deze unieke luchtontvochtiger vangt en verwijdert effectief water dat in de lucht is opgehoopt. Met een capaciteit om tot 330 ml gecondenseerd water per dag te verwerken, zorgt dit apparaat voor de juiste luchtvochtigheid in uw huis. Stille Werking: Dankzij de Peltier-technologie werkt deze luchtontvochtiger extreem stil, waardoor het ideaal is voor gebruik in ruimtes waar stilte gewenst is, zoals slaapkamers. Capaciteit Tank + Afvoerslang: Met een watertankcapaciteit van 800 ml kan de dehumidifier tot 64 uur werken zonder dat u het water hoeft te legen. De automatische uitschakelfunctie na het vullen van de tank en de meegeleverde afvoerslang verhogen het gebruiksgemak. Energiebesparend: De luchtontvochtiger heeft een laag energieverbruik van slechts 22.5W, waardoor hij economisch en milieuvriendelijk is. Specificaties:  Kleur: Zwart Materiaal: ABS + Aluminium + AS + PVC Efficiëntie: 300ml per dag Watertankcapaciteit: 800ml Mogelijkheid tot waterafvoer via slang: Ja Voltage: 100-240V Voeding: 9V Vermogen: 22.5W Automatische uitschakeling: Ja Werkingsmodus: Peltier-systeem Geschikt voor: Thuis, kantoor, etc. Afneembare watertank Afmetingen: 22.5/16/14 cm Slanglengte: 100 cm Kabellengte: 1.45 m Gewicht: 1.132 kg Gewicht met verpakking: 1.392 kg  Inbegrepen:  Luchtontvochtiger Afvoerslang Oplader  Zoekwoorden: Elektronische Luchtontvochtiger, Malatec Vochtvanger, Peltier Luchtontvochtiger, Stille Dehumidifier, Energiezuinige Vochtabsorber, Thuis Luchtontvochtiger, Kantoor Dehumidifier, Zwart Vochtverwijderaar, Gezondheidsvriendelijke Luchtontvochtiger.
"
172,Duurzame CECOTEC BIGDRY 2500 essential 360 luchtontvochtiger wit | lucht/vocht reiniger,,Cecotec,,,,"68,-",,https://www.bol.com/nl/nl/p/duurzame-cecotec-bigdry-2500-essential-360-luchtontvochtiger-wit-lucht-vocht-reiniger/9200000128365208/,14,"
   Bent u opzoek naar een duurzame lucht ontvochtiger waardoor u in huis of op kantoor weer in een prettige en frissen omgeving leeft? Dan bent u bij dit product van CECOTEC aan het juiste adres.   Deze luchtontvochtiger zorgt ervoor dat u minder kans heeft op ziektes of dat het meubilair wordt aangetast. De automatische uitschakeling zorgt ervoor dat het artikel niet kan overstromen en dat het laag in verbruik is.Voordelen:1.) Duurzaam product.2.) Voorkomen van ziektes en schade aan meubilair.3.) Automatisch uitschakelen.4.) Grote ontvochtigingscapaciteit.5.) Trendy design.6.) Tot ruimtes van 25M2.Dit product maakt zowel weinig tot geen geluid waardoor het goed te gebruiken is tijdens het werk of bijvoorbeeld in een baby slaapkamer.Kenmerken:Kleur: witWaarborgsom: 2 LDiscreet stilBereik: 25 m²Filter: verwijderbaarAutomatische uitschakeling
  "
173,Huis Ontvochtiger - Ontvochtiger - 1000ML - Elektrische LED - Vochtabsorberend - Draagbaar en Stil voor Slaapkamer - Badkamer - Automatische Ontdooiing/Uitschakeling - Tegen Schimmel en Vocht - Garage - Kast,,Merkloos,,"4,0",1,"94,95",,https://www.bol.com/nl/nl/p/huis-ontvochtiger-ontvochtiger-1000ml-elektrische-led-vochtabsorberend-draagbaar-en-stil-voor-slaapkamer-badkamer-automatische-ontdooiing-uitschakeling-tegen-schimmel-en-vocht-garage-kast/9300000146239931/,6,"
De Ontvochtiger is een krachtig apparaat dat helpt bij het absorberen van overtollig vocht in huis. Het is ideaal voor het gebruik in vochtige ruimtes zoals de badkamer, keuken, kelder of slaapkamer. Hieronder volgen enkele voordelen van dit product:   Vermindert schimmel en allergieën: Overtollig vocht kan leiden tot schimmelgroei en allergieën veroorzaken. De Ontvochtiger helpt bij het verminderen van schimmelgroei en allergieën door het vocht uit de lucht te absorberen.   Verbetert de luchtkwaliteit: Het gebruik van de ontvochtiger verbetert de luchtkwaliteit in huis, waardoor je gemakkelijker kunt ademen en gezonder kunt leven.   Automatische uitschakeling: De ontvochtiger is uitgerust met een automatische uitschakelfunctie, waardoor het apparaat stopt met werken zodra het waterreservoir vol is. Dit voorkomt schade aan het apparaat en maakt het gebruik ervan veiliger.   Gemakkelijk te gebruiken: De ontvochtiger is eenvoudig te gebruiken en te onderhouden. Het apparaat beschikt over een handige indicator die aangeeft wanneer het waterreservoir vol is en geleegd moet worden. Bovendien is de ontvochtiger draagbaar, waardoor je hem gemakkelijk van kamer naar kamer kunt verplaatsen.   Kortom, de Ontvochtiger is een handig en effectief apparaat om overtollig vocht in huis te bestrijden en zo een gezondere leefomgeving te creëren. Met de Ontvochtiger creëer je een gezondere leefomgeving en verminder je de kans op schimmelgroei en allergieën. Bestel de ontvochtiger vandaag nog en geniet van een betere luchtkwaliteit in huis!
"
174,Clean Air Optima® CA-707 - 2in1 Luchtontvochtiger en Luchtreiniger - 20 liter/dag - Automatische ontvochtiging - 5 voudige filtertechnologie - Bijzonder geluidsarm,,Clean Air Optima,,"4,6",157,"379,-",Op voorraad,https://www.bol.com/nl/nl/p/clean-air-optima-ca-707-2in1-luchtontvochtiger-en-luchtreiniger-20-liter-dag-automatische-ontvochtiging-5-voudige-filtertechnologie-bijzonder-geluidsarm/9200000063560388/,12,"
 2 in 1: Luchtontvochtiger & luchtreiniger Clean Air Optima® CA-707• Ontvochtigingscapaciteit tot 20 liter / dag• Werkt preventief tegen schimmelvorming, roest en schade door vocht• Vijf filtertechnologieën voor effectieve luchtreiniging• Ondersteuning wasdroging• Ultrastille werking• Geschikt voor ruimtes tot: 70m²/175m³Multifunctionele luchtontvochtiger CA-707 voor een optimaal binnenklimaatVoor een optimaal binnenklimaat is de luchtvochtigheid doorslaggevend. De door medisch specialisten geadviseerde optimale luchtvochtigheid in gesloten ruimtes ligt in het bereik van 40 tot 60% relatieve luchtvochtigheid.Is de lucht in binnenruimtes te vochtig dan kan de levenskwaliteit door schimmelsporen, allergenen en ademweg problemen sterk nadelig beïnvloedt worden.Optimale luchtvochtigheid essentieel voor gezondheid en schadepreventieToepassing van de multifunctionele Clean Air Optima luchtontvochtiger CA-707 met 2in1 systeem voor luchtontvochtiging & luchtreiniging werkt preventief ter voorkoming van hoge luchtvochtigheid en allesvernietigende corrosie, schadelijke condensatie, ijs- en schimmelvorming, verhindert ongewenste bacteriegroei, reduceert geuroverdracht en is effectief voor bouwdroging bij bestaande of nieuwbouw. 
De krachtige Clean Air Optima condensatie - luchtontvochtiger CA-707 bind de strijd aan met roest en schimmel!Naast de indamming van schimmelsporen bevrijdt deze multifunctionele luchtontvochtiger CA-707 van Clean Air Optima de binnenlucht van lastige dierharen, pollen en stof door de geïntegreerde continu werkende en zeer effectieve luchtreiniger functie met vijfvoudige filtertechniek.Allergie patiënten kunnen eindelijk weer gezond doorademen!Door de slanke, getailleerde belijning in het exclusieve design en de neutrale kleurstelling past deze compacte ontvochtiger in elk interieur.De Clean Air Optima condensatie - luchtontvochtiger CA-707 is door de ingebouwde hygrostaat geschikt voor automatische luchtontvochtiging. Enkel de gewenste luchtvochtigheid instellen en deze efficiënte luchtontvochtiger doet de rest.Luchtontvochtiger CA-707: een vier jaargetijden systeemMet de 2in1 functie voor luchtontvochtiging en luchtreiniging zorgt de CA-707 het hele jaar door voor een optimaal binnenklimaat: Wanneer de ingestelde relatieve luchtvochtigheid is bereikt stopt de ontvochtiging, maar de luchtreiniging blijft actief. Met de continu luchtreiniger functie bevrijdt de multifunctionele Clean Air Optima CA-707 het hele jaar door de binnenlucht van allergenen, schimmelsporen, lastige dierharen, pollen stof en geuren. Binnenlucht ontvochtigen door condensatie techniekDe compacte en supersterke Clean Air Optima condensatie - luchtontvochtiger CA-707 met 2in1 systeem voor luchtontvochtigen en luchtreinigen onttrekt aan binnenruimtes tot 70m²/175m³ het overtollige vocht met een capaciteit tot 20 liter / dag (30°C/Rv80%) en beschermt actief voor het ontstaan van schimmelvorming, vlekken, corrosie en moddergeur. Daardoor word ook de bouwsubstantie en nog belangrijker uw gezondheid beschermd.De condensatiedroger is het type luchtontvochtiger dat het meest gebruikt wordt en de CA-707 kan ingezet worden in een groot temperatuurbereik tussen de 5 en 32°C.Vijf filtertechnologieën voor effectieve luchtreiniging1. VoorfilterVoorfilter vangt grote stofdeeltjes zoals: pluisjes, haren en huidschilfers van huisdieren.2. Actief KoolstoffilterActiefkool neutraliseert rook, chemicaliën, gassen en geuren, voorkomt de groei van bacteriën, virussen en schimmels3. TRUE HEPA H13 filter met nano zilver coating Zuivert 99,97% van alle zweefstoffen tot 0,3 micrometer (0,3 µm) uit de lucht. Het HEPA filter is het meest effectieve luchtfilter voor het verwijderen van: • (fijn)stof, sigarettenrook, pollen• allergenen• alle andere vaste deeltjesDe antibacteriële laag van nano zilver coating op het filter elimineert bacteriën en schimmels. 4. UV lampHet ultraviolette licht van de permanente lamp (UV-C straling) met een golflente van 254nm doodt gezondheidsschadelijke micro-organismen zoals: kiemen, virussen, schimmels (schimmelsporen) en bacteriën. Van al het licht heeft UV licht de hoogste frequentie, de kortste golflengte en bevat daardoor de hoogste hoeveelheid aan energie die door haar straling de buitenzijde membraam van het organisme doorboort en de DNA vernietigt. Met wereldwijd duizenden geïnstalleerde apparaten van dit type heeft de geïntegreerde UV – technologie bewezen, dat UV straling hoogeffectief is tegen pathogene virussen, bacteriën en eencellige. Door de toepassing van UV licht kunnen microbiologische inactiverende percentages van 99,99% en hoger bereikt worden.5. IonisatorCapaciteit 3.000.000 negatieve ionen / cm³ die in de gehele ruimte verspreid worden en daardoor schadelijke stoffen en geuren neutraliseren. De ionisator produceert negatieve ionen voor het reinigen van de binnenlucht en het verrijken met actief zuurstof. Onaangename geuren worden geneutraliseerd en schadelijke stoffen uit de lucht gezuiverd. Negatieve ionen hebben bovendien een sterke antistatische werking.Ingebouwde hygrostaat voor automatische luchtontvochtiging. Kleurenmonitor voor aanduiding relatieve luchtvochtigheid.De Clean Air Optima condensatie - luchtontvochtiger CA-707 is voorzien van een ingebouwde hygrostaat voor het meten, controleren en automatisch regelen van de relatieve luchtvochtigheid. De gewenste luchtvochtigheid kan ingesteld worden tussen 35 en 80% relatieve luchtvochtigheid. Deze luchtontvochtiger is standaard voorgeprogrammeerd op het bereiken van de door medici geadviseerde optimale relatieve luchtvochtigheid van 55%. Bij instelling van de minimum te bereiken waarde van 35% volgt continubedrijf, waarbij het apparaat pas stopt bij de automatische afslag door een volle watertank.
 Het doordachte design communiceert de luchtvochtigheid ook via de ronde kleurenmonitor aan de voorzijde van het apparaat.BLAUW = droge lucht bereik = <53%GROEN = aangenaam bereik = 53% - 68%ROOD = hoge relatieve luchtvochtigheid = >68% Kenmerken en voordelen• Automatische ontvochtiging op programma door ingebouwde hygrostaat• Inclusief afvoerslang 10mm rond en 1 meter lang voor continu waterafvoer• Werkt preventief tegen schimmelvorming, roest en schade door vocht• Verwijdert muffe geuren• Groot temperatuur inzetbereik van 5 °C tot 32 °C 
 Vijf filtertechnologieën voor effectieve luchtreiniging:1. Voorfilter vangt grote stofdeeltjes en pluizen2. Actiefkoolstoffilter neutraliseert geuren en gassen3. TRUE HEPA H13 filter met nano zilver coating zuivert 99,97% van alle zweefstoffentot 0,3 micron (0,3 µm) uit de lucht 4. Permanente UV lamp elimineert kiemen, virussen, schimmels en bacteriën5. Ionisator reinigt en verfrist de binnenlucht met 3.000.000 neg.ionen/cm³• Oscillatieklep met swingfunctie voor ondersteuning luchtcirculatie• Ondersteunt wasdroging• Elegant en compact design• Comfortabele bediening door ingebouwde hygrostaat• LED functieaanduiding• Bediening door tiptoetsen in het display• Stopt automatisch met LED signaal bij volle tank• Timer voor in / uitschakelmoment apparaat (0-24h) • 3 Standen regelbare ventilator• sensor gestuurde ontdooi functie• Automatische herstart na ontdooien of stroomonderbreking• Geschikt voor continu gebruik zonder toezicht• Gemakkelijk te verplaatsen door praktische handgreep en robuuste wieltjes• Praktisch onderhoudsvrij!• Eenvoudige filterreiniging: permanent voorfilter 2x per maand stofzuigen• Actiefkoolstoffilter na 3 - 6 maanden vervangen• TRUE HEPA H13 filter met nano zilver coating na 3 - 6 maanden vervangen • Bijzonder geluidsarm• Laag energieverbruik• 365 Watt ventilator hoog en 270 Watt ventilator laag• Optimale prijs / prestatieverhouding 
 Toepassingsvoorbeelden Door de slanke, getailleerde belijning in het exclusieve design, de neutrale kleurstelling in ivoorwit / zwart en de stille werking is de compacte luchtontvochtiger en luchtreiniger CA-707 inzetbaar in elk interieur. De elektrische ontvochtiger CA-707 is geschikt voor het verwijderen van vocht in de woon- en slaapkamer, kinderkamer, kantoren, openbare gebouwen, sport - en fitnesscentrum, wellnessruimte, bedrijfsruimtes, woonboerderijen, industrie, opslagruimten of musea en is geschikt voor wasdrogen, gebruik in vakantiewoningen, campers en caravans. 
 Vervangen van filtersDe Clean Air Optima CA-707 is uitgerust met een bewakingsmechanisme voor de levensduur van het filter, dat aangeeft dat het filter (HEPA + Actief Koolstoffilter) na 500 werkuren moet worden vervangen. Om aan te geven dat het filter moet worden vervangen, begint het controlelampje dubbel nul van de luchtontvochtiger te knipperen. Reset de timer voor het filter door de droge kleding knop (Laundry Mode) ongeveer 3 seconden ingedrukt te houden. Als het controlelampje uitgaat, is de timer met succes gereset.Vervanging Actief Koolstoffilter + True HEPA H13 Filter na 3-6 maanden. 
"
175,Auronic Luchtontvochtiger en Luchtreiniger - Ontvochtigt 20L per Dag - Was-droog Functie - Wit,,Auronic,Auronic Luchtontvochtigers,"4,8",99,"229,99",Op voorraad,https://www.bol.com/nl/nl/p/auronic-luchtontvochtiger-ontvochtigd-20l-per-dag-was-droog-functie-wit/9300000110326008/,12,"
 Vochtplekken, ongedierte, en muffe geurtjes, dat wil je natuurlijk niet in huis hebben. Vaak ontstaan deze problemen door één ding: een vochtige lucht! Deze boosdoener sluipt er vaak bij in. Zonder dat je het door hebt, beschadig je jouw kostbare woning of ontstaan er gezondheidsklachten. Condensatievocht is er helaas in elk huis, het wordt pas een probleem wanneer dit vocht de ruimte niet kan verlaten. Gelukkig is daar de oplossing: de luchtontvochtiger en luchtreiniger in één van Auronic!  Jouw voordelen  Compact en krachtig design Eenvoudig te verplaatsen Intuïtief display Meerdere functies Inclusief afvoerslang  Wat doet de Auronic luchtontvochtiger en luchtreiniger?  Een luchtontvochtiger haalt alle overtollige waterdamp uit de lucht. Daarnaast haalt de luchtreinigingsfunctie alle vieze deeltjes uit de lucht. De vochtige lucht komt in het apparaat en wordt vervolgens afgekoeld, hierdoor wordt de lucht vloeibaar en kan het opgevangen worden. Met de bijbehorende slang kan het water direct afgevoerd worden, zodat je niet steeds een reservoir hoeft te legen. De koude lucht (zonder vocht) wordt vervolgens verwarmd tot een aangename kamertemperatuur. Zo heb je geen last van dit proces en kun je zorgeloos van je dag genieten.  Schone lucht  Uit onderzoek blijkt dat de luchtkwaliteit binnenshuis tot wel 30 keer slechter kan zijn dan de buitenlucht. Dit kan leiden tot lichte klachten zoals hoofdpijn en kortademigheid maar ook zwaardere gezondheidsproblemen zoals astma en bronchitis. Daarom is een schone lucht enorm belangrijk! Naast dat de betaalbare luchtontvochtiger de lucht ontvochtigt, reinigt het apparaat van Auronic ook nog eens de lucht. Het apparaat haalt door middel van een filter alle haartjes en stof uit de lucht. Zo voorkom je niet alleen gezondheidsklachten voor jezelf, maar ook voor je familie en vrienden.  Compact en krachtig design  De luchtontvochtiger en luchtreiniger van Auronic is super compact, maar toch enorm krachtig. Zo kan het apparaat met een 5 liter tank een kamer tot wel 60 m2 ontvochtigen, te besturen via een Intuïtief display. Wil je het apparaat verplaatsen naar een andere ruimte? Geen probleem! Verplaats de luchtontvochtiger met 4 wieltjes of stevige handvatten. Met de extra lange kabel kun je het apparaat eenvoudig aansluiten op het stroomnetwerk. Deze stekker moet voor de veiligheid op een geaard stopcontact worden aangesloten.  Handige functionaliteiten  Met het kinderslot hoef je je gelukkig geen zorgen te maken dat jouw kleine het apparaat uitzet. Naast het kinderslot heeft het apparaat een handige ontdooifunctie, automatisch stop, een 24 uurs-timer en 2 verschillende standen.  Luchtontvochtiger en Luchtreiniger in één  Dankzij het compacte design is de luchtontvochtiger en luchtreiniger van Auronic ideaal voor thuisgebruik. Of je nou woont in een klein appartementje in de stad of vrijstaande villa op het platteland. De krachtige luchtontvochtiger is eenvoudig te verplaatsen naar elke kamer. Zo voorkom je naast onnodige gezondheidsklachten ook mogelijke schade aan jouw woning. 
"
176,Elektrische Luchtontvochtiger - 1100 ml - Mini-Ontvochtiger - Woning - Badkamer - Slaapkamer - Kelder - 7 Kleuren Nachtlampje - Zacht - LED Licht,,Merkloos,,,,"125,-",,https://www.bol.com/nl/nl/p/elektrische-luchtontvochtiger-1100-ml-mini-ontvochtiger-woning-badkamer-slaapkamer-kelder-7-kleuren-nachtlampje-zacht-led-licht/9300000172518713/,7,"
Ontdek de kracht van onze luchtontvochtiger met een indrukwekkende watertank van 1100 ml, ontworpen om tot 300 ml vocht per dag te verwijderen in kleine, afgesloten ruimtes. Deze veelzijdige ontvochtiger is perfect voor diverse toepassingen, waaronder het drogen van kleding en het creëren van een comfortabele omgeving in jouw kelder, slaapkamer, kantoor, badkamer en woning. Geniet van rust en stilte terwijl de luchtontvochtiger zijn werk doet, dankzij het ultralage geluidsniveau van slechts 30 dB. Ideaal voor gebruik tijdens het slapen, zonder vervelende of storende geluiden gedurende de dag. Bovendien zorgt de auto-off-functie en de 1-24 uur timer ervoor dat het apparaat automatisch stopt om overlopen van water te voorkomen. De led-indicator brandt rood wanneer het waterreservoir vol is, waardoor je op tijd wordt gewaarschuwd om het te legen. Voeg een vleugje sfeer toe aan jouw ruimte met de 7 verschillende gekleurde nachtlampjes, die ook dienen als handige verlichting wanneer je 's nachts opstaat. Het draagbare ontwerp met handvat maakt het gemakkelijk te verplaatsen en te positioneren waar je het nodig hebt. Bovendien is deze luchtontvochtiger extreem energiezuinig, met slechts 23 W vermogen en een energieverbruik van slechts 0,79 kW in 24 uur. Deze veelzijdige luchtontvochtiger is perfect voor diverse ruimtes met hoge luchtvochtigheid, zoals keukens, badkamers, slaapkamers, campers, kleine caravans, kasten, commodes, muren en ramen. Profiteer van de draagbaarheid, efficiëntie en stille werking van onze luchtontvochtiger en creëer de ideale atmosfeer waar je ook bent. Zorg voor comfort en gemak in jouw leefomgeving. Bestel vandaag nog onze krachtige luchtontvochtiger en geniet van de voordelen van een frissere en aangenamere atmosfeer. Maak van jouw huis een oase van rust en droogte! Bestel nu en adem weer gemakkelijk! 
"
177,Perfect Air - Luchtbevochtiger Aromatherapie / Diffuser 4 liter - 3 niveaus van stoom intensiteit / Geschikt voor kamers tot 30 m2 (Zwart),,Concept,,,,"69,36",,https://www.bol.com/nl/nl/p/perfect-air-luchtbevochtiger-aromatherapie-diffuser-4-liter-3-niveaus-van-stoom-intensiteit-geschikt-voor-kamers-tot-30-m2/9300000070408450/,13,"
    Prestaties van de luchtbevochtiger - Luchtbevochtigers werken op het ultrasone principe. Zij maken gebruik van een ultrasone hoogfrequente oscillator die het water in de tank omzet in stoom, die vervolgens via het ventilatiesysteem gelijkmatig in de ruimte wordt verspreid. Ultrasone luchtbevochtigers bereiken een hoge bevochtigingsefficiëntie, zijn zeer stil en energiezuinig.Een geur die helpt - De ZV1200 luchtbevochtiger heeft een speciale plaats waar u op elk moment een paar druppels van uw favoriete geur kunt toevoegen zonder dat u hem uit hoeft te zetten. In een oogwenk creëert u een sfeer waarin u zich goed voelt en tot rust komt. De geur van eucalyptus verlicht hoofdpijn, ontspant de luchtwegen en ondersteunt het immuunsysteem; de geur van lavendel, munt en citroen weert vliegen en muggen.Gebruikt door droge lucht - De optimale luchtvochtigheid in huis moet tussen 40 en 60 % liggen. Als de vochtigheid onder de 40% zakt, hebben we problemen met droge lucht. Droge lucht verhoogt de overlevingskansen van virussen en bacteriën, veroorzaakt aandoeningen van de bovenste en onderste luchtwegen, droogt huid, haar en slijmvliezen uit, beïnvloedt slaapstoornissen, verhoogt de vermoeidheid en bevordert stofophoping door de grotere hoeveelheid statische elektriciteit . Het tast ook de gezondheid van onze huisdieren aan en kan huishoudelijke apparaten beschadigen. Om deze complicaties te vermijden, is de Concept ZV1200 luchtbevochtiger een eenvoudige en doeltreffende oplossing.Specificaties:- Aantrekkelijk design geschikt voor moderne kamers- Grote capaciteit waterreservoir: 4 liter- Geschikt voor aromatherapie- Gemakkelijk in gebruik- Bevochtiger output: 260 ml/h (± 50 ml/h)- Geschikt voor ruimtes tot 30 m2- Werktijd: tot 26 uur- Voltage: 220-240V- Vermogen: 30 W- Volume: 35 dB- Afmetingen product: 19,6 x 19,6 x 27,8 cm.
  "
178,CREATE - Luchtontvochtiger 10 L / dag 40m² - Dehumidifier - 2 ontvochtigingsstanden - 24 uur programmeerbare timer - Wit - DRYZONE XL-CUBIC,,Create,,,,"124,95",,https://www.bol.com/nl/nl/p/create-luchtontvochtiger-10-l-dag-40m-wit-dryzone-xl-cubic/9300000167211570/,9,"
    DRYZONE XL-CUBIC InformatieOntvochtiger, 10 liter per dag, met capaciteit om het vocht te verwijderen in ruimtes tot 40 m². Met 2 ontvochtigingsniveaus, spiegel-aanraakscherm, 24-uurs timer, veiligheidssysteem met waarschuwing en wasbaar filter. Bovendien gemakkelijk te verplaatsen, dankzij de vier wielen en de draaggreep. Ideaal voor ruimtes tot 40 m² Vermindert de luchtvochtigheid van de ruimte met 80%. Bedoeld voor ruimtes met hogere vochtigheidsconcentratie zoals woonkamers, kantoren, badkamers, was- en droogruimtes. Verbetert de luchtkwaliteit Verwijdert allergenen, schimmelsporen en stof, die zich verzamelen in vochtige omgevingen. Perfect voor mensen met allergie of luchtwegproblemen. Verwijdert dagelijks tot 10 liter vocht Met groot reservoir van 2,5 liter en tot 24 uur programmeerbare timer. Bovendien zeer stil in elke modus. Spiegel-aanraakscherm Daarop regel je alle parameters om het teveel aan vocht te verwijderen. De aanraakbediening werkt eenvoudig en intuïtief. 2 ontvochtigingsstanden Met sensoren die vocht, temperatuur en vulniveau meten. Eenvoudig te verplaatsen Dankzij de wielen en de draaggreep kun je het apparaat gemakkelijk verplaatsen en in een andere ruimte zetten.  Timer 24h Werktemperatuur 5 ° C - 5 ° C Beveiligingssysteem ja Vermogen 220W-205W display LED-display, Soft Touch-paneel Thermostaten ja Werkoppervlak 105 m³ / u (40m²) Tankcapaciteit 2.5L Controle Elektronisch / digitaal Frequentie 50-60 Hz ontvochtiging 10L Druk / temperatuur indicator ja Afmetingen 509x198x288 mm filter wasbaar Programmable ja snelheden 2 Gewicht 9,8 kg Modi / Functies 2 Spanning/Voltage 220 ~ 240V AC Koelmiddel / vulling R290 Geluidsniveau 46 dB Certificaten CE & RoHS Druk- / temperatuurregelaar ja Garantie 2 jaar 
"
179,Wenko Vochtvreter 24 Cm Wit/blauw 3-delig,,Wenko,,"5,0",1,"24,99",,https://www.bol.com/nl/nl/p/wenko-vochtvreter-24-cm-wit-blauw-3-delig/9200000122153281/,6,"
    De vochtigheids-killer maakt korte metten met vochtige, bedompte ruimtes en zorgt door verlaging van de luchtvochtigheid voor een gezonder binnenklimaat. Milieuvriendelijk worden met onmiddellijke ingang uw muren, meubels, textiel of bijvoorbeeld de auto door ontvochtiging beschermd tegen vocht, schimmel en onaangename geuren. Ook in de keuken of in de badkamer absorbeert de ontvochtiger kookdampen, vocht, enz. Met de werkzame blok korrels van 1 kg blijft een ruimte van maximaal 50 m² tot 3 maanden droog en dat geheel zonder stroom te verbruiken. Het materiaal gedraagt zich biologisch-chemisch vergelijkbaar met natuurlijke drogingsmiddelen, zoals zeezout. De vochtigheids-killer is uiteraard laboratoriumgetest. Het in grijs uitgevoerde kunststof reservoir met blauwe deksel geeft de vochtigheids-killer een aantrekkelijk uiterlijk, waardoor hij zeker niet misstaat op de venterbank.
  "
180,Powerplanet® Luchtontvochtiger – Luchtontvochtiger en luchtreiniger – Luchtontvochtigers – luchtontvochtiger slaapkamer – Luchtontvochtiger badkamer – Dehumidifier – Ontvochtiger Caravan en Boot – Sfeerverlichting - Stijlvol design,,Powerplanet,,,,"79,95",Op voorraad,https://www.bol.com/nl/nl/p/luchtontvochtiger-elektrische-vochtvreter-dehumidifier-vochtvreters-voor-in-huis-caravan-en-boot-stille-werking-met-sfeerverlichting-stijlvol-design/9300000169913249/,10,"
Powerplanet® Luchtontvochtiger: Heb jij last van een muffe lucht in huis, vochtplekken of zelfs schimmel? Of heb je last van ademwegproblemen? Dan is deze luchtontvochtiger en luchtreiniger perfect voor jou. Met deze dehumidifier verlaag je de luchtvochtigheid, waardoor problemen zoals bacteriën, schimmels of allergenen effectief tegengegaan worden. De elektrische vochtvreter heeft een inhoud van 1000 ml, waardoor hij niet vaak geleegd hoeft te worden, en is daarnaast gemakkelijk te verplaatsen. Verder zorgt de elektrische vochtvreter ook gelijk voor wat gezelligheid dankzij de ingebouwde ledverlichting! De pluspunten✓ Sfeer ledverlichting✓ Zeer stil in gebruik✓ Ruim reservoir van 1000 ml✓ Gemakkelijk te verplaatsen✓ Uitgerust met de nieuwste technieken✓ Laag energieverbruik✓ Timer functie✓ Stijlvol design   Uitgerust met de nieuwste technieken Te veel vocht kan snel leiden tot de groei van bacteriën en schimmels, wat niet alleen schadelijk is voor je gezondheid, maar ook nadelige effecten heeft op je huis en interieur. Onze luchtontvochtiger, uitgerust met de nieuwste technieken zoals geavanceerde vochtregulatie en efficiënte luchtreiniging, biedt de ideale oplossing voor een gezonde en comfortabele leefomgeving.   Gemakkelijk verplaatsbaar Het compacte, lichte ontwerp zorgt ervoor dat de luchtontvochtiger gemakkelijk te verplaatsen is. Hierdoor heb je altijd controle over de luchtkwaliteit waar dat nodig is. Dit maakt de luchtontvochtiger ideaal voor gebruik in de kledingkast, woonkamer, keuken, slaapkamer of iedere andere ruimte in huis, boot en caravan.   Hoogwaardige kwaliteit Onze luchtontvochtiger is gemaakt van hoogwaardige materialen. Hierdoor garanderen we niet alleen duurzaamheid, maar ook een uitzonderlijke kwaliteit. Zo is de dehumidifier fluisterstil in gebruik, zonder in te leveren op kracht. Bovendien is het energieverbruik minimaal, wat bijdraagt aan een efficiënte en milieuvriendelijke vochtbeheersing.   Stijlvol design Naast zijn praktische functies is de luchtontvochtiger een stijlvolle toevoeging aan het interieur. Het moderne design en de hoogwaardige afwerking maken het apparaat niet alleen functioneel, maar ook erg aantrekkelijk. Daarnaast zorgt de ingebouwde sfeerverlichting ervoor dat je de luchtreiniger ook als nachtlampje of tafellamp kunt gebruiken!   Ervaar de voordelen nu zelf! · Eenvoudige bediening – De luchtontvochtiger is eenvoudig via de knoppen aan de voorkant te bedienen en in te stellen, waardoor je moeiteloos de gewenste luchtvochtigheidsniveaus kunt regelen voor een optimaal binnenklimaat. · Instelbare tijd – Met de instelbare timerfunctie heb je de volledige controle over de werking van de luchtontvochtiger, waardoor je energie bespaart en je het apparaat efficiënter kunt gebruiken. · Veelzijdig te gebruiken – Of het nu de slaapkamer, woonkamer of kantoorruimte is, het veelzijdige ontwerp zorgt ervoor dat het apparaat effectief en stijlvol kan worden ingezet in iedere ruimte. · Grote watertank – Dankzij de grote watertank van 1 liter heb je bijna geen omkijken meer naar het apparaat!   Specificaties · Inhoud: Tot 1000 ml · Afmetingen: 250*252*137.5 mm · Voedingsbron: USB   Bestel vandaag nog jouw Elektrische Vochtvreter en geniet van een gezonder leefklimaat!
"
181,Draagbare Luchtontvochtiger - Luchtontvochtiger Slaapkamer/Woonkamer/Badkamer/Keuken/Kantoor - Luchtreiniger 1000ml/dag - Ontvochtiger - Dehumidifier - 15 tot 25 m2 - 7 kleuren LED verlichting - Kleur Zwart,,AFDEAL,,,,"91,50",,https://www.bol.com/nl/nl/p/goobisales-luchtontvochtiger-luchtontvochtiger-slaapkamer-woonkamer-badkamer-keuken-kantoor-luchtreiniger-1000ml-dag-ontvochtiger-dehumidifier-15-tot-25-m2-7-kleuren-led-verlichting/9300000154793251/,8,"
Is de luchtvochtigheid in je huis te hoog? Dit is een veel voorkomend probleem, maar eenvoudig op te lossen! Met deze zeer effectieve Luchtontvochtiger pak je doeltreffend vochtproblemen aan. Creëer een perfect vochtigheidsniveau voor elk seizoen en voorkom vochtproblemen zoals schimmels en bacteriën. Bescherm je huis, familie en jezelf tegen een ongezonde omgeving. Onze luchtontvochtiger beschermt ruimtes van 5 tot 25 m2 en houdt het vochtlevel onder de 45%. Hierdoor heb jij altijd een optimale vochtigheidsgraad en zit je comfortabel in elke ruimte. Waarom de draagbare Luchtontvochtiger van GoobiSales? Ontdek zelf waarom zo veel mensen kiezen voor de Luchtontvochtiger van GoobiSales: Grote capaciteit - Met een tankinhoud van wel 1000 ml onttrekt de luchtontvochtiger dagelijks tot 1000 ml water in een vochtige omgeving. Voor elke ruimte - Zet de luchtontvochtiger overal neer waar je wilt in kamers van 5 tot 25 m2. Weetje: Onderzoek toont aan dat een vochtigheidsniveau boven de 50% slecht is voor de gezondheid. Onze luchtontvochtiger houdt dit niveau altijd onder de 45%. Multifunctioneel - Door de LED-verlichting is de luchtontvochtiger ook bruikbaar als nachtlampje of ambiance. Met 7 verschillende kleuren sfeerverlichting kun je de juiste sfeer creëren in elke ruimte. Automatisch uitschakelen - De automatische uitschakelaar beschermt je tegen het overstromen van water en maakt het mogelijk het huis te verlaten wanneer de luchtontvochtiger zijn werk doet. LED-indicatie - Wanneer de tank vol zit verandert het groene LED-lampje in rood. Buitengewoon stil - De luchtontvochtiger produceert tijdens gebruik minder dan 40dB aan geluid. Je zult niet eens doorhebben dat die aan staat! Compact en draagbaar - Het design is klein en eenvoudig te verplaatsen. Je zet de luchtontvochtiger overal neer zonder dat die opvalt. Temperatuur - De beste temperatuur voor de luchtontvochtiger is 15 tot 40°C. Bij deze temperatuur wordt de lucht optimaal ontvocht. Onder de temperatuur van 5°C is de lucht te koud.   Inhoud verpakking:  ● 1x Luchtontvochtiger ● 1x Handleiding   Kwaliteitsgarantie: Wij staan achter de kwaliteit van onze producten. Als u om welke reden dan ook niet tevreden bent, neem dan gerust contact met ons op. Wij bieden een garantie of vervanging van het product. 100% tevredenheidsgarantie voor risicoloos online winkelen!
"
182,MeacoDry Arete One 12L,,Meaco,,"4,7",3,"199,-",,https://www.bol.com/nl/nl/p/meacodry-arete-one-12l/9300000139697973/,13,"
De Meaco Arete One 12L is een fluisterstille, energiezuinige luchtontvochtiger en luchtreiniger voor grotere ruimtes tot 55 m². De Meaco Arete One 12L luchtdroger is ontworpen om de luchtvochtigheid in grotere ruimtes te helpen beheersen, de lucht fris te houden en uw omgeving veilig en gezond. Deze stille luchtdroger wordt compleet geleverd met een HEPA H13 filter om de lucht ook nog eens extra te filteren. Eenvoud is de sleutel De Meaco Areta One is de stilste en meest energiezuinige luchtonvochtiger in het assortiment van Meaco. De Meaco Arete is niet alleen stijlvol ontworpen, hij is ook erg praktisch. Door de openingen aan de zijkant van ontvochtiger is deze dichter tegen de muur te plaatsen. We hebben voeten toegevoegd om hem als een meubelstuk te laten ogen, de zwenkwielen zijn weggewerkt. Luchtontvochtiger Meaco Areta One is bekroond met een 'Quiet Mark Award' waardoor deze luchtdroger perfect is voor ruimtes waar in rust gewerkt of verbleven wordt. ‘Unique British Design’, het design van de Arete® is een eigen ontwerp van Meaco. Met grote zorgvuldigheid heeft het ontwerpproces in samenwerking met een Londens designbureau plaatsgevonden. Het configuratiescherm van Arete is eenvoudig te gebruiken en geeft u volledige controle. Met grote knoppen voor de meest gebruikte functies, kunt u het apparaat met een enkele druk op een knop bedienen - met name voor Smart Humidity Control en Smart Laundry. Het is ongecompliceerd en efficiënt - precies wat u nodig heeft. ""Gebruiksgemak en gemak zijn misschien wel de grootste troeven van de Arete One. U hoeft nauwelijks iets te doen; zet hem gewoon aan ..."" Slaap rustig met onze nachtmodus We hebben geleerd dat veel units een nachtmodus hebben. Maar dat gaat vaak gepaard met een vervelend licht en geluiden als je op knoppen drukt. Onze nachtmodus is anders. Elk lampje gaat uit, de ventilatorsnelheid gaat naar de stilste lage stand en er zijn geen willekeurige geluiden. En met een kinderslotfunctie hoeft u zich geen zorgen te maken dat de nachtmodus - of welke modus dan ook - per ongeluk wordt uitgeschakeld. De nachtmodus van Arete is niet alleen voor 's nachts, maar altijd wanneer u wilt dat de luchtontvochtiger zo stil mogelijk is. De lucht in huis schoonmaken We wilden dat de Arete het hele jaar door bruikbaar zou zijn. Elke Arete One-luchtontvochtiger bevat dus een H13 HEPA-filter. Dit is een filter van medische kwaliteit dat de lucht reinigt tijdens het ontvochtigen, en ook kan worden gebruikt als stand-alone luchtreiniger tijdens de warmere maanden van het jaar. Arete is de Griekse godin van uitmuntendheid in alles. Met de range Areta One luchtontvochtigers is dit precies wat we hebben bereikt. De aandacht voor detail is uitvoerig geweest omdat we elke interactie tussen de gebruiker en de luchtontvochtiger hebben geperfectioneerd. Meaco Arete One 12L:  Een fluisterstille luchtontvochtiger. Luchtontvochtiger en luchtreiniger in 1 apparaat. Energiezuinig. Eenvoudige bediening. HEPA 13 filter voor extra luchtreiniging. Slank model. Reduceert vocht en condensatie Handige functies zoals kinderslot, wasdroog-instelling en auto-restart. Voorzien van zwenkwielen voor eenvoudige verplaatsing Een afvoerslang met een normale tuinslang maat is aan te sluiten (12.5 mm binnendoorsnede) 
"
183,"Mini Luchtontvochtiger met 7 Kleuren Nachtlampjes - luchtontvochtiger slaapkamer – Luchtontvochtiger en luchtreiniger - Ideaal voor Thuis, Slaapkamer, Badkamer, Kast, Camper en Auto",,Merkloos,,,,"119,95",,https://www.bol.com/nl/nl/p/mini-luchtontvochtiger-met-7-kleuren-nachtlampjes-luchtontvochtiger-slaapkamer-luchtontvochtiger-en-luchtreiniger-ideaal-voor-thuis-slaapkamer-badkamer-kast-camper-en-auto/9300000164083560/,7,"
Krachtige Draagbare Ontvochtiger - Efficiëntie in Stilte met Automatische Uitschakeling De Krachtige Draagbare Ontvochtiger is de ultieme oplossing om vochtproblemen in huis of op kantoor aan te pakken. Met een aanzienlijke ontvochtigingsefficiëntie, een grote capaciteit waterreservoir en een compact, draagbaar ontwerp, is dit apparaat een must-have voor een gezonder en comfortabeler binnenklimaat. Kenmerken en Voordelen:   Indrukwekkende Ontvochtigingsefficiëntie - Met een ontvochtigingsefficiëntie van 17 oz per dag bij 86°F en 80% relatieve luchtvochtigheid, is deze ontvochtiger krachtig genoeg om zelfs de meest vochtige ruimtes aan te pakken. Zeg vaarwel tegen schimmel, geuren en vochtproblemen.   Ruim Waterreservoir - Het royale waterreservoir heeft een capaciteit van 1000 ml, wat betekent dat je minder vaak het water hoeft te legen. Hierdoor kun je langer genieten van een comfortabele leefomgeving zonder onderbrekingen.   Geschikt voor Diverse Ruimtes - Deze ontvochtiger is ideaal voor ruimtes met een oppervlakte van 50 tot 285 vierkante meter. Gebruik het in de woonkamer, slaapkamer, kelder, kantoor of waar je ook vochtproblemen ervaart.   Compact en Draagbaar - Met afmetingen van slechts 19 x 16 x 24 cm en een gewicht van 2,8 kg is deze ontvochtiger gemakkelijk te verplaatsen en past hij in kleine ruimtes. Neem hem mee naar elke ruimte waar je verbeterde luchtkwaliteit nodig hebt.   Stille Werking - Geniet van een rustige omgeving zonder storend lawaai. Deze ontvochtiger werkt vrijwel geruisloos, zodat je ongestoord kunt ontspannen of werken.   Automatische Uitschakeling - De ontvochtiger is uitgerust met automatische uitschakeling, wat de veiligheid en het gemak verbetert. Je hoeft je geen zorgen te maken over het continue gebruik van het apparaat.   Specificaties:  Ontvochtigingsefficiëntie: 17 oz/dag Capaciteit waterreservoir: 1000 ml Aanbevolen oppervlak: 50-285 vierkante meter Afmetingen: 19 x 16 x 24 cm Gewicht: 2,8 kg Nominaal vermogen: 48W Ingang: 100-240 V ~ 1,5 A  Vecht tegen vocht en creëer een gezondere leefomgeving met de Krachtige Draagbare Ontvochtiger. Bestel vandaag nog en geniet van de voordelen van een schoner, comfortabeler en schimmelvrij binnenklimaat. Kies voor efficiëntie in stilte en maak je leven aangenamer.
"
184,"Luchtontvochtiger – luchtreiniger - 300 ML Per Dag - LED - Geschikt voor Woonkamer, Slaapkamer & Badkamer - Zwart",,‘Merkloos’’,,,,"90,-",,https://www.bol.com/nl/nl/p/luchtontvochtiger-luchtreiniger-300-ml-per-dag-led-geschikt-voor-woonkamer-slaapkamer-badkamer-zwart/9300000159285462/,6,"
Creëer een Oase van Comfort in je Huis met de ultieme Luchtvochtigheidsregulator - De Luchtontvochtiger Welkom in een wereld waar frisheid en comfort samenkomen om een perfecte leefomgeving te vormen. Met de Luchtontvochtiger in huis haal je een geavanceerd luchtbehandelingsapparaat in huis dat doordrenkte lucht transformeert tot een aangenaam en verkwikkend binnenklimaat. In een tijd waarin het welzijn van jou en je dierbaren topprioriteit is, speelt de luchtkwaliteit in je leefruimte een cruciale rol. Een te hoge luchtvochtigheid kan niet alleen leiden tot ongemak, maar ook tot schimmel, meeldauw en een onaangename geur. Daarom hebben we de Luchtontvochtiger ontworpen om je te helpen bij het beheersen van vochtigheidsniveaus en een gezonde, aangename atmosfeer te creëren. Verheffende Kenmerken voor een Verfrissende Ervaring:   Efficiënte Vochtregulatie: Zeg vaarwel tegen plakkerige, klamme lucht. De Luchtontvochtiger werkt actief om overtollig vocht uit de lucht te halen en zo de perfecte balans tussen vochtigheid en comfort te herstellen.   Slim Energiegebruik: We begrijpen het belang van een comfortabel binnenklimaat zonder je zorgen te maken over hoge energiekosten. Onze luchtontvochtiger biedt niet alleen een verfrissende sfeer, maar ook energiezuinige prestaties.   Intelligente Vochtigheidsbeheersing: Met de intuïtieve bedieningselementen kun je gemakkelijk je gewenste luchtvochtigheidsniveau instellen. De Luchtontvochtiger past zich moeiteloos aan om dit niveau te handhaven, zodat je altijd kunt genieten van de ideale omstandigheden.   Onopvallende Rust: Dankzij zijn fluisterstille werking kun je de Luchtontvochtiger ongestoord laten werken terwijl jij ontspant, werkt of slaapt.   Veiligheid Gewaarborgd: De automatische uitschakelfunctie bij vol waterreservoir zorgt ervoor dat je zonder zorgen kunt genieten van de voordelen van de luchtontvochtiger, terwijl de veiligheid van je huis en apparaat gewaarborgd blijft.   Kies voor een huis waarin elke ademhaling een verfrissende ervaring is. Met de Luchtontvochtiger geef je vocht geen kans om je comfort te verstoren. Klaar om je huis te transformeren in een oase van comfort? - Bestel vandaag nog de Luchtontvochtiger en adem gemak en welzijn in.
"
185,Luchtontvochtiger - zwart CR 7903 Camry,Nieuw artikel,Camry,,"3,7",7,"79,95",Op voorraad,https://www.bol.com/nl/nl/p/luchtontvochtiger-zwart-cr-7903-camry/9200000046127208/,7,"
lange tekst
"
186,Ontvochtiger - Luchtontvochtiger - 13L/dag - Draagbaar Ontvochtiging - Elektrische Ontvochtiger Voor Ruimtes tot 50m² - Tegen Vocht en Schimmel in Huis - Slaapkamer - Kantoor of Kelder,,Merkloos,,,,"399,95",,https://www.bol.com/nl/nl/p/ontvochtiger-luchtontvochtiger-13l-dag-draagbaar-ontvochtiging-elektrische-ontvochtiger-voor-ruimtes-tot-50m-tegen-vocht-en-schimmel-in-huis-slaapkamer-kantoor-of-kelder/9300000146403063/,6,"
De Luchtontvochtiger is de perfecte oplossing voor mensen die last hebben van vochtproblemen in huis. Deze ontvochtiger beschikt over geavanceerde technologieën, zoals WiFi-connectiviteit en slimme sensoren, om vochtproblemen efficiënt aan te pakken. Het apparaat is geschikt voor ruimtes tot 30 m² en kan tot wel 20 liter vocht per dag uit de lucht verwijderen. Voordelen:  Efficiënte vochtbestrijding: de Luchtontvochtiger is ontworpen om vochtproblemen in huis efficiënt aan te pakken. Het apparaat kan tot wel 20 liter vocht per dag uit de lucht verwijderen, waardoor de luchtvochtigheid in huis op een gezond niveau blijft. Geavanceerde technologieën: de ontvochtiger beschikt over geavanceerde technologieën, zoals WiFi-connectiviteit en slimme sensoren, die zorgen voor een efficiënte en nauwkeurige vochtbestrijding. Stil en energiezuinig: de Luchtontvochtiger is stil in gebruik en verbruikt weinig energie. Hierdoor kun je het apparaat de hele dag laten draaien zonder dat het storend is. Eenvoudig te gebruiken: het apparaat is eenvoudig te bedienen met de touch-bediening of de bijbehorende app. Bovendien beschikt het over een duidelijk display waarop je de vochtigheidsgraad kunt aflezen. Gezond binnenklimaat: door het gebruik van de Luchtontvochtiger creëer je een gezond binnenklimaat waarin schimmels, huisstofmijt en andere allergenen minder kans krijgen om te groeien en zich te verspreiden.  Kortom, de Luchtontvochtiger is een onmisbaar apparaat voor mensen die last hebben van vochtproblemen in huis. Met geavanceerde technologieën en efficiënte vochtbestrijding zorgt het apparaat voor een gezond binnenklimaat en een prettige leefomgeving. Bestel de Luchtontvochtiger vandaag nog en ervaar het verschil!
"
187,TROTEC Peltier luchtontvochtiger TTP 10 E & ruimte thermo hygrometer BZ05,,Trotec,,"4,2",9,"94,95",,https://www.bol.com/nl/nl/p/trotec-peltier-luchtontvochtiger-ttp-10-e-ruimte-thermo-hygrometer-bz05/9200000090855378/,12,"
Peltier luchtontvochtiger TTP 10 Ecomfortabele ontvochtiging voor kleine ruimtesDe compacte Peltier luchtontvochtiger TTP 10 E combineert zijn aantrekkelijke droogprestaties met ingetogen ontwerp, te gebruiken in elke omgeving. Dankzij de innovatieve thermo-elektrische technologie houdt het apparaat op betrouwbare wijze ruimtes tot 10 m² droog in de ruimtes met een ontvochtingscapaciteit van 750 ml per dag.De ontvochtiger is optimaal te gebruiken in bijvoorbeeld inloopkasten, voorraadruimtes, en in kleine sanitaire ruimtes zonder raam. Bij deze bijzonder vochtgevoelige plekken in het huis verwijdert het effectief overtollig vocht uit de lucht, vermindert het de condensatie en voorkomt schimmelgroei.Het geïntegreerde waarschuwingslampje waarschuwt u indien het waterreservoir vol dreigt te raken en schakelt automatisch uit en verhindert zo overlopen van het waterreservoir met een inhoud van 2 liter. Dankzij de luchtreinigingsfunctie filtert de TTP 10 E dierenharen, pluisjes en stof. Het uitneembare luchtfilter is eenvoudig te reinigen.De werking van de TTP 10 E is energiezuinig geoptimaliseerd en dankzij het Peltier-element ook fluisterstil - zodat het apparaat de nachtrust niet verstoort. Bovendien scoort de Peltier-eenheid punten bij het ontvochtigen met zijn eenvoudige bediening: steek de stekker in het stopcontact, schakel in en u bent klaar. Een draaggreep vergemakkelijkt het transport of de verandering van de plaats van gebruik.Praktische details van de TTP 10 EVoor het drooghouden van slecht geventileerde ruimtes, zoals bijvoorbeeld inloopkasten, kleine sanitaire ruimtes of voorraadkastenHoge flexibiliteit door extra compacte bouwwijzeModern thermo-elektrisch Peltier-element (zonder compressor en koelmiddel)Luchtreinigungsfunctie – filtert dierenharen, pluisjes en stofWaarschuwingslampje bij vol waterreservoirUitneembaar luchtfilterAutomatische uitschakeling bij vol waterreservoirAantrekkelijk, compact designMet transparant waterreservoirBedrijfswaarschuwingslampjeFluisterstille werkingEnergiezuinigDe gedetailleerde technische gegevens:Ontvochtichtingscapaciteit max. (l/24h): 0,75Aanbevolen voor ruimtes: 10 m² / 25 m³Netaansluiting: 220 - 240 V/50 - 60 HzNominaal stoomverbruik: 2,5 AOpgenomen vermogen: 70 WKabellengte: 1,4 mWaterreservoir (Inhoud): 2 lGeluidsniveau (Afstand 1m): 45 dB(A)Afmetingen (LxBxH): 130 x 220 x 370 mmGewicht: 2 kg------------------------------------------------------Ruimte-thermohygrometer BZ05Met het weerstation BZ05 voor binnenshuis hebt u de temperatuur en de luchtvochtigheid altijd in beeld. Bovendien heeft de BZ05 een geïntegreerde wekkerfunctie. De doorslaggevende factoren voor een behaaglijke omgeving - temperatuur en relatieve luchtvochtigheid in de ruimte - worden net als datum of tijd door de BZ05 in grote cijfers weergegeven op het goed afleesbare LCD-display. Verder kunnen de geregistreerde minimale en maximale meetwaardes op de BZ05 worden afgeroepen. De BZ05 heeft een tijdloos en elegant design, kan vrijstaand worden geplaatst of aan de muur worden bevestigd en is voorzien van een wekfunctie waardoor hij een multifunctioneel toepasbare thermohygrometer is voor gebruik in woon- en werkruimten, slaapkamers en serres of hobbykelders. Voordelen in de praktijk:  Weergave van binnentemperatuur, luchtvochtigheid en naar keuze datum of tijd Extra comfortindicatie Weergave van geregistreerde minimale en maximale waardes Groot display met goed afleesbare meetwaardeweergave Wekfunctie Tafelmodel met mogelijkheid voor bevestiging aan de muur Optimale prijs-kwaliteitverhouding  Let op: de specificaties kunnen zonder opgave van redenen in het belang van een lopende productverbetering door de fabrikant worden gewijzigd. Aan de afbeeldingen van producten en eventueel getoonde specificaties of keurmerken kunnen geen rechten worden ontleend  
"
188,Luchtontvochtiger Ontvochtigt 16L Per Dag Was-droog Functie - Voorkomt Schimmel,,Merkloos,,,,"133,-",,https://www.bol.com/nl/nl/p/luchtontvochtiger-ontvochtigt-16l-per-dag-was-droog-functie-voorkomt-schimmel/9300000170297109/,6,"
【Vocht en schimmel verwijderen】Met een ontvochtigingscapaciteit van 16L/dag kan de luchtontvochtiger ook schimmel, huisstofmijt, meeldauw verminderen om de luchtkwaliteit te verbeteren, de lucht te zuiveren, geschikt voor kantoor, woonkamer, kelder, badkamer, garage, slaapkamer, etc.  【Energiezuinig 】 Deze ontvochtiger heeft een energie-efficiëntieklasse A. Het apparaat gebruikt koelmiddel R290, een veel milieuvriendelijker ecologisch koelmiddel.  【Laag energieverbruik en stille werking】 Het unieke ontwerp van de luchtinlaat van de ontvochtiger kan het geluidsniveau effectief verminderen, werkingsgeluid ≤36dB(A). Eenvoudige en stille werking, verstoort uw slaap, werk of studie niet.  【Ideale luchtontvochtiger】De luchtontvochtiger heeft een automatische ontvochtigingsfunctie, LED-display met timerfunctie, wasdroogfunctie en ontdooifunctie.  【Automatische uitschakelfunctie】Als het waterreservoir de maximale capaciteit van 2000 ml bereikt, licht de waterpeilindicator rood op en blijft waarschuwen. Op dat moment wordt het waterreservoir verwijderd, het water wordt afgetapt en weer terug in de luchtontvochtiger geplaatst en de luchtontvochtiger blijft werken.  Voordelen:. Meerdere modi Timer-instellingen Kinderslot Driekleurendisplayfunctie Instelbare vochtigheid Geheugenfunctie voor automatische herstart Automatisch ontdooien Instelling windsnelheid Indicatielampje voor vol waterpeil  Technische gegevens： Ontvochtigingscapaciteit Ontvochtigingscapaciteit: 16 liter Inhoud waterreservoir: 2 liter Geluidsniveau: ≤36dB(A) Aanbevolen kamergrootte: 20-25m² Vochtigheidsinstelling: 30% - 80% (in stappen van 5%) Werktemperatuur: 5℃-35℃ Kleur: Wit Nominale spanning: AC220-240V/50Hz Ingangsvermogen: 195W Afmetingen product: 255*220*445mm (lengte x breedte x hoogte) Gewicht product: 11 KG Lengte voedingskabel: 1,55 M Vulling koelmiddel: R290 Inclusief instructies voor Duitsland, Frankrijk, Italië, Spanje en Nederland
"
189,"Luchtontvochtiger met digitale vochtigheidsweergave, slaapstand, droogtrommelfunctie, optie voor continu legen en 24-uurs timer - 5,5 l tank verwijdert schimmel, damp en vocht - Luchtontvochtiger",,Pro Breeze,,,,"359,-",,https://www.bol.com/nl/nl/p/luchtontvochtiger-met-digitale-vochtigheidsweergave-slaapstand-droogtrommelfunctie-optie-voor-continu-legen-en-24-uurs-timer-5-5-l-tank-verwijdert-schimmel-damp-en-vocht-luchtontvochtiger/9300000170508336/,7,"
    Over dit item  20 Liter Per Dag: Verwijdert tot 20 liter water per dag met een laag energieverbruik. Ideaal tegen vochtigheid en schimmel in huizen, kelders en badkamers die lijden aan vochtige omstandigheden Grote Watertank: Waterreservoir van 5,5 liter schakelt automatisch uit wanneer het vol is, met een doorlopende afvoerslang voor langdurig gebruik en 4 wielen voor gemakkelijke transporteerbaarheid tussen kamers Digitaal LED Display: Het digitale LED-scherm geeft het huidige luchtvochtigheidsniveau weer en stelt u in staat om 4 ontvochtigingsmodi te bedienen, waaronder de wasmodus, automatisch ontdooien, kinderslot en de ventilator Automatische Vochtigheidssensor: Met de ingebouwde luchtvochtigheidssensor kunt u de gewenste luchtvochtigheid instellen tussen 30% -80%. Zodra dit niveau is bereikt, wordt het apparaat uitgeschakeld om energie te besparen 24 Uurs Timer: Een ingebouwde timer stelt u in staat om de ontvochtiger overdag in of uit te schakelen met een handige 'slaapweergave' om een ​​rustige, ongestoorde nacht te garanderen 
"
190,TROTEC Luchtontvochtiger TTK 33 E,,Trotec,,"5,0",1,"209,95",,https://www.bol.com/nl/nl/p/trotec-luchtontvochtiger-ttk-33-e/9300000042090556/,10,"
Comfort luchtontvochtiger TTK 33 E
Optimaal gereguleerde luchtvochtigheid voor gezond leven en werken
Een optimaal gereguleerde luchtvochtigheid binnenshuis tussen 40 en 60 % voorkomt schimmelvorming en vochtplekken effectief en reduceert allergenen en stofmijten. Bovendien filtert het gemakkelijk uitneembare en eenvoudig te reinigen luchtfilter stof- en dierenharen uit de lucht. Een actieve-koolfilter, om sterke geuren te verwijderen, is optioneel verkrijgbaar als accessoire.
Met een ontvochtigingsvermogen van maar liefst 14 l / 24 h en een waterreservoir met een inhoud van 1,5 liter is de interieurvriendelijke TTK 33 E aan te bevelen voor het drooghouden van middelgrote ruimten met een oppervlakte van 15 m² resp. een inhoud van 37 m³. Om bijvoorbeeld vochtige kelders, garages of opslagruimten onbeheerd te ontvochtigen – zonder het niveau van het waterreservoir in de gaten te hoeven houden, beschikt de draagbare ontvochtiger aan de achterzijde over een slangaansluiting. Via deze aansluiting kan het aan de lucht onttrokken vocht heel praktisch met behulp van de bij de levering inbegrepen condensafvoerslang in een afvoer worden geleid.
Een schone zaak – van binnen en van buiten
Mocht u onverhoopt toch eens tijdelijk geen gebruik willen maken van de luchtverbetering van de ontvochtiger en hem willen opbergen in de kast, dan is dat geen probleem. De ruimtebesparende TTK 33 beschikt namelijk over een praktische zelfreinigingsfunctie voor inwendige droging van het apparaat. Zelfreinigende functie voor droging van de binnenzijde van het apparaat. Heel handig!
De Comfort-luchtontvochtiger TTK 33 E verbetert de luchtkwaliteit en houdt de luchtvochtigheid in de ruimte constant op een ideaal niveau. Dankzij de 3-kleurige LED-aanduiding houdt u het vochtigheidsniveau in de ruimte altijd in het oog. Met zijn accenten in donkergrijs past hij stijlvol in ieder interieur.
Voordelen in de praktijk: 

Hygrostatgeregelde ontvochtigingsautomaat met streefwaardevoorkeuze tussen 30 en 80 % r.v. in stappen van 10 %
Zodra de gewenste luchtvochtigheidswaarde is bereikt, schakelt de compressor vanzelf uit. De ventilator loopt door. De weergave op het bedieningspaneel blijft aan. Bij overschrijding gaat het apparaat automatisch weer aan.
Modus voor automatisch bedrijf
Kleuren-LED voor weergave van de daadwerkelijke luchtvochtigheid
Weergave van de relatieve luchtvochtigheid
Wasdroogfunctie
Timerfunctie
Zelfreinigende functie
Auto-restartfunctie (memoryfunctie)
Gemakkelijk toegankelijk luchtfilter, eenvoudig te reinigen. Filtert dierenhaar, pluisjes, dons, stof en voorkomt bacteriegroei.
Actieve-koolfilter te bestellen als extra accessoire
Ontdooi-automaat
Aansluiting voor een externe condensafvoer
2 ventilatiestanden
Waarschuwingslampje bij vol waterreservoir
Overloopbeveiliging met automatische uitschakeling

 

"
191,Auto Ruit Ontvochtiger - Lucht Ontvochtiger - Herbruikbaar - Universeel,,Bantach,,,,"17,99",Op voorraad,https://www.bol.com/nl/nl/p/auto-ruit-ontvochtiger-lucht-ontvochtiger-herbruikbaar-universeel/9300000132659134/,2,"
De Bantach-ontvochtiger onttrekt het vocht uit de lucht in je auto. Neemt tot wel 80 procent van zijn gewicht in vocht op en kan daarna worden hergebruikt nadat je het vocht hebt laten verdampen op de verwarming. Met deze duoverpakking kun je dan mooi meteen de andere ontvochtiger gebruiken.Deze versie van 400 gram is geschikt voor kleiner auto's en de werkingsduur is circa 4 maanden. Beschermt tegen beslagen ruiten, schimmel elektronicaschade, roest en vervelende geuren.
"
192,Luchtontvochtiger - Luchtontvochtiger Slaapkamer - Luchtontvochtiger en Luchtreiniger 1L - Vochtvreter Elektrisch Draagbaar Geschikt Voor Huis & Kantoor - Duurzaam - Rood,,Merkloos,,,,"87,95",,https://www.bol.com/nl/nl/p/luchtontvochtiger-luchtontvochtiger-slaapkamer-luchtontvochtiger-en-luchtreiniger-1l-vochtvreter-elektrisch-draagbaar-geschikt-voor-huis-kantoor-duurzaam-rood/9300000171230178/,6,"
Op zoek naar een hoogwaardige luchtontvochtiger en luchtreiniger voor je huis of kantoor? Zoek niet verder! De Luchtontvochtiger is de perfecte oplossing om vochtigheid en schimmel te bestrijden, terwijl je geniet van een gezonde en frisse leefomgeving. Hoogwaardige Kwaliteit Onze Luchtontvochtiger is met de grootste zorg in Europa vervaardigd, wat staat voor vakmanschap en kwaliteit. We hebben gebruik gemaakt van de nieuwste technologieën om een product te creëren dat betrouwbaar en duurzaam is. Dit betekent dat je jarenlang kunt vertrouwen op de prestaties van onze luchtontvochtiger. Efficiënte Ontvochtiging Met de Luchtontvochtiger kun je tot wel 20 liter water per dag verwijderen, en dit alles met een laag energieverbruik. Onze luchtontvochtiger is uitgerust met een stille werking en een 24-uurs timer, zodat je de vochtigheid in je ruimte kunt reguleren op een manier die bij jouw levensstijl past. Luchtreiniging Onze Luchtontvochtiger doet meer dan alleen vocht verwijderen. Het beschikt over luchtreinigingstechnologie die de luchtkwaliteit verbetert door stof, allergenen en onzuiverheden te filteren. Dit zorgt voor een schone en gezonde ademomgeving. Draagbaar en Handig Met een draagbaar waterreservoir van 1000 ml is onze luchtontvochtiger gemakkelijk te verplaatsen en te legen. Het compacte ontwerp maakt het ideaal voor gebruik in zowel huis als kantoor. Bovendien biedt de stille en automatische uitschakeling gemoedsrust, zelfs als je het apparaat 's nachts gebruikt. Prijs en Prestaties De Luchtontvochtiger biedt de perfecte balans tussen prijs en prestaties. We begrijpen het belang van waar voor je geld, en ons product levert uitstekende resultaten zonder je budget te belasten. Kortom, als je op zoek bent naar een hoogwaardige, betaalbare, en in Europa vervaardigde luchtontvochtiger en luchtreiniger die geschikt is voor zowel huis als kantoor, dan is de GanD Luchtontvochtiger de juiste keuze. Bestel vandaag nog en creëer een gezonde en comfortabele leefomgeving voor jou en je gezin. Voorkom vochtproblemen en geniet van de voordelen van schone, droge lucht met onze witte, duurzame luchtontvochtiger.  
"
193,TROTEC Luchtontvochtiger TTK 127 E,,Trotec,,"5,0",1,"359,95",,https://www.bol.com/nl/nl/p/trotec-luchtontvochtiger-ttk-127-e/9200000055006858/,11,"
TROTEC TTK 127 E - LuchtontvochtigerKrachtige prestaties voor grote woon- en kantoorruimtenHet modernste comfort, in combinatie met functioneel designAangenaam functionele vormgeving, opvallend comfortabele technische uitrusting, terughoudend bij de prijsstelling: De luchtontvochtiger TTK 127 E beschikt niet alleen over duurzame waarden, maar heeft bovendien als zeer bijzonder highlight een extra 'comfortfunctie'. Altijd een optimaal binnenklimaat – en dat met één druk op de knop. De TTK 127 E regelt de luchtvochtigheid temperatuursafhankelijk automatisch op de comfortabele waarde. De luchtontvochtiger onttrekt op deze manier maximaal 50 liter vocht per dag aan de lucht in de ruimte en is geschikt voor ruimten tot maximaal 150 m².Effectief en simpelHet apparaat beschikt uiteraard ook over een hygrostaatgeregelde ontvochtigingsautomaat. Hierbij wordt vooraf als streefwaarde een vaste luchtvochtigheidswaarde geselecteerd. De streefwaarde is in stappen van 5 % instelbaar tussen 35 en 85% relatieve luchtvochtigheid. Bij overschrijding van de waarde wordt de luchtontvochtiger automatisch geactiveerd en om enerige te sparen vanzelf weer uitgeschakeld zodra de gewenste doelwaarde is bereikt.Overtuigende kenmerkenDe timerfunctie, een waarschuwingslampje bij een vol waterreservoir, de overloopbeveiliging met automatische uitschakeling, evenals een wasdroogmodus, maken de comfort-uitrusting van de TTK 127 E compleet. Bovendien maakt het geïntegreerde, uitwasbare luchtfilter extra luchtreiniging mogelijk door het tegenhouden van stof of dierenhaar.Een geïntegreerde slangaansluiting maakt ook bij onbeheerd continubedrijf het afvoeren van condens mogelijk – de ideale voorwaarde voor permanent gebruik, bijvoorbeeld in hobbyruimten of vakantiewoningen, waar het regelmatig legen van het reservoir niet mogelijk is. Het grote condensreservoir heeft een inhoud van 6 liter, waardoor de legingsfrequentie aangenaam wordt gereduceerd. Dankzij z'n wieltjes en de praktische draaggrepen, is de TTK 127 E ook zeer goed voorbereid voor het flexibel wisselen van de gebruikslocatie. Het gebruik van de TTK 127 E is dankzij de diverse handige kenmerken net zo eenvoudig als het onderhoud ervan.Propaan (R290) als milieuvriendelijk koudemiddel in luchtonvochtigersJaarlijks worden door het gebruik van synthetische koudemiddelen miljoenen tonnen milieu-onvriendelijk C02 (broeikasgassen) uitgestoten. Daarom stellen wij ons ten doel gebruik te maken van alternatieve koelmiddelen. Doordat er bij deze luchtontvochtiger gebruik wordt gemaakt van propaan (R290) als koudemiddel wordt er een waardevolle bijdrage geleverd aan de bescherming van het milieu.Het natuurlijke koudemiddel propaan (R290) is een organische verbinding en behoort tot de koolwaterstoffen. In tegenstelling tot synthetische koudemiddelen zorgt het milieuvriendelijke propaan (R290) noch voor aantasting van de ozonlaag (ODP = 0) noch voor een toename van het broeikas-effect (GWP = 3).Nog een extra voordeel voor het milieu: dankzij de voortreffelijke thermodynamische eigenschappen is propaan (R290) een zeer energie-efficiënt koudemiddel waardoor aanzienlijk wordt bespaard op de kosten voor elektriciteit. Voordelen in de praktijk:  Hygrostaatgeregelde ontvochtigingsautomaat met voorkeuze tussen 35 en 85% r.v. in stappen van 5%. Comfortbedrijf voor temperatuursafhankelijke automatische regeling van de luchtvochtigheid Hygrostaatregeling met voorselecteerbare reële vochtigheidswaarde Waarschuwingslampje bij vol waterreservoir Overloopbeveiliging met automatische uitschakeling Aansluiting voor externe condensafvoer Naar keuze volledig automatisch of permanent bedrijf Goed afleesbaar, verlicht display Weergave van relatieve luchtvochtigheid Wasdroogfunctie Timerfunctie 2 ventilatorsnelheden Kabelopwikkeling   Let op: specificaties kunnen zonder opgave van redenen in het belang van een lopende productverbetering door de fabrikant worden gewijzigd. Aan de afbeeldingen van producten en eventueel getoonde specificaties of keurmerken kunnen geen rechten worden ontleend
"
194,Klarstein DryFy Grand Smart 55 - Luchtontvochtiger- WiFi - Compressie - 55 l/d - 40-50 m² - Wit,,Klarstein,,,,"289,49",,https://www.bol.com/nl/nl/p/klarstein-dryfy-grand-smart-55-luchtontvochtiger-wifi-compressie-55-l-d-40-50-m-wit/9300000165668656/,7,"
Je beter voelen met de juiste luchtvochtigheid: De  Klarstein DryFy Grand Smart 55 luchtontvochtiger bestrijdt vochtige lucht in een handomdraai en zorgt voor een vrije ademhaling evenals voor droge lucht na bouw- of renovatiewerkzaamheden of waterschade. Hij onttrekt tot 55 liter vocht per dag uit de lucht. Daarmee is de  Klarstein DryFy Grand Smart 55 luchtontvochtiger ideaal voor ruimtes van 40 tot 50 m². Een grote tank met 8 liter volume vangt het water op. Dankzij de wifi-interface kun je het apparaat handig via de Klarstein app bedienen en comfortabel met de 24-uurs timer programmeren. Het is gemakkelijker dan ooit om voor de perfecte luchtvochtigheid te zorgen. De Klarstein DryFy Grand Smart 55 luchtontvochtiger zorgt ervoor dat je de beste lucht inademt.  Eigenschappen:  Ideale luchtvochtigheid: 55 liter / 24 uur ontvochtigingsvermogen  Gaat lang mee: dankzij grote watertank van 8 liter  Veilig: met alarmfunctie en automatische uitschakeling als de tank vol is  Smart Home: wifi interface voor eenvoudige bediening via Klarstein app  Veel functies: instelbare doelvochtigheid en timer tussen 1 en 24 uur Omvang Levering:   1 x Luchtontvochtiger 1 x Waterafvoerslang Meertalige gebruikershandleiding  Afmetingen:   Afmetingen: ca. 46 x 71 x 30,5 cm (BxHxD) Lengte kabel: ca. 180 cm Gewicht: ca. 25 kg  Artikelnummer: 10045544
  "
195,FineandFair - Luchtontvochtiger - 2-in-1 Luchtreiniger Dehumidifier - Ontvochtigd 350ML Per Dag- Stil - Coloured LED - Slaapkamer / Badkamer / Huis - Zwart,,FineandFair,,,,"84,99",,https://www.bol.com/nl/nl/p/fineandfair-luchtontvochtiger-2-in-1-luchtreiniger-dehumidifier-ontvochtigd-350ml-per-dag-stil-coloured-led-slaapkamer-badkamer-huis-zwart/9300000171996718/,6,"
Voorkom bacteriën, schimmels of allergenen in huis en gebruik de 2-in-1 luchtontvochtiger / luchtreiniger van FineandFair. Het apparaat is muisstil (39 dB) en ontzettend zuinig (45W). Je kunt deze dus 24/7 gebruiken in elke ruimte, zelfs de slaapkamer. Per dag filter je tot 350 ml vocht uit de lucht! In het waterreservoir zit een 7-kleurige LED lamp die je aan kunt zetten voor sfeerlicht. De luchtontvochtiger schakelt automatisch uit voordat hij vol zit en licht dan rood op. Voor het beste resultaat plaats je de luchtontvochtiger in een ruimte van 10 – 20 m² met een kamertemperatuur tussen de 8°C en 40°C.2-in-1 luchtreiniger- en ontvochtigerDe luchtontvochtiger van FineandFair verlaagt in hoog tempo de luchtvochtigheid in elke ruimte. Daarnaast verwijdert de luchtontvochtiger ook schimmels, bacteriën en allergenen! De filter achterin het apparaat verwijdert stof en zuivert het water. De luchtontvochtiger laat geen geurtjes of vlekken achter. Ideaal bij allergieën en vochtige ruimtes!Fluisterstil 39dBWil je graag een minder vochtige slaapkamer? De luchtontvochtiger werkt middels thermo-elektrische elementen. Dit zorgt ervoor dat de luchtontvochtiger muisstil is! Het geluidsniveau is maar 39 dB. Je kunt de luchtontvochtiger dus zelfs aanzetten tijdens het slapen!LED-sfeerlampCreëer een sfeervolle ruimte met de 7-kleurige LED-lamp die het waterreservoir verlicht! Met een druk op de knop kies je gewenste kleur. Je kunt de LED-lampjes de hele nacht aan laten staan, maar uiteraard ook uit zetten. Als de watertank 70% vol is gaat automatisch het rode licht aan om je te waarschuwen de tank te legen.FineandFair LuchtontvochtigerOntvochtigd tot 350 ml per dagVerwijdert bacteriën, schimmels en allergenenAutomatische uitschakelingSfeervolle LED-nachtlampEnergiezuinigOntvochtigd 350 ml per dagDe luchtontvochtiger heeft een groot waterreservoir met een capaciteit van 1000 ml. Je hoeft daardoor niet elke dag het reservoir te legen. De luchtontvochtiger vangt bij 30°C en 80% luchtvochtigheid maximaal 350 ml water per dag op.Automatische uitschakelingOm te voorkomen dat de luchtontvochtiger overstroomt gaat hij automatisch uit als het waterreservoir vol is. Als het reservoir voor 70% gevuld gaat een rood licht branden. Zodra het reservoir helemaal vol zit schakelt hij volledig uit. Leeg het waterreservoir simpelweg in de gootsteen en zet de luchtontvochtiger weer aan!Voor ruimtes van 10 – 20 m²Voor het beste resultaat plaats je de luchtontvochtiger in een ruimte tussen 10 – 20 m². Gebruik hem dus in kleine ruimtes zoals de bijkeuken, maar ook in grotere ruimtes zoals de slaapkamer! De gewenste kamertemperatuur is tussen 8°C en 40°C. De luchtontvochtiger zal niet goed werken bij kamertemperaturen onder 5°C of onder 45% luchtvochtigheid. Er zit dan te weinig vocht in de lucht.Compact en energiezuinigDe luchtontvochtiger van FineandFair is lichtgewicht en makkelijk om overal mee te nemen. Alles bij elkaar weegt hij maar 1,3 kg! Je kunt de luchtontvochtiger hierdoor eenvoudig verplaatsen en opbergen. Met een verbruik van 36W is hij ook zeer energiezuinig. Je kunt de luchtontvochtiger dus zonder zorgen 24/7 aan laten staan! Bestel nu de luchtontvochtiger van en zeg gedag tegen bacteriën, schimmels en allergenen!
"
196,Intelectro Luchtontvochtiger - Adem Gemak en Comfort in Elke Ademhaling! - 20L/dag - Krachtige Ontvochtigingscapaciteit - Geschikt voor Grote Ruimtes - Helpt Tegen Vocht en Schimmel - Ingebouwde Timer - Wit - Levering Sneller dan Aangegeven!,,Intelectro,,,,"329,95",,https://www.bol.com/nl/nl/p/intelectro-luchtontvochtiger-adem-gemak-en-comfort-in-elke-ademhaling-20l-dag-krachtige-ontvochtigingscapaciteit-geschikt-voor-grote-ruimtes-helpt-tegen-vocht-en-schimmel-ingebouwde-timer-wit-levering-sneller-dan-aangegeven/9300000159890560/,9,"
Op zoek naar een effectieve manier om voorgoed af te rekenen met vochtproblemen en schimmel in jouw leefruimte? Dan is de Intelectro Luchtontvochtiger met een krachtige ontvochtigingscapaciteit van 20L in 24 uur precies wat je nodig hebt! Stel je eens voor: een woning waarin de lucht fris en gezond aanvoelt, zonder die onaangename klamheid. Met de Pro Breeze Luchtontvochtiger bereik je precies dat. Dankzij zijn indrukwekkende vermogen kan hij tot wel 20 liter vocht per dag uit de lucht verwijderen, waardoor zelfs ruimtes tot 195 m³ (~30 m²) in oppervlakte er baat bij hebben. Wat deze luchtontvochtiger echt onderscheidt, zijn de 4 handige bedieningsmodi die je volledige controle geven over je binnenklimaat. Het digitale display maakt het instellen en aanpassen van de ontvochtigingsniveaus een fluitje van een cent. Gebruik de drainageslang om je ontvochtiger rechtstreeks aan te sluiten op een afvoer, wat betekent dat je je nooit meer zorgen hoeft te maken over het legen van het waterreservoir. Heb je last van was die moeilijk droogt? De Intelectro Luchtontvochtiger biedt ook een speciale droogmodus, waardoor je kleding sneller en efficiënter droogt dan ooit tevoren. En alsof dat nog niet genoeg is, kun je met de handige timerfunctie de ontvochtiger zo instellen dat hij zich automatisch uitschakelt wanneer jij dat wilt. Zeg vaarwel tegen vochtige muren, muffe geuren en schimmelvorming. Kies vandaag nog voor de Intelectro Dehumidifier 20L en creëer een comfortabele, gezonde en gastvrije leefomgeving voor jou en je dierbaren. Klik op de aankoopknop en ervaar zelf de transformatie!   Goed nieuws! Wij kunnen jouw bestelling sneller leveren dan aanvankelijk aangegeven. Onze toegewijde team werkt nauw samen met onze verzendpartners om ervoor te zorgen dat jouw bestelling zo snel mogelijk bij jou thuis wordt afgeleverd. Je kunt dus sneller dan verwacht genieten van jouw nieuwe aankoop. Bestel nu en profiteer van onze snelle leveringstijden!
"
197,"Luchtontvochtiger – Luchtreiniger – Draagbaar - Elektrisch – Peltier Technologie – Automatische Uitschakeling – Dehumidifier - Ultra Stil – Slaapkamer, Badkamer - Wit",,Merkloos,,,,"119,95",,https://www.bol.com/nl/nl/p/luchtontvochtiger-luchtreiniger-draagbaar-elektrisch-peltier-technologie-automatische-uitschakeling-dehumidifier-ultra-stil-slaapkamer-badkamer-wit/9300000172927138/,7,"
Op zoek naar een betrouwbare luchtontvochtiger om vochtproblemen in huis aan te pakken? De CONOPU Luchtontvochtiger biedt een effectieve oplossing, zodat je kunt genieten van een comfortabele en gezonde leefomgeving.   Veel mensen ervaren vochtproblemen in kleine ruimtes, wat kan leiden tot ongemak en zelfs gezondheidsproblemen. De CONOPU Luchtontvochtiger is ontworpen om dit probleem aan te pakken en zorgt voor een optimale luchtvochtigheid in huis.   Plus- en Min Punten: + Geruisloze werking maakt het ideaal voor gebruik tijdens het slapen. + Handig handvat en afneembaar filternet voor eenvoudige verplaatsing en onderhoud. + Verstelbare kleurrijke LED-verlichting voor een sfeervolle omgeving. - Niet geschikt voor gebruik bij temperaturen onder 8 °C en luchtvochtigheid onder 60%.   Product Specificaties: - Merk: CONOPU - Kleur: Wit - Capaciteit Waterreservoir: 1000 ml - Geluidsniveau: <39 dB - Afmetingen L x B x H: 25,6 x 15 x 15 cm - Gewicht: 1.25 kg - Speciale functies: Draagbaar, Afneembaar - Aantal snelheden: 1     Waarom is de luchtontcovhtiger van Conopu de beste? De CONOPU Luchtontvochtiger onderscheidt zich met de volgende pluspunten: - Efficiënt Ontvochtigen:Verwijdert tot 450 ml water per dag. - Auto-Off Functie: Voorkomt lekkage door tijdig led-indicator en pieptonen. - LED-Verlichting: Verstelbare kleuren voor een aangename sfeer.   Ruime Ervaring in de Branche: Met jarenlange ervaring begrijpen we de behoeften van klanten in vochtregulatie. Onze luchtontvochtiger combineert efficiëntie en gebruiksgemak voor optimale resultaten.   Inhoud van Uw Bestelling: 1x CONOPU Luchtontvochtiger 1x Kabelloos Windscherm voor Binnengebruik 1x USB-Ladekabel 2x Anker 1x Band 2x Schroeven 1x Handleiding (Engels/Chinees)   Creëer een comfortabel thuis met de CONOPU Luchtontvochtiger. Bestel nu en ervaar de voordelen van optimale luchtvochtigheid. Adem frisse lucht in en geniet van een gezonde leefomgeving!
"
198,VivaAir Kleine Huishoudelijke Luchtontvochtiger - Stille Vochtbestendige Droger - In Slaapkamer Kelder Kantoor - Zwart,,VivaAir,,,,"74,95",,https://www.bol.com/nl/nl/p/vivaair-kleine-huishoudelijke-luchtontvochtiger-stille-vochtbestendige-droger-in-slaapkamer-kelder-kantoor-zwart/9300000171255170/,7,"
VivaAir Kleine Huishoudelijke Luchtontvochtiger - Zeg Dag tegen Vochtproblemen! Op zoek naar een effectieve oplossing voor vochtproblemen in je slaapkamer, kelder of kantoor? De VivaAir Kleine Huishoudelijke Luchtontvochtiger is dé stille vochtbestendige droger die je nodig hebt! Met zijn compacte formaat en zwarte design past hij perfect in elke ruimte. Zeg maar dag tegen muffe lucht en vochtige omstandigheden! Bestel nu jouw VivaAir luchtontvochtiger en geniet van drogere en gezondere lucht. Compact en Draagbaar: Ideaal voor Kleine Ruimtes De VivaAir Kleine Huishoudelijke Luchtontvochtiger is perfect voor kleinere ruimtes zoals slaapkamers en kelders. Met zijn compacte formaat past hij gemakkelijk op een bureau, plank of zelfs op de vloer. Neem hem mee naar waar je hem het meest nodig hebt! Geruisloze Werking voor Ongestoorde Nachten Dankzij de stille vochtbestendige droger van VivaAir kun je genieten van een goede nachtrust zonder gestoord te worden door een zoemend geluid. Met zijn fluisterstille werking kun je de luchtontvochtiger probleemloos in je slaapkamer plaatsen en zelfs laten draaien terwijl je slaapt. Bestrijdt Vochtproblemen op een Eenvoudige en Efficiënte Manier Met de VivaAir luchtontvochtiger hoef je je geen zorgen te maken over vochtige ruimtes. Of het nu een vochtige kelder is of een klam kantoor, deze luchtontvochtiger zorgt ervoor dat de luchtvochtigheid op een efficiënte manier wordt verminderd, waardoor schimmel en muffe geuren worden voorkomen. Belangrijkste Kenmerken:  Compact en Draagbaar: Perfect voor kleine ruimtes. Geruisloze Werking: Stoort niet tijdens je slaap. Efficiënte Vochtafvoer: Bestrijdt vochtproblemen effectief. Zwart Design: Past bij elk interieur. Eenvoudig in Gebruik: Met één druk op de knop.  Veelgestelde Vragen: 1. Is de VivaAir Kleine Huishoudelijke Luchtontvochtiger geschikt voor kleine ruimtes? Ja, deze luchtontvochtiger is speciaal ontworpen voor kleine ruimtes zoals slaapkamers, kelders en kantoren. 2. Hoe werkt de VivaAir Kleine Huishoudelijke Luchtontvochtiger? De luchtontvochtiger trekt vocht uit de lucht door middel van een krachtige ventilator en een intern koelsysteem. Het vocht wordt opgevangen in een afneembaar waterreservoir. 3. Is de VivaAir Kleine Huishoudelijke Luchtontvochtiger stil in gebruik? Ja, deze luchtontvochtiger is speciaal ontworpen om stil te werken, zodat het geen storend geluid maakt tijdens bijvoorbeeld het slapen of werken. 4. Kan ik de VivaAir Kleine Huishoudelijke Luchtontvochtiger ook gebruiken in mijn kelder? Absoluut! Deze luchtontvochtiger is juist ideaal voor gebruik in vochtige kelderruimtes, waar het vochtgehalte vaak hoog is. Het helpt om schimmelvorming en muffe geuren te voorkomen. 5. Hoe vaak moet ik het waterreservoir legen? Dit hangt af van de luchtvochtigheid in de ruimte en het gebruik van de luchtontvochtiger. Gemiddeld kan het reservoir om de paar dagen tot een week geleegd worden. Een handige indicator geeft aan wanneer het tijd is om het reservoir te legen.
"
199,TROTEC Luchtontvochtiger TTK 68 E,,Trotec,,"4,4",30,"349,95",,https://www.bol.com/nl/nl/p/trotec-luchtontvochtiger-ttk-68-e/9200000050692625/,14,"
Design-luchtontvochtiger TTK 68 E
Met de TTK 68 E uit de HomeComfort-serie zorgt u het hele jaar voor een optimale luchtvochtigheid en een gezond klimaatcomfort binnenshuis. Niet alleen de juiste temperatuur is doorslaggevend voor een ideaal binnenklimaat, ook de optimale luchtvochtigheid. In verwarmde woonruimten mag de luchtvochtigheid de 60 % grens niet overschrijden, in de badkamer kan deze wel eens 70 % of meer zijn.
Overtuigende kenmerken
De timerfunctie, een waarschuwingslampje bij een vol waterreservoir, de overloopbeveiliging met automatische uitschakeling, een wasdroogmodus evenals een kinderbeveiliging, maken de comfort-uitrusting van de TTK 68 E compleet. Bovendien maakt het geïntegreerde, uitwasbare luchtfilter extra luchtreiniging mogelijk doordat stof of dierenhaar uit de lucht wordt gefilterd.
Auto-restart-functie
Door de automatische herstartfunctie (ook wel memory-functie genoemd) start het apparaat na een onverwachte uitschakeling door een stroomonderbreking weer opnieuw met de voorgeselecteerde instellingen, zodra de stroomvoorziening weer aanwezig is. Hierdoor is de luchtontvochtiger ook geschikt voor het gebruik met een tijdschakelklok.
Veilig voor uw was: drogen met behulp van een luchtontvochtiger
Behalve voor het ontvochtigen van de lucht in een ruimte kan een luchtontvochtiger ook eenvoudig worden ingezet voor het drogen van was - ter ondersteuning of compleet ter vervanging van een gebruikelijke wasdroger. De wasdroogfunctie (ook wel textieldroog-modus of superdry-functie genoemd) is vergelijkbaar met het traditioneel drogen van de was in de buitenlucht.
Luchtontvochtigers hebben als voordeel dat de was net als in de buitenlucht op een veilige manier wordt gedroogd. Kleuren blijven behouden en de kleding blijft langer mooi dan bij het gebruik van wasdrogers en daarbij wordt ook nog eens minder energie verbruikt.
Bovendien kunnen wol, zijde of fijne synthetische stoffen zonder problemen worden gedroogd. In tegenstelling tot het drogen van de was buiten blijft de was zachter en voelt prettiger aan op de huid.
Was kan ook gedroogd worden met luchtontvochtigers zonder wasdroogfunctie. De luchtvochtigheidswaarde moet dan als volgt worden ingesteld:
Kastdroog: 46 % relatieve luchtvochtigheid
Strijkdroog: 58 % relatieve luchtvochtigheid
Licht gedroogd: 65 % relatieve luchtvochtigheid
Propaan (R290) als milieuvriendelijk koudemiddel in luchtonvochtigers
Jaarlijks worden door het gebruik van synthetische koudemiddelen miljoenen tonnen milieu-onvriendelijk C02 (broeikasgassen) uitgestoten. Daarom stellen wij ons ten doel gebruik te maken van alternatieve koelmiddelen. Doordat er bij deze luchtontvochtiger gebruik wordt gemaakt van propaan (R290) als koudemiddel wordt er een waardevolle bijdrage geleverd aan de bescherming van het milieu.
Het natuurlijke koudemiddel propaan (R290) is een organische verbinding en behoort tot de koolwaterstoffen. In tegenstelling tot synthetische koudemiddelen zorgt het milieuvriendelijke propaan (R290) noch voor aantasting van de ozonlaag (ODP = 0) noch voor een toename van het broeikas-effect (GWP = 3).
Nog een extra voordeel voor het milieu: dankzij de voortreffelijke thermodynamische eigenschappen is propaan (R290) een bijzonder energiezuinig koudemiddel waardoor aanzienlijk wordt bespaard op de kosten voor elektriciteit.
Voordelen in de prakijk:


Hygrostaatgerelde ontvochtigingsautomaat met streefwaardevoorkeuze tussen 30 en 80 % in stappen van 10 %




Hygrostaatregeling met voorkeuze voor reële vochtigheidswaarde




Zodra de gewenste luchtvochtigheid is bereikt, schakelt de compressor vanzelf uit. De ventilator draait door. Bij overschrijding wordt het apparaat automatisch geactiveerd




Auto-restartfunctie voor gebruik met een externe tijdschakelklok




Naar keuze volautomatisch of permanent bedrijf




Touch-bedieningspaneel met LED




Timer-functie




Ventilator met drie snelheden




Gemakkelijk toegankelijk luchtfilter, gemakkelijk te reinigen. Filtert dierenhaar, pluisjes en stof en voorkomt bacteriegroei




Waarschuwingslampje bij vol waterreservoir




Overloopbeveiliging met automatische uitschakeling




Elektronische ontdooi-automaat




Afvoeraansluiting voor permanente droging


 
 
 
"
200,Lucht Ontvochtiger - Auto Ontvochtiger - Indicator -  Universeel - Herbruikbaar - 18 x 18 x 6 CM - Zwart,,Vintag,,,,"19,99",Op voorraad,https://www.bol.com/nl/nl/p/lucht-ontvochtiger-auto-ontvochtiger-indicator-universeel-herbruikbaar-18-x-18-x-6-cm-zwart/9300000124171922/,2,"
    De perfecte oplossing voor beslagen ruiten en andere vochtproblemen in jouw auto,camper of boot. Deze auto-ontvochtiger trekt het vocht als een magneet uit de lucht en houdt het veilig vast. Neemt tot wel 40% van zijn gewicht in vocht op. Lekt niet en laat geen vlekken achter die schade kunnen veroorzaken aan het interieur van uw auto. Te plaatsen in het voetenruimte, het dashboard, onder de stoelen, in het opbergvaak in de deur etc. Herlaadbaar in de magnetron, 6 minuten op 600W en daarna steeds weer opnieuw te gebruiken.VOORDELENHerbruikbaarCompactVerzekerd een veilige en droge reisMultifunctioneelMilieuvriendelijkFraai en onopvallend designMet het Zomerseizoen achter de rug benadert regen ons sneller dan je denkt. Wees voorbereid en koop de Vintag Luchtontvochtiger nu!
"
201,MeacoDry Arete® One 10L - Luchtontvochtiger,,Meaco,,,,"179,50",,https://www.bol.com/nl/nl/p/meacodry-arete-one-10l-luchtontvochtiger/9300000140898327/,13,"
De Meaco Arete One 10L is een fluisterstille, energiezuinige luchtontvochtiger en luchtreiniger voor grotere ruimtes tot 40 m². De Meaco Arete One 10L luchtdroger is ontworpen om de luchtvochtigheid in grotere ruimtes te helpen beheersen, de lucht fris te houden en uw omgeving veilig en gezond. Deze stille luchtdroger wordt compleet geleverd met een HEPA H13 filter om de lucht ook nog eens extra te filteren. Eenvoud is de sleutel De Meaco Areta One is de stilste en meest energiezuinige luchtonvochtiger in het assortiment van Meaco. De Meaco Arete is niet alleen stijlvol ontworpen, hij is ook erg praktisch. Door de openingen aan de zijkant van ontvochtiger is deze dichter tegen de muur te plaatsen. We hebben voeten toegevoegd om hem als een meubelstuk te laten ogen, de zwenkwielen zijn weggewerkt. Luchtontvochtiger Meaco Areta One is bekroond met een 'Quiet Mark Award' waardoor deze luchtdroger perfect is voor ruimtes waar in rust gewerkt of verbleven wordt. ‘Unique British Design’, het design van de Arete® is een eigen ontwerp van Meaco. Met grote zorgvuldigheid heeft het ontwerpproces in samenwerking met een Londens designbureau plaatsgevonden. Het configuratiescherm van Arete is eenvoudig te gebruiken en geeft u volledige controle. Met grote knoppen voor de meest gebruikte functies, kunt u het apparaat met een enkele druk op een knop bedienen - met name voor Smart Humidity Control en Smart Laundry. Het is ongecompliceerd en efficiënt - precies wat u nodig heeft. ""Gebruiksgemak en gemak zijn misschien wel de grootste troeven van de Arete One. U hoeft nauwelijks iets te doen; zet hem gewoon aan ..."" Slaap rustig met onze nachtmodus We hebben geleerd dat veel units een nachtmodus hebben. Maar dat gaat vaak gepaard met een vervelend licht en geluiden als je op knoppen drukt. Onze nachtmodus is anders. Elk lampje gaat uit, de ventilatorsnelheid gaat naar de stilste lage stand en er zijn geen willekeurige geluiden. En met een kinderslotfunctie hoeft u zich geen zorgen te maken dat de nachtmodus - of welke modus dan ook - per ongeluk wordt uitgeschakeld. De nachtmodus van Arete is niet alleen voor 's nachts, maar altijd wanneer u wilt dat de luchtontvochtiger zo stil mogelijk is. De lucht in huis schoonmaken We wilden dat de Arete het hele jaar door bruikbaar zou zijn. Elke Arete One-luchtontvochtiger bevat dus een H13 HEPA-filter. Dit is een filter van medische kwaliteit dat de lucht reinigt tijdens het ontvochtigen, en ook kan worden gebruikt als stand-alone luchtreiniger tijdens de warmere maanden van het jaar. Arete is de Griekse godin van uitmuntendheid in alles. Met de range Areta One luchtontvochtigers is dit precies wat we hebben bereikt. De aandacht voor detail is uitvoerig geweest omdat we elke interactie tussen de gebruiker en de luchtontvochtiger hebben geperfectioneerd. Meaco Arete One 10L:  Een fluisterstille luchtontvochtiger.. Luchtontvochtiger en luchtreiniger in 1 apparaat. Energiezuinig. Eenvoudige bediening. HEPA 13 filter voor extra luchtreiniging. Slank model. Reduceert vocht en condensatie Handige functies zoals kinderslot, wasdroog-instelling en auto-restart. Voorzien van zwenkwielen voor eenvoudige verplaatsing Een afvoerslang met een normale tuinslang maat is aan te sluiten (12.5 mm binnendoorsnede) 
"
202,Stadler Form - Theo - Ontvochtiger - Wit - 40m2/100m3,,Stadler Form,,"4,0",1,"288,06",,https://www.bol.com/nl/nl/p/stadler-form-theo-ontvochtiger-wit-40m2-100m3/9200000121764139/,13,"
    Theo is een luchtontvochtiger met slang die niet misstaat in jouw huis. Luchtontvochtiger Theo heeft een ingebouwde hygrometer, werkt geluidsloos en is geschikt voor kamers tot 40m2. Albert heeft een opvangbak voor het water, maar is ook met slang aan te sluiten voor extra gemak. TheoDe eenvoudige elegantie gecombineerd met de topprestaties maken de kleine luchtontvochtiger Theo uniek. Theo houdt van vochtige ruimtes en verwijdert overtollig vocht uit de lucht. Een geïntegreerde hygrostaat betekent dat de gewenste luchtvochtigheid kan worden ingesteld op 40%, 50% of 60%. Als alternatief kan Theo op continu basis werken. Daarnaast kan de timer worden geprogrammeerd met een werkingsperiode van 1 tot 7 uur. Wanneer de tijdsperiode is afgelopen of het waterreservoir vol is, schakelt Theo automatisch uit. Als Theo langere tijd alleen thuis blijft, is de afvoer eenvoudig dankzij de meegeleverde slang. En als je Theo naar een andere kamer wilt verplaatsen, is het mogelijk hem met één hand op te tillen door zijn handige handgreep.SpecificatiesSysteem: CompressorGeschikt voor: Ruimtes tot 40m2Watertankgrootte: 2.1LGeluidsniveau: 42dBOntvochtiging per dag: 10LHygrometer: JaAan te sluiten met slang: JaStadler FormWe willen de wereld verbeteren met luchtbehandeling. Daarom ontwikkelen we bij Stadler Form gewilde huishoudelijke apparaten met een buitengewoon design. Onze producten zijn gemakkelijk en intuïtief in gebruik en zorgen voor een efficiënt stroom verbruik. We willen elegante en waardevolle toevoegingen van het interieur creëren die jouw welzijn verbeteren.
  "
203,"Ontvochtiger Cecotec BigDry 2000 Essential 0,7L Wit",,Cecotec,,"2,0",2,"44,99",,https://www.bol.com/nl/nl/p/extra-slimme-luchtontvochtiger-cecotec-bigdry-2000-essential-luchtreiniger/9200000128135006/,9,"
    Als je op zoek bent naar huishoudelijke apparaten tegen de beste prijzen, mis dan de Ontvochtiger Cecotec BigDry 2000 Essential 0,7L Wit niet, samen met een uitgebreide selectie van kleine huishoudelijke apparaten!

Kleur: Wit
Reservoir: 0,7 L
Discreet Stil
Bereik: 20 m2
Filter: Verwijderbare
Automatische Stop

"
204,Stadler Form - Albert - Ontvochtiger - Wit - 70m2/175m3,,Stadler Form,,"4,0",1,"537,11",,https://www.bol.com/nl/nl/p/stadler-form-albert-ontvochtiger-wit-70m2-175m3/9200000124110625/,15,"
    Albert is een luchtontvochtiger met slang die niet misstaat in jouw huis of op kantoor. Luchtontvochtiger Albert heeft een ingebouwde hygrometer, werkt geluidsloos en is geschikt voor kamers tot 60m2. Albert heeft een opvangbak voor het water, maar is ook met slang aan te sluiten voor extra gemak. AlbertHeb je last van schimmels of muffe luchtjes in huis? Dan is de kans groot dat de luchtvochtigheid te hoog is. Albert is als luchtontvochtiger geschikt voor ruimtes tot wel 60 m2 en onttrekt wel 20 liter vocht per dag aan de lucht. Je bedient hem heel eenvoudig met het bedieningspaneel aan de voorzijde. Je stelt hier de gewenste luchtvochtigheid in en leest de huidige waardes af. De ingebouwde hygrostaat meet zelf wanneer het tijd is om de ruimte automatisch te ontvochtigen. Albert heeft een eigen water opvangbak, maar is ook met een slang aan te sluiten op een water afvoer als hij langere tijd alleen thuis of op kantoor blijft. Daarmee kan hij automatisch 24 uur per dag zijn werk doen. SpecificatiesSysteem: CompressorGeschikt voor: Ruimtes tot 60m2Watertankgrootte: 4.6LGeluidsniveau: 33-44dBOntvochtiging per dag: 20LHygrometer: JaAan te sluiten met slang: JaStadler FormWe willen de wereld verbeteren met luchtbehandeling. Daarom ontwikkelen we bij Stadler Form gewilde huishoudelijke apparaten met een buitengewoon design. Onze producten zijn gemakkelijk en intuïtief in gebruik en zorgen voor een efficiënt stroom verbruik. We willen elegante en waardevolle toevoegingen van het interieur creëren die jouw welzijn verbeteren.
  "
205,"Wenko vochtkiller 2 x 2 kg navulverpakking, ruimtebevochtiger",,Wenko,,,,"23,95",,https://www.bol.com/nl/nl/p/wenko-vochtkiller-2-x-2-kg-navulverpakking-ruimtebevochtiger/9200000068055087/,9,"
    2kg drooggranulaat voor bestnr. 57 10 04.
  "
206,B.O.S. Huishoudelijke Mini Ontvochtiger - Elektrische Vochtvanger - Kelder Droogmiddel Machine - Lucht Droger - Luchtontvochtiger slaapkamer - Dehumidifier,,B.O.S.,,,,"79,95",,https://www.bol.com/nl/nl/p/b-o-s-huishoudelijke-mini-ontvochtiger-elektrische-vochtvanger-kelder-droogmiddel-machine-lucht-droger-luchtontvochtiger-slaapkamer-dehumidifier/9300000171035997/,6,"
Optimale Luchtvochtigheid, Overal en Altijd met de B.O.S. Huishoudelijke Mini Ontvochtiger De B.O.S. Huishoudelijke Mini Ontvochtiger is de perfecte oplossing voor vochtige omgevingen, waar dan ook in huis. Of je nu de kelder droog wilt houden, de slaapkamer wilt verbeteren of gewoon een gezonde luchtvochtigheid wilt behouden, deze elektrische vochtopnemer is jouw betrouwbare metgezel. Compact en Krachtig - De B.O.S. Huishoudelijke Mini Ontvochtiger Met zijn compacte ontwerp is de B.O.S. ontvochtiger gemakkelijk te plaatsen in elke ruimte, zonder veel ruimte in beslag te nemen. Ondanks zijn geringe formaat is deze machine krachtig en efficiënt, waardoor hij in staat is om overtollig vocht snel en effectief te verwijderen. Kenmerken en Voordelen: - **Eenvoudige Bediening**: Met een intuïtieve bedieningsinterface is het gebruik van de B.O.S. ontvochtiger moeiteloos. Pas eenvoudig de instellingen aan op basis van jouw voorkeuren. - **Veelzijdigheid in Toepassing**: Of je nu vochtproblemen in de kelder wilt aanpakken, de lucht in de slaapkamer wilt verbeteren of gewoon een frissere leefomgeving wilt creëren, deze ontvochtiger is geschikt voor diverse toepassingen. - **Stille Werking**: Geniet van een rustige en ongestoorde omgeving, zelfs wanneer de ontvochtiger in gebruik is. Het stille ontwerp zorgt ervoor dat je comfortabel kunt ontspannen terwijl de machine zijn werk doet. Technische Specificaties: - Afmetingen: 30 cm x 20 cm x 15 cm- Capaciteit: Tot 500 ml per dag- Geluidsniveau: Minder dan 40 dB- Energiezuinig: Laag stroomverbruik Inbegrepen in de Verpakking: - B.O.S. Huishoudelijke Mini Ontvochtiger- Stroomkabel- Gebruikershandleiding Bestrijd vochtproblemen effectief en geniet van een comfortabele leefomgeving met de B.O.S. Huishoudelijke Mini Ontvochtiger. Bestel nu en ontdek de voordelen van een optimaal vochtgehalte in huis! Mis het niet! Klik hier om de B.O.S. Huishoudelijke Mini Ontvochtiger vandaag nog te bestellen en transformeer jouw leefruimte. Voor verdere vragen of informatie, neem gerust contact met ons op.
"
207,Nordix Luchtontvochtiger - Vochtopnemer - XL - 2 stuks - Herbruikbaar - 2 Navulzakjes - 1.8L - Opvangbak Tot 50m2,,Nordix,,"4,3",10,"24,95",Op voorraad,https://www.bol.com/nl/nl/p/nordix-luchtontvochtiger-vochtopnemer-xl-2-stuks-herbruikbaar-2-navulzakjes-1-8l-opvangbak-tot-50m2-vochtvreter/9300000160906853/,5,"
Nordix luchtontvochtigers XL. Deze luchtontvochtiger zorgt ervoor dat de ideale luchtvochtigheid in een kamer wordt bereikt. De luchtontvochtiger is groot en beschikt over een inhoud van 1,8 L. De afmetingen van de ontvochtiger zijn 15 x 16 x 16 centimeter. Het meegeleverde zoutgranulaat bindt het vocht en heeft het af aan de opvangbak als vloeistof. Er worden 2 vullingen meegeleverd, de vullingen worden ook los verkocht voor navulling. Het materiaal van de bak is kunststof.  Set van 2 Opvangbak van 1,8 L Geschikt voor 25 tot 50 M2 Materiaal kunststof Navulbaar Voor de ideale luchtvochtigheid  Specificaties van de luchtontvochtiger XL  Merk: Nordix Materiaal: Kunststof Afmeting: 15 x 16 x 16 Kleur: Wit / Blauw 
"
208,Luchtontvochtiger - Luchtontvochtiger Slaapkamer - Luchtontvochtigers - Dehumidifier - Luchtontvochtiger Badkamer - Luchtontvochtiger Woonkamer - Luchtontvochtiger Huis,,Merkloos,,,,"112,95",,https://www.bol.com/nl/nl/p/luchtontvochtiger-luchtontvochtiger-slaapkamer-luchtontvochtigers-dehumidifier-luchtontvochtiger-badkamer-luchtontvochtiger-woonkamer-luchtontvochtiger-huis/9300000169365990/,7,"
Op zoek naar een effectieve oplossing om de luchtvochtigheid in huis te reguleren? De Home Dehumidifier is een uitstekende keuze voor iedereen die een compacte en stille luchtontvochtiger nodig heeft. Dit apparaat is geschikt voor ruimtes tot 20 vierkante meter, zoals de badkamer, woonkamer of andere ruimtes in huis, en biedt een efficiënte en gebruiksvriendelijke manier om overtollig vocht aan te pakken. Kenmerken van de thuisontvochtiger 1. Geschikt voor ruimtes tot 20m²: Perfect voor kleinere ruimtes, deze luchtontvochtiger kan effectief de vochtigheid reguleren in ruimtes tot 20m². 2. Grote capaciteit: Met een waterreservoir van 1000 milliliter biedt deze luchtontvochtiger voldoende capaciteit om uw leefruimte comfortabel en droog te houden. 3. Licht en draagbaar: Met een gewicht van slechts 1,33 kg is dit apparaat gemakkelijk te verplaatsen naar elke gewenste plek in huis. 4. Automatische werkmodus: Voor het gemak schakelt de Glovios Home Dehumidifier automatisch uit wanneer het waterreservoir vol is, waardoor het risico op overstroming tot een minimum wordt beperkt. 5. 5. Gekleurd LED Licht: Het gekleurde LED licht voegt sfeervolle verlichting toe aan uw ruimte, waardoor het apparaat niet alleen functioneel, maar ook esthetisch aangenaam is. Ideaal voor thuisgebruik De thuisontvochtiger is niet alleen functioneel, maar ook een stijlvolle toevoeging aan je interieur. De ultrastille werking zorgt ervoor dat het apparaat onopvallend blijft, waardoor het perfect is voor gebruik in woonruimtes. SpecificatiesVloeroppervlak: 20 vierkante meterCapaciteit: 1000 milliliterGewicht: 1.33 kilogramWerkmodus: AutomatischExtra: Gekleurd LED-lichtConclusie Met de Home Dehumidifier haal je een efficiënte, stijlvolle en gebruiksvriendelijke oplossing in huis om de luchtvochtigheid te reguleren. Dit apparaat is ideaal voor kleinere woonruimtes en heeft een stille werking. Het is een perfecte keuze voor iedereen die waarde hecht aan comfort en functionaliteit. Bestel nu en ervaar de voordelen van een gecontroleerde luchtvochtigheid in uw huis!
"
209,Master DH732 Bouwdroger / Luchtontvochtiger - 30L/24u,,Master,,,,"837,95",Op voorraad,https://www.bol.com/nl/nl/p/master-dh732-bouwdroger-luchtontvochtiger-30l-24u/9300000048502129/,0,"
    Luchtontvochtiger DH 732 van Master.
BIJZONDERE KENMERKEN


Snelle en automatische heetgasontdooiing


Hoge capaciteit


Duurzame ombouw


Gemakkelijk te gebruiken


Ingebouwde hygrostaat


Mogelijkheid om constant te werken (24 u/dag)


Waterreservoir met de functie van automatische uitschakeling van het apparaat bij volle waterreservoir


Mogelijkheid om de afvoerslang voor condenswater aan te sluiten (24 u/dag)


Tijdteller


Luchtfilter


Mogelijkheid tot stapelen


"
210,"Vochtvreter voor in Huis - Geurloos / Zonder Geur - tot 50m3 - Inclusief 2x Vochtmagneet Vulling - Vochtvanger voor Binnen met Navulling - voor Badkamer, Woonkamer of Slaapkamer",,Family Pound,,,,"24,99",Op voorraad,https://www.bol.com/nl/nl/p/vochtvreter-voor-in-huis-geurloos-zonder-geur-tot-50m3-inclusief-2x-vochtmagneet-vulling-vochtvanger-voor-binnen-met-navulling-voor-badkamer-woonkamer-of-slaapkamer/9300000169136266/,3,"
We moeten de temperatuur en vochtigheid in ons appartement reguleren om schimmel te voorkomen en de lucht gezond en fris te houden. Dit product biedt in dit geval uitstekende hulp, omdat het met behulp van het navullingzakje in de verpakking het vocht in de lucht van de kamer op verzamelt in de opvangcontainer. Zo bereikt u een gezonde luchtvochtigheid in de vertrekken waar het product geplaatst wordt. Makkelijk te gebruikenVerzamelt vocht efficiëntContainer- en 2x navulling in één pakketHij kan worden gebruikt in een ruimte tot 30 m² (~50m3)Hij kan overal worden geplaatst en heeft geen stroombron nodig Afmeting navulzak: 120 x 120 mmMateriaal: Lichaam: kunststofZakje: calciumchlorideKleur witGeur: GeurvrijGewicht navulling: 2 x 350 g
"
211,VANTUBO RECDUO_PLUS Luchtontvochtigers  Ventilator met warmteterugwinning ventilatie,,VANTUBO,,"2,5",2,"339,-",,https://www.bol.com/nl/nl/p/vantubo-recduo-plus-luchtontvochtigers-ventilator-met-warmteterugwinning-ventilatie/9300000023088124/,7,"
Decentrale puntventilatiesysteem met warmteterugwinning. Vereist geen plaatsing van ventilatiekanalen in het gebouw. Installatie vereist slechts één gat met een diameter van 100 mm in de buitenmuur met een dikte van 30 tot 50 cm ( optie 22 tot 100 cm ). Het apparaat /de apparaten die in elke kamer op de buitenmuur zijn gemonteerd, zorgen voor een thermisch effectief ventilatiesysteem. De geïntegreerde keramische ""honingraat'' warmtewisselaar recupereert tot 90% van de warmte uit de lucht die naar buiten wordt geworpen en voert deze terug naar de kamer met de lucht die van buiten naar binnen stroomt. Bediend met een afstandbediening. Uitgerust met vochtigheidssensor die de werking van het apparaat aanpassen aan veranderende omstandigheden. Drie ventilatorsnelheden, aangedreven door een borstelloze, ultrastille elektromotor met minimaal energieverbruik. Handmatige modus haalt lucht van buitenaf (verstelbaar max. 30 minuten). Handmatige modus om lucht naar buiten af ​​te voeren (verstelbaar max. 30 minuten). Automatische modus inlaat 60 seconden / uitlaat 60 seconden (verstelbaar). Het apparaat zorgt voor voldoende ventilatie van ruimtes met een oppervlakte tot 25 m2 (hoogte tot 2,7 m). Het kan onafhankelijk werken of een onderdeel vormen van het volledige ventilatiesysteem van het gebouw, bestaande uit maximaal 6 apparaten.Aanbevolen oppervlakte: _tot*25 m2_ Filters: G3  Thermisch rendement: tot 90% Sensoren: vochts Luchtdebiet min/med/max.: 12/30/40 m3/h Stroomverbruik min/med/max: 1/2,8/3,5 W Geluidsdruk min/med/max: 15/29 db(A) ( afstand 3 m )
  "
212,Watts Duovent Vlotterontluchter,,Watts,,,,"18,-",Op voorraad,https://www.bol.com/nl/nl/p/watts-duovent-vlotterontluchter/9200000072851485/,0,"
    Terug naar overzicht Watts Duovent Vlotterontluchter | 900250712
  "
213,AG Commerce Luchtontvochtiger - Luchtontvochtiger Slaapkamer - Luchtontvochtiger Badkamer - Mini Ontvochtiger - Draagbare Ontvochtiger - Kast Ontvochtiger - Batterij Ontvochtiger,,AG Commerce,,,,"39,95",,https://www.bol.com/nl/nl/p/ag-commerce-luchtontvochtiger-luchtontvochtiger-slaapkamer-luchtontvochtiger-badkamer-mini-ontvochtiger-draagbare-ontvochtiger-kast-ontvochtiger-batterij-ontvochtiger/9300000169551003/,7,"
    Op zoek naar een effectieve en handige oplossing voor vochtbestrijding? Maak kennis met de AG Commerce Luchtontvochtiger! Zeg gedag tegen traditionele ontvochtigingszakken en verwelkom een betere vochtbeheersing tot wel 30 dagen. Speciaal ontworpen voor kleine ruimtes, deze draagbare ontvochtiger werkt op batterijen en is perfect voor gebruik in uw kast of koelkast. Houd uw kleding en voedsel fris, droog en goed onderhouden met deze gemakkelijk te gebruiken ontvochtiger. Neem hem overal mee naartoe voor betrouwbare vochtbeheersing! Specificaties  Verbeterde vochteliminatie: neem geen genoegen met traditionele ontvochtigingszakken die de luchtvochtigheid niet beheersen! Ervaar een effectieve vochtbeheersing tot 30 dagen met deze mini-luchtontvochtiger, perfect voor gebieden tot 5. Draagbare kracht: ontdoen van vocht uit uw garderobe met gemak, dankzij onze mini-luchtontvochtiger die werkt op batterijen. Het is draadloos handig, draadloos en rommelvrij-precies wat u nodig hebt om uw kleding goed onderhouden en droog te houden. Geen draden, geen kabels, geen gedoe! Voedselvriendelijke ontvochtiger: Onze mini-ontvochtiger voor koelkasten zorgt voor een goed onderhouden en hygiënische omgeving. Het voedselveilige ontwerp en de morsbestendige functie voorkomen vochtophoping en morsen. U kunt het gemakkelijk en veilig opladen met zijn overlaadbeveiliging. Handig en betrouwbaar: maak je nooit meer zorgen over vocht met deze mini-ontvochtiger. Het lichtgewicht ontwerp zorgt voor eenvoudig transport, waardoor het geschikt is voor elke omgeving. Neem het overal mee naartoe voor een betrouwbare vochtbeheersing. Gemakkelijk gebruik: Controleer kleur indicator en droog om opnieuw te gebruiken. Deze mini-ontvochtiger is eenvoudig en gemakkelijk te gebruiken. Plaats het gewoon in een vochtige ruimte en controleer het vochtabsorptievermogen van de ontvochtiger.  USP's Verbeterde vochteliminatie voor gebieden tot 5 m² Geen genoegen meer met traditionele ontvochtigingszakken! Deze mini-luchtontvochtiger biedt effectieve vochtbeheersing tot 30 dagen. Draagbare kracht voor uw garderobe Onze draadloze mini-luchtontvochtiger op batterijen zorgt ervoor dat uw kleding altijd goed onderhouden en droog blijft. Geen gedoe meer met draden en kabels! Voedselvriendelijke ontvochtiger voor uw koelkast Een hygiënische omgeving voor uw voedsel! Deze mini-ontvochtiger voorkomt vochtophoping en morsen, en kan veilig worden opgeladen. Voordelen Hier zijn enkele voordelen van de AG Commerce Mini Ontvochtiger: 1. Bye-bye vochtige lucht! Traditionele ontvochtigingszakken zijn niet effectief. Deze mini-ontvochtiger regelt de luchtvochtigheid wel, tot wel 30 dagen lang. Perfect voor ruimtes tot 5 vierkante meter! 2. Neem 'm overal mee naartoe! Onze draagbare mini-ontvochtiger werkt op batterijen. Geen gedoe met draden en kabels. Ideaal voor het droog houden van je garderobe. Handig en rommelvrij! 3. Veilig voor je etenswaren! Onze mini-ontvochtiger voor koelkasten zorgt voor een hygiënische omgeving. Geen vochtophoping en morsen meer. Opladen is veilig en heeft een overlaadbeveiliging. 4. Betrouwbaar in elke omgeving! Met deze mini-ontvochtiger hoef je je nooit meer zorgen te maken over vocht. Makkelijk te vervoeren en geschikt voor elke plek. Vertrouw op deze betrouwbare vochtbeheersing! 5. Super simpel in gebruik! Controleer de kleurindicator en droog hem opnieuw. Plaats de ontvochtiger in een vochtige ruimte en zie hoe het vocht wordt opgenomen. Deze mini-ontvochtiger is perfect voor vochtbeheersing in elke situatie. Het compacte formaat maakt het ideaal als kastontvochtiger thuis. Het beste deel? Het is herbruikbaar, dus een slimme en voordelige oplossing om je huis droog en comfortabel te houden. Efficiëntie en gemak in één product! Specificaties: - Naam: Mini-ontvochtiger - Kleur: Wit - Bruikbaar gebied: minder dan 5 vierkante meter - Materiaal: ABS - Droge staat: blauwe deeltjes - Verzadigd vocht: roze kleur - Afmetingen: ongeveer 16 x 5 x 2 cm Verpakkingslijst: - Kleine ontvochtiger: 1 stuk - Beugel: 1 stuk - Oplaadkabel: 1 stuk Specificaties: - Kan aangepast worden: Nee - Modelnummer: Mini-ontvochtiger - Type vochtvanger: Vochtvangerdozen - Oorsprong: China - Materiaal: ABS Wacht niet langer en koop nu de AG Commerce Mini Ontvochtiger! Zeg vaarwel tegen vochtige lucht en geniet van een comfortabele omgeving. Kies voor efficiëntie, gemak en betrouwbaarheid met onze mini-ontvochtiger. Veelgestelde vragen over de AG Commerce Mini Ontvochtiger Kleine Kamer 1. Hoe lang gaat deze mini-ontvochtiger mee? Deze mini-ontvochtiger biedt effectieve vochtbeheersing tot 30 dagen. U kunt erop vertrouwen dat het lang meegaat en uw kamer vrij van vochtigheid houdt! 2. Kan ik deze ontvochtiger gemakkelijk meenemen? Zeker! Dankzij het lichtgewicht ontwerp is deze mini-ontvochtiger gemakkelijk te transporteren. U kunt het overal mee naartoe nemen en genieten van betrouwbare vochtbeheersing, waar u ook bent. 3. Is deze ontvochtiger geschikt voor gebruik in de koelkast? Absoluut! Onze mini-ontvochtiger is voedselveilig en speciaal ontworpen voor gebruik in koelkasten. Het helpt vochtophoping en morsen te voorkomen, zodat uw voedsel goed onderhouden en hygiënisch blijft. 4. Hoe weet ik wanneer de ontvochtiger vol is? Deze mini-ontvochtiger heeft een handige kleurindicator. Wanneer het roze wordt, betekent dit dat het verzadigd is met vocht. U kunt het gemakkelijk drogen en opnieuw gebruiken! 5. Hoe gebruik ik deze mini-ontvochtiger? Het gebruik van deze mini-ontvochtiger is eenvoudig. Plaats het gewoon in een vochtige ruimte en controleer regelmatig het vochtabsorptievermogen. Het is een handige en probleemloze oplossing voor vochtbeheersing.
"
214,Eeese Adam 20L - Luchtontvochtiger,,Eeese,,"3,0",1,"279,-",,https://www.bol.com/nl/nl/p/eeese-adam-20l-luchtontvochtiger/9300000080715420/,10,"
De Eeese luchtontvochtiger Adam met ingebouwde WiFi, staat erom bekend dat hij net zo stil is als een koelkast. Adam is elegant ontworpen en slaagt erin om ruimtes tot 100 m² vrij van overtollig vocht te houden. Daarom past hij perfect in zowel woon- als kelderruimtes.
De Eeese Adam luchtontvochtiger is uitgerust met WiFi die via Google Assistant kan worden bediend.

Tot 100 m², Max. 20 ltr/dag
Verrijdbare luchtontvochtiger
Wifi, te bedienen met smartphone en tablet: Compatibel met Google Assistant
Timerfunctie en LED-display
Wasdroogmodus voor natte kleding
Mogelijkheid voor permanente afvoer

"
215,De'Longhi luchtontvochtiger DEXD214F,,De'Longhi,,"5,0",4,"299,-",,https://www.bol.com/nl/nl/p/de-longhi-dexd214f-luchtontvochtiger-wit/9300000024354291/,10,"
Geniet van een optimaal klimaat in uw ruimte met de De'Longhi DEXD214F luchtontvochtiger. De De'Longhi DEXD214F luchtontvochtiger heeft een modern design en een handig, compact formaat. Het apparaat is de opvolger van de De'Longhi DEX214F. Dit nieuwe model ontvochtigt de lucht tot maximaal 14 liter per 24 uur en is geschikt voor ruimtes tot maximaal 65 m³. De De'Longhi DEXD214F luchtontvochtiger is voorzien van een afneembaar waterreservoir van 2,1 liter en een wasbaar stoffilter. Gebruik de wasdroogfunctie van deze ontvochtiger om jouw was snel te kunnen laten drogen.
Productvoordelen van de De'Longhi DEXD214F
Wanneer het waterreservoir vol is, zal een indicatielampje dit aangeven. De De'Longhi DEXD214F luchtontvochtiger heeft een dubbel afvoersysteem. Zo wordt het vocht opgevangen in het verwijderbare waterreservoir of kan het via de meegeleverde afvoerslang verwijderd worden.Wanneer de temperaturen erg laag zijn kan het apparaat toch gewoon gebruikt worden dankzij de elektronische antivorst thermostaat. Daarnaast wordt deze ontvochtiger van De’Longhi geleverd met een dubbel afvoersysteem. Het vocht kan namelijk opgevangen worden in het waterreservoir of continu afgevoerd worden via de bijgeleverde slang. Je verplaatst de De'Longhi DEXD214F luchtontvochtiger gemakkelijk dankzij het geïntegreerde handvat. Door nieuwe technologie is de De'Longhi DEXD214F luchtontvochtiger zeer stil en geschikt voor gebruik in de slaapkamer.
Waarom een luchtontvochtiger?In onze lucht is altijd een bepaalde hoeveelheid vocht aanwezig. Wanneer er niet goed geventileerd wordt, kan deze lucht in sommige gevallen te vochtig zijn. Hierdoor kunnen vervelende vochtproblemen zich voordoen. Een te hoge luchtvochtigheid kan leiden tot schade aan je huis en meubels in de vorm van schimmels en defecten, maar kan ook leiden tot astma of allergische reacties.
Om deze problemen te voorkomen en het vocht in je huis op peil te brengen kan je een De’Longhi luchtontvochtiger in huis nemen. Zo maak je de lucht droger en houd je jouw gezin en woning in conditie. Een luchtontvochtiger onttrekt namelijk overtollig vocht uit de lucht en laat dit in het apparaat condenseren in een watertank. Droge lucht wordt hierna weer in de ruimte geblazen.
Een De’Longhi luchtontvochtiger is dankzij het geïntegreerde handvat makkelijk te verplaatsen naar iedere gewenste ruimte. Met een luchtontvochtiger wordt het vochtprobleem in huis goed aangepakt.
Goed om te weten:

De DEXD214F bevat volledig natuurlijk en onschadelijk gas: R290 propaangas.

"
216,Ontvochtiger huis - Ontvochtiger Met Wifi Slimme App - Pro Breeze Digitale Vochtigheidsweergave - Constante Afvoer - 24-uurs Timer en Automatische Ontdooifunctie - Ideaal voor Vocht in Huis en Condens Verwijderen,,Merkloos,,,,"430,-",,https://www.bol.com/nl/nl/p/ontvochtiger-huis-ontvochtiger-met-wifi-slimme-app-pro-breeze-digitale-vochtigheidsweergave-constante-afvoer-24-uurs-timer-en-automatische-ontdooifunctie-ideaal-voor-vocht-in-huis-en-condens-verwijderen/9300000146078963/,6,"
Op zoek naar een effectieve manier om vocht uit je huis te verwijderen? De Pro Breeze Ontvochtiger biedt de perfecte oplossing voor vochtige ruimtes in huis. Met zijn krachtige vermogen en geavanceerde functies, is dit apparaat perfect voor het ontvochtigen van een ruimte tot 20 m². Voordelen:  Efficiënt ontvochtigen: De Pro Breeze Ontvochtiger heeft een ontvochtigingsvermogen van 500 ml per dag (bij 30 °C en 80% RV), waardoor hij in staat is om snel vocht uit de lucht te verwijderen. Zo blijft de lucht in huis fris en gezond. Vochtigheidsweergave: Met de ingebouwde vochtigheidsmeter kun je de vochtigheidsgraad in de kamer gemakkelijk controleren. Dit maakt het mogelijk om het apparaat in te stellen op de gewenste vochtigheidsgraad, waarna de ontvochtiger automatisch aan- en uitgeschakeld wordt om deze te behouden. Automatische uitschakeling: De Pro Breeze Ontvochtiger heeft een ingebouwde automatische uitschakelfunctie die het apparaat uitschakelt wanneer het waterreservoir vol is. Dit voorkomt overstromingen en beschermt de motor van het apparaat tegen schade. Draagbaar: Het compacte en lichte ontwerp maakt het apparaat gemakkelijk te verplaatsen naar elke gewenste locatie. Zo kun je de ontvochtiger inzetten in verschillende kamers in huis en zelfs op reis. Stille werking: De Pro Breeze Ontvochtiger werkt met een stille ventilator en produceert weinig geluid. Hierdoor kun je hem gerust 's nachts of tijdens het werken gebruiken, zonder dat het apparaat je stoort.  Wacht niet langer en bestel de Pro Breeze Ontvochtiger vandaag nog! Zo geniet je snel van een gezonder en comfortabeler binnenklimaat in huis.
"
217,Draagbare Ontvochtiger Luchtreiniger - USB Mute - Vocht Absorbers Lucht Droger - Voor Thuis Kamer Kantoor Keuken - Deodorizer Droger,,Merkloos,,,,"65,-",,https://www.bol.com/nl/nl/p/draagbare-ontvochtiger-luchtreiniger-usb-mute-vocht-absorbers-lucht-droger-voor-thuis-kamer-kantoor-keuken-deodorizer-droger/9300000171255152/,7,"
    Ontvochtiger™ Draagbare Luchtontvochtiger en Luchtreiniger Wil jij ook afrekenen met vochtige lucht en onaangename geuren in huis? Ontdek dan de Draagbare Ontvochtiger Luchtreiniger van Ontvochtiger™! Deze compacte USB Mute droger absorbeert vocht en laat jouw thuis, kamer, kantoor of keuken weer fris ruiken. Nooit meer last van muffe geurtjes en schimmel! Bestel nu en creëer een gezondere leefomgeving. Ontvochtiger™: jouw partner tegen vocht en nare luchtjes. Kenmerken:  Compact en draagbaar ontwerp: ideaal voor gebruik thuis, in de kamer, op kantoor of in de keuken. Ontvochtigt en reinigt de lucht: helpt het vochtgehalte in de lucht te verminderen en verwijdert ongewenste geuren. USB-aangedreven: kan eenvoudig worden aangesloten op een computer, powerbank of ander USB-apparaat. Fluisterstil: produceert geen storend geluid en zorgt voor een rustige omgeving. Eenvoudig te bedienen: met één druk op de knop kan de ontvochtiger/luchtreiniger worden in- en uitgeschakeld. Efficiënte vochtabsorptie: de krachtige motor zorgt voor een snelle droging van de lucht. Veilig in gebruik: bevat een ingebouwde beveiliging tegen oververhitting. Lange levensduur: gemaakt van duurzame materialen die garant staan voor langdurig gebruik.  Compact en makkelijk mee te nemen De draagbare ontvochtiger luchtreiniger van Ontvochtiger™ is compact en lichtgewicht, waardoor je hem makkelijk overal mee naartoe kunt nemen. Of je nu thuis, op kantoor, in de keuken of in je slaapkamer wilt genieten van schone en frisse lucht, deze ontvochtiger is de perfecte oplossing. Met zijn handige USB-aansluiting kun je hem zelfs aansluiten op je laptop of powerbank en zo altijd en overal genieten van een aangename lucht. Geruisloze werking voor ongestoorde rust Deze USB mute ontvochtiger luchtreiniger van Ontvochtiger™ is niet alleen compact en draagbaar, maar ook nog eens erg stil. Dankzij de geavanceerde technologie werkt deze ontvochtiger vrijwel geruisloos, waardoor je ongestoord kunt slapen, werken of ontspannen zonder enige geluidsoverlast. Dit maakt hem ideaal voor gebruik in je slaapkamer, kantoor of zelfs in de babykamer. Geniet van schone lucht zonder het storende geluid van een traditionele luchtreiniger. Efficiënte vochtabsorptie voor een gezonde leefomgeving Deze deodorizer droger van het merk Ontvochtiger™ zorgt niet alleen voor een frisse geur, maar absorbeert ook effectief vocht in de lucht. Hierdoor vermindert hij de luchtvochtigheid in jouw huis, kamer of kantoor en voorkomt hij schimmelvorming en muffe geuren. Met de vochtabsorbers Lucht droger creëer je een gezonde en comfortable leefomgeving waarin je vrij kunt ademen. Bovendien is deze ontvochtiger ook nog eens energiezuinig, waardoor je kosten bespaart op je energierekening.  Zeg vaarwel tegen muffe geuren met deze draagbare ontvochtiger luchtreiniger. Geniet van een frisse en schone lucht in huis, kantoor of keuken. Houd de luchtvochtigheid onder controle en voorkom schimmel en vochtproblemen. Makkelijk te gebruiken met de handige USB aansluiting, plug and play! Geen lawaai of storende geluiden dankzij de mute functie. Compact en draagbaar, kan overal mee naartoe worden genomen. Efficiënt vocht absorberend vermogen voor een gezondere leefomgeving. Deodorizer droger om ongewenste geuren effectief te neutraliseren.  Veelgestelde vragen 1. Hoe werkt deze draagbare ontvochtiger luchtreiniger? De draagbare ontvochtiger luchtreiniger werkt heel eenvoudig. Je sluit hem aan via de USB-kabel en zet hem aan. Door de ingebouwde ventilator wordt de lucht aangezogen, passeert hij het speciale filter en wordt de lucht gezuiverd van vocht en ongewenste geuren. De schone en droge lucht wordt vervolgens weer in de ruimte verspreid. 2. Voor welke ruimtes is deze ontvochtiger luchtreiniger geschikt? Deze ontvochtiger luchtreiniger is geschikt voor alle ruimtes waar je last hebt van vocht, ongewenste geurtjes of slechte luchtkwaliteit. Denk hierbij aan kamers, kantoren, keukens en zelfs auto's. Het compacte formaat maakt het gemakkelijk om het product overal mee naartoe te nemen. 3. Hoe groot is het geluidsniveau van deze ontvochtiger luchtreiniger? Deze ontvochtiger luchtreiniger is speciaal ontworpen om zo stil mogelijk te werken. Met een geluidsniveau van minder dan 30 decibel merk je nauwelijks dat hij aan staat. Zo kun je genieten van een schone en droge lucht, zonder lawaai. 4. Hoe lang gaat de ontvochtiger luchtreiniger mee voordat het filter moet worden vervangen? De levensduur van het filter hangt af van het gebruik en de luchtkwaliteit in de ruimte. Over het algemeen raden we aan om het filter elke 3 tot 6 maanden te vervangen voor optimale prestaties. Je kunt het filter gemakkelijk bestellen via onze website. 5. Is deze ontvochtiger luchtreiniger energiezuinig? Ja, deze ontvochtiger luchtreiniger is zeer energiezuinig. Hij is ontworpen om zo min mogelijk stroom te verbruiken, waardoor je geen hoge energierekening hoeft te verwachten. Daarnaast werkt hij op een USB-aansluiting, waardoor je hem ook kunt gebruiken met een powerbank of via een laptop. Handig voor onderweg!
"
218,"JAP Enivio D3 - Stille luchtontvochtiger - Luchtreiniger voor in huis - Slaapkamer, badkamer en kelder",,JAP Appliances,Bionic Purifier,"4,2",125,"69,95",,https://www.bol.com/nl/nl/p/jap-enivio-d3-stille-luchtontvochtiger-luchtreiniger-voor-in-huis-slaapkamer-badkamer-en-kelder/9300000050816425/,8,"
Ben je op zoek naar een duurzame luchtontvochtiger waardoor je weer in een prettige- en frisse omgeving kunt leven? Dan ben je bij de JAP Enivio D3 aan het juiste adres. Deze luchtontvochtiger zorgt namelijk in maximale stilte voor het perfecte klimaat in jouw gewenste ruimte. GeruisloosDe geluidsarme werking laat het toe om de luchtontvochtiger overal op ieder moment van de dag te kunnen gebruiken. De ontvochtiger is perfect voor kamers tot 20 m2, zoals op kantoor, de woonkamer en dus ook de slaapkamer. Groot reservoirDe luchtontvochtiger beschikt over een uitneembare watertank met een grote capaciteit van 600 ml. Je hoeft hierdoor dus niet elke dag het reservoir te legen. VeelzijdigWanneer het reservoir vol zit schakelt de ontvochtiger zichtzelf uit. De luchtontvochtiger is voorzien van een hoog ontvochtigingsvermogen van 300 ml/dag. Het vermindert de vochtigheidsconcentratie, verhoogt het welzijn en voorkomt schimmel, aantasting van het meubileur en andere vochtproblemen. LichtgewichtDe luchtontvochtiger heeft een ergonomisch transporthandvat om hem gemakkelijk te kunnen verplaatsen en op te bergen. Alles bij elkaar weegt hij maar 0,9 kg, dus de inspanning hiervoor is minimaal. Voordelen van de luchtontvochtiger+ Dankzij de geluidsarme werking overal op ieder moment van de dag te gebruiken+ Beschikt over een groot uitneembaar reservoir+ Voorzien van een ontvochtigingsvermogen van 300 ml/dag, schakelt zichzelf uit+ Gemakkelijk te verplaatsen en op te bergen Wat zit er in de doos?De JAP Bionic Purifier Enivio D3De handleidingDe adapter Let op: zit in het reservoir opgeborgen. JAPEen merk van de tijd met een kijk naar de toekomst. De producten worden in Nederland gedesignd. Jouw behoeftes staan bovenaan en zijn de drijfveer voor het uiterste resultaat.
"
219,BMJ® Vochtvreter voor Kledingkast - 3 Stuks - Luchtontvochtiger - met Hanger - Vochtvreters voor in Huis - Ontvochtiger Zakjes - Vochtvanger - Vochtopnemer,,BMJ®,,,,"11,99",Op voorraad,https://www.bol.com/nl/nl/p/bmj-vochtvreter-voor-kledingkast-3-stuks-luchtontvochtiger-met-hanger-vochtvreters-voor-in-huis-ontvochtiger-zakjes-vochtvanger-vochtopnemer/9300000171748164/,5,"
Nooit meer een vochtige kledingkast en- of schimmel in je kledingkast met BMJ® vochtvreter. Hang ze aan een kledingroede of kleerhanger en voorkom onaangename geurtjes op je kleding. Praktisch, de zakjes bevatten keramische bolletjes die vocht vasthouden en gaan ongeveer 45 dagen mee 3 x stuks in de verpakking
"
220,Eeese Otto 20L Luchtontvochtiger,,Eeese,,,,"339,-",,https://www.bol.com/nl/nl/p/eeese-otto-20l-luchtontvochtiger/9300000140479212/,8,"
De Eeese Otto 20L is een krachtige luchtontvochtiger die zowel via WiFi als met Google Assistant kan worden bediend. Op deze manier wordt het nog makkelijker om een perfecte luchtvochtigheid in huis te realiseren! De Eeese Otto 20L is ons jubileummodel dat extra veel kan voor een compacte luchtontvochtiger. Met slechts 44 dB(A) is de Eeese Otto 20L extreem stil. Daarbij heeft de Eeese Otto 20L Luchtdroger een oscillerende wasdroogfunctie en is IPX4-geclassificeerd zodat de Eeese Otto 20L in natte ruimtes kan worden gebruikt en heeft hij bovendien een laag stroomverbruik van slechts 245 Watt. Productbeschrijving: Eeese Otto 20L - Luchtontvochtiger Droogfunctie voor kleding Efficiënt, beter voor het milieu en een lager elektriciteitsverbruik. In veel huishoudens moet een wasdroger worden gebruikt om de kleding van het hele gezin snel te laten drogen. Ook hierbij kan de Eeese Otto 20L luchtontvochtiger helpen. De luchtontvochtiger heeft een ingebouwde kledingdroogfunctie die via het functionele display kan worden bediend. Met slechts één klik op het display wordt de oscillerende praktische kledingdroogfunctie gestart, die de kleding extra snel droogt. Omdat het stroomverbruik slechts 245 watt bedraagt, is deze luchtontvochtiger een goedkoper en slimmer alternatief voor een wasdroger. Gebruik je Otto-luchtontvochtiger in de badkamer De badkamer is één van de vertrekken waar veel vocht gevormd wordt. Na een warm bad is het fijn om de Otto 20L luchtontvochtiger aan te kunnen zetten om snel een normale luchtvochtigheid in de kamer te bereiken. De Otto 20L luchtontvochtiger is IPX4-geclassificeerd voor natte ruimtes en dus kunt u de Eeese Otto 20L veilig in de badkamer plaatsen. Automatische vochtregulatie De Eeese Otto 20L luchtdroger is uitgerust met een auto-modus die de vochtigheid in het vertrek controleert en overtollig vocht verwijdert. Op het display van de ontvochtiger stelt u de gewenste luchtvochtigheid in, zodat u precies de gewenste luchtvochtigheid in het vertrek bereikt. Deze instellingen worden automatisch opgeslagen, ook als de luchtontvochtiger uit staat, zodat je ze de volgende keer niet opnieuw hoeft in te stellen. WiFi – de ontvochtiger regelen via je telefoon of Google Assistant Deze luchtontvochtiger is voorzien van WiFi, waardoor je hem eenvoudig via je mobiele telefoon kunt regelen. Hij is slim, flexibel en innovatief. De ontvochtiger is ook compatibel met Google Assistant. Eenvoudig in gebruik Met zijn slechts 15.0 kilo is de ontvochtiger gemakkelijk te verplaatsen, afhankelijk van de ruimte waar je hem wil gebruiken. De luchtontvochtiger is voorzien van praktische handgrepen die mooi in het ontwerp zijn geïntegreerd. Zeer laag stroomverbruik Met de praktische timerfunctie kun je zelf bepalen wanneer de ontvochtiger actief moet zijn. De ontvochtiger heeft een laag stroomverbruik van 245 Watt. Dit is heel laag voor een luchtontvochtiger die tot 20 liter per dag kan ontvochtigen. De Otto kan met een afvoerslang rechtstreeks worden aangesloten op een afvoer in huis. Dat is een groot voordeel, want hierdoor kun je het vertrek droog houden zonder dat je je zorgen hoeft te maken dat de watertank vol raakt. Kies je ervoor geen afvoerslang aan te sluiten, dan heeft de luchtontvochtiger een automatische uitschakelfunctie met een volle tank-indicator, die waarschuwt met een alarm en de luchtontvochtiger zelfs uitschakelt als de tank vol is. De tank heeft een capaciteit van 4.5 liter. De ontvochtiger met een discreet geluid Het is geen probleem om de Otto 20L 's nachts aan te laten, want hij heeft een slimme slaapstand, die je eenvoudig activeert. Als deze functie is ingesteld, werkt de luchtontvochtiger met een lage ventilatorsnelheid en een geluidsniveau van slechts 40 dB(A). Eeese Otto 20L – een kwaliteitsproduct van Eeese De Eeese Otto 20L Luchtontvochtiger maakt deel uit van de populaire serie van Eeese. Alle apparaten in deze serie zijn gemaakt met als doel de perfecte synergie te creëren tussen gedegen kennis van het Europese klimaat en milieu, een stijlvol en gestroomlijnd Scandinavisch design en de nieuwste technologie. Otto’s speciale talenten  Stijlvol en compact design Ontvochtigingscapaciteit 20 liter/dag Wifi – compatibel met Google Assistant Extreem stil – slechts 44 dB(A) Zeer laag stroomverbruik – slechts 245 Watt Oscillerende kledingdroogfunctie Timerfunctie Antibacterieel luchtfilter Ingebouwde ionisator IPX4-geclassificeerd – ook geschikt voor gebruik in natte ruimtes Praktische handgrepen – zeer gemakkelijk te verplaatsen Kinderbeveiliging Automatische uitschakeling bij een volle watertank 
"
221,MeacoDry - ABC 12L - Luchtontvochtiger - Zwart - 55m2 - Winnaar Quiet Mark Award,,Meaco,,,,"195,-",,https://www.bol.com/nl/nl/p/meacodry-abc-12l-luchtontvochtiger-zwart-55m2-winnaar-quiet-mark-award/9300000089008811/,6,"
De Quiet Mark bekroonde Meaco MeacoDry ABC 12L luchtontvochtiger is ideaal voor kleine ruimtes. De Meaco MeacoDry ABC 12L geluidsarme luchtdroger verlaagt de luchtvochtigheid in kleinere ruimtes, bewaakt er de luchtvochtigheid in de toekomst, en is zeer geliefd vanwege zijn ontvochtigingscapaciteit en lage energiekosten.

Tot 55 m², Max. 12 ltr/dag
Verkrijgbaar in drie kleurcombinaties
Stille luchtontvochtiger
Winnaar Quiet Mark Award
Energiezuinige ontvochtiger
Winnaar Best Buy Award!

"
222,"Vochtvreter voor in Huis met Jasmijn Geur - Inclusief Vochtmagneet Vulling - Vochtvanger voor Binnen - voor Badkamer, Woonkamer of Slaapkamer",,Family Pound,,,,"18,95",Op voorraad,https://www.bol.com/nl/nl/p/vochtvreter-voor-in-huis-met-jasmijn-geur-inclusief-vochtmagneet-vulling-vochtvanger-voor-binnen-voor-badkamer-woonkamer-of-slaapkamer/9300000166304464/,2,"
 Luchtontvochtiger voor verlaging van de luchtvochtigheid. De korrels in het apparaat voorkomen condensatie van vocht en schimmelvorming en zorgen zo voor een hygiënische omgeving in huis.   Uitstekende, snelle efficiëntieHoog vochtabsorberend vermogenCompacte maatJasmijn geur   Capaciteit: 500 ml / 250 gGeur: JasmijngeurAfmeting: 150 x 85 x 105 mm 
"
223,"Argoclima ARGO LILIUM ART 11, 195 W, 220 - 240 V, 50 Hz, 5 - 35 °C, 250 mm, 220 mm",,Argoclima,,,,"149,95",,https://www.bol.com/nl/nl/p/argoclima-argo-lilium-art-11-195-w-220-240-v-50-hz-5-35-c-250-mm-220-mm/9300000128468461/,4,"
    Argoclima ARGO LILIUM ART 11. Stroomverbruik (typisch): 195 W, AC-ingangsspanning: 220 - 240 V, AC-ingangsfrequentie: 50 Hz. Breedte: 250 mm, Diepte: 220 mm, Hoogte: 445 mm
  "
224,"DryHome - Ontvochtiger huis - Wit - Enorm stil - Luchtontvochtiger en luchtreiniger - 1,2L Watertank - 600ml/24H Capaciteit",,DryHome,,,,"119,95",Op voorraad,https://www.bol.com/nl/nl/p/dryhome-ontvochtiger-huis-wit-enorm-stil-luchtontvochtiger-en-luchtreiniger-1-2l-watertank-600ml-24h-capaciteit/9300000165575141/,8,"
Productbeschrijving - DryHome Luchtontvochtiger Bent u op zoek naar een effectieve manier om de luchtkwaliteit in uw huis te verbeteren? Maak kennis met de DryHome luchtontvochtiger, uw betrouwbare partner voor een gezonder en comfortabeler binnenklimaat. Krachtig en Efficiënt: De DryHome luchtontvochtiger heeft een vermogen van 42 watt en kan indrukwekkend veel vocht, namelijk 500-600 ml per 24 uur, verwijderen. Met een watertankcapaciteit van 1200 ml is deze ontvochtiger geschikt voor kamers van verschillende groottes. Energiezuinig en Stil: U kunt genieten van een verbeterde luchtvochtigheid zonder dat u zich zorgen hoeft te maken over hoge energiekosten. De DryHome luchtontvochtiger is niet alleen efficiënt in stroomverbruik, maar werkt ook fluisterstil, waardoor u ongestoord kunt ontspannen. Handige Afstandsbediening: De DryHome Luchtontvochtiger versie wordt geleverd met een handige afstandsbediening, waarmee u diverse functies kunt bedienen. U kunt de gewenste luchtvochtigheid instellen, een 24-uurs timer gebruiken, schakelen tussen hoge en lage ventilatorsnelheden en nauwkeurige metingen van vochtigheid en temperatuur bekijken. Slimme Functies: De DryHome luchtontvochtiger stopt automatisch wanneer de watertank vol is, en u kunt zelfs een externe afvoerpijp gebruiken voor continu gebruik. Bovendien zuivert deze ontvochtiger de lucht met negatieve ionen, wat zorgt voor een frisse atmosfeer in uw huis. Verhoog het comfort in uw huis met DryHome - de ideale luchtontvochtiger voor een gezonder en aangenamer binnenklimaat. Bestel de uwe vandaag nog!
"
225,Luchtontvochtiger 3 Liter - Ontvochtigd 1000ml Per Dag - Geschikt voor Babykamer & Slaapkamer - 3L - Huis & Kantoor - LED - Wit,,Golden Goods,,,,"86,95",Op voorraad,https://www.bol.com/nl/nl/p/luchtontvochtiger-3-liter-ontvochtigd-1000ml-per-dag-geschikt-voor-babykamer-slaapkamer-3l-huis-kantoor-led-wit/9300000169342149/,9,"
Voorkom vochtplekken, bacteriën en schimmels in huis en gebruik de krachtige luchtontvochtiger / luchtreiniger van GoldenGoods. Vochtige lucht heeft nadelige gevolgen voor de gzondheid van mens en dier. Per dag filter je maar liefst 1000 ml vocht uit de lucht! Dankzij een extra groot waterreservoir van 3 liter hoef je hem maar eens in de drie dagen te legen. Deze luchtontvochtiger schakelt automatisch uit voordat hij vol zit en het rode licht knippert in de watertank. Voor het beste resultaat plaats je de ontvochtiger in ruimtes tot 30 m2 met een temperatuur tussen de 18ºC en 30ºC.   Hoge capaciteit De GoldenGoods ontvochtiger haalt minimaal 1Liter water uit de lucht per dag, zodat je in no-time een schone en pure lucht in huis hebt. Het apparaat is geschikt voor gebruik bij een oppervlakte tot 30 m2 en werkt dan ook perfect in bijna elke omgeving.   3 Liter ontvochtigen In tegenstelling tot andere ontvochtigers heeft dit waterreservoir een capaciteit van 3 Liter. Hierdoor hoeft hij maar één keer in de drie dagen geleegd te worden. Is het apparaat vol? Geen probleem hij schakelt zichzelf automatisch uit. De indicator in de watertank geeft door middel van een rode verlichting aan dat hij vol is en geleegd kan worden.   Let op: Voor het beste resultaat dient de temperatuur van de ruimte 20 graden of hoger te zijn.   360° Airflow en Was-droog functie Deze lucht ontvochtiger beschikt over 360° Airflow, dit betekent dat de ruimte volledig ontvochtigd wordt door luchtcirculatie. De vochtige lucht wordt via filters aan de achterkant aangezogen en uitgeblazen aan de zijkanten. De schone en pure lucht zal hierdoor de was sneller drogen.   Eenvoudig te bedienen Plug & Play is het principe van de GoldenGoods ontvochtiger. Nadat de stekker in het stopcontact is gedaan druk je eenvoudig op de knop en gaat deze krachtige machine direct aan het werk voor je.   Multifunctioneel Door het stijlvolle ontwerp komt deze luchtontvochtiger in elke ruimte tot zijn recht. In de woonkamer en in de keuken, in de badkamer en op kantoor. Ondanks zijn krachtige motor is hij eenvoudig te verplaatsen door de handige handgrepen en het lichte gewicht.       Muisstil Door de stille modus van <40dB is hij ideaal voor de babykamer en de slaapkamer. Tijdens de nacht werkt hij dan gewoon door. Hierdoor is de GoldenGoods luchtontvochtiger ook geschikt voor kantoor.   Verpakkingsinhoud: 1x Luchtontvochtiger 1x Handleiding   Specificaties: • Merk: GoldenGoods • Model: YP2118 • Capaciteit: 3 Liter per sessie • Materiaal: ABS • Ruimte: Tot 30 m2 • Beste temperatuur: 18°-30°C • Ontvochtigen: 1 Liter per Dag • Waterniveau-indicator: Ja • Kleur: Wit • Garantie: 1 Jaar •Geluid: 45dB max. Stil <40dB • Capaciteit waterreservoir: 3 liter • Afmeting: 200 x 145 x 364 mm • Methode: Condensatie ontvochtiging • Gewicht: 2,79 kg • Veiligheid: Automatische uitschakeling watertank • Led-Verlichting: Keuze uit 7 kleuren • Effectiviteit: 360° Airflow • Vermogen: 60W • Voltage: 220V • Overig: De was droogt sneller   Conclusie: de Golden Goods Luchtontvochtiger is uw ultieme oplossing voor een gezonder en comfortabeler binnenklimaat. Met een indrukwekkende CADR-waarde van 210 en geavanceerde functies zoals automatische uitschakeling en een extra grote tank, biedt dit apparaat een ongeëvenaarde efficiëntie in het verwijderen van vocht, schimmel en verwerpelijke bacteriën. Maak de verstandige keuze vandaag nog en investeer in de Golden Goods Luchtontvochtiger voor een optimaal klimaat in huis. Zoek niet verder voor luchtkwaliteitsverbetering en luchtvochtigheidsbeheersing; u hebt uw oplossing al gevonden.
"
226,Luchtontvochtiger Slaapkamer - Draagbare Kamerontvochtiger - Luchtontvochtiger en Luchtreiniger - Vochtvreter Elektrisch - 1L,,Merkloos,,,,"104,99",,https://www.bol.com/nl/nl/p/luchtontvochtiger-slaapkamer-draagbare-kamerontvochtiger-luchtontvochtiger-en-luchtreiniger-vochtvreter-elektrisch-1l/9300000173040931/,7,"
Op zoek naar een effectieve oplossing om de luchtvochtigheid in huis te reguleren? De Home Dehumidifier is een uitstekende keuze voor iedereen die een compacte en stille luchtontvochtiger nodig heeft. Dit apparaat is geschikt voor ruimtes tot 20 vierkante meter, zoals de badkamer, woonkamer of andere ruimtes in huis, en biedt een efficiënte en gebruiksvriendelijke manier om overtollig vocht aan te pakken. Kenmerken van de thuisontvochtiger   Geschikt voor ruimtes tot 20m²: Perfect voor kleinere ruimtes, deze luchtontvochtiger kan effectief de vochtigheid reguleren in ruimtes tot 20m².   Grote capaciteit: Met een waterreservoir van 1000 milliliter biedt deze luchtontvochtiger voldoende capaciteit om uw leefruimte comfortabel en droog te houden.   Licht en draagbaar: Met een gewicht van slechts 1,33 kg is dit apparaat gemakkelijk te verplaatsen naar elke gewenste plek in huis.   Automatische werkmodus: Voor het gemak schakelt de Glovios Home Dehumidifier automatisch uit wanneer het waterreservoir vol is, waardoor het risico op overstroming tot een minimum wordt beperkt.   Gekleurd LED Licht: Het gekleurde LED licht voegt sfeervolle verlichting toe aan uw ruimte, waardoor het apparaat niet alleen functioneel, maar ook esthetisch aangenaam is.   Ideaal voor thuisgebruik De thuisontvochtiger is niet alleen functioneel, maar ook een stijlvolle toevoeging aan je interieur. De ultrastille werking zorgt ervoor dat het apparaat onopvallend blijft, waardoor het perfect is voor gebruik in woonruimtes. Specificaties  Vloeroppervlak: 20 vierkante meter Capaciteit: 1000 milliliter Gewicht: 1.33 kilogram Werkmodus: Automatisch Extra: Gekleurd LED-licht  Conclusie Met de Home Dehumidifier haal je een efficiënte, stijlvolle en gebruiksvriendelijke oplossing in huis om de luchtvochtigheid te reguleren. Dit apparaat is ideaal voor kleinere woonruimtes en heeft een stille werking. Het is een perfecte keuze voor iedereen die waarde hecht aan comfort en functionaliteit. Bestel nu en ervaar de voordelen van een gecontroleerde luchtvochtigheid in uw huis!
"
227,Luchtontvochtiger slaapkamer - Luchtontvochtiger en luchtreiniger - Vochtvreter elektrisch - 10L,,Merkloos,,,,"329,99",,https://www.bol.com/nl/nl/p/luchtontvochtiger-slaapkamer-luchtontvochtiger-en-luchtreiniger-vochtvreter-elektrisch-10l/9300000167548032/,7,"
Efficiënte Ontvochtiging voor Ruimtes tot 100 m³ Ervaar krachtige ontvochtiging tot wel 100 m³ met onze luchtontvochtiger, uitgerust met een indrukwekkend krachtige ventilator. Eenvoudig te bedienen via het hygrometer display, kun je de ventilatorsnelheid moeiteloos aanpassen van laag naar hoog, afhankelijk van de behoeften van jouw ruimte. De luchtontvochtiger is ontworpen met jouw gemak in gedachten. Voor extra mobiliteit is hij voorzien van wielen aan de onderkant, waardoor je hem moeiteloos door het hele huis kunt verplaatsen. Zelfs in de slaapkamer is hij geschikt, want met een geluidsniveau van niet meer dan 46 decibel blijft je nachtrust onverstoord. De ontvochtiger is in staat om tot 10 liter vocht per dag te verwijderen uit ruimtes tot 100 m³. Het opgevangen vocht wordt veilig opgeslagen in de watertank van 2,5 liter. Voor extra controle is er een handige hygrometer met een display aan de bovenkant van het apparaat. Hiermee kun je niet alleen de ventilatorsnelheid regelen, maar ook de temperatuur en de huidige luchtvochtigheid in je huis in de gaten houden. Met de ingebouwde timerfunctie kun je de ontvochtiger instellen voor een periode van 1 tot 24 uur, afhankelijk van je behoeften. Bovendien kun je de gewenste luchtvochtigheid nauwkeurig aanpassen, waardoor je optimale controle hebt over het binnenklimaat. Kies voor efficiënte ontvochtiging en comfort met onze luchtontvochtiger.
"
228,Draagbare ontvochtiger 20L/dag MW Tools BD20H,,MW Tools,,,,"212,30",,https://www.bol.com/nl/nl/p/draagbare-ontvochtiger-20l-dag-mw-tools-bd20h/9300000159988981/,5,"
Mobiele luchtontvochtiger met hoge capaciteit van 20 liter per dag Voor he ontvochtigen van lokalen met hoge luchtvochtigheid (kelders, waslokaal, zwembad), of na waterschade (vloeren, tapijten, wanden) Ook geschikt voor het sneller drogen van bouwwerken (pleisterwerk, vloeren) Kenmerken:  Capaciteit: 20 liter per 24 h Geruisloze werking: slechts 45 dB Timer functie 0-24 h Tank van 6 liter, kan uitgenomen worden voor het leegmaken. Een alarm gaat af bij volle tank en de ontvochtiger zal zichzelf automatisch uitschakelen Functie ‘Waslokaal’ voor het snel drogen van kledij die boven de ontvochtiger opgehangen wordt Automatische werking met hygrostaat Roterende compressor Digitaal display met aanduiding van de actuele en gewenste luchtvochtigheid Automatische ontdooifunctie (defrost) in temperaturen onder 10 °C Compacte afmetingen, kan discreet in de ruimte opgesteld worden Milieuvriendelijk koelmiddel R290 Aansluiting voor afvoerslang. Dit laat toe om de tank continu leeg te maken, en het droogproces niet te moeten onderbreken voor een volle tank Met 4 wielen en draagbeugel Kinderslot  De capaciteit van bouwdrogers is opgegeven voor verwarmde ruimtes. Warmere lucht kan meer waterdamp bevatten, zodat de efficiëntie van de bouwdroger hoger ligt. Referentiecapaciteit opgegeven bij 30 °C. Bij lage temperaturen ligt de afgiftecapaciteit lager
"
229,TROTEC Luchtontvochtiger TTK 175 S,,Trotec,,,,"1449,95",,https://www.bol.com/nl/nl/p/trotec-luchtontvochtiger-ttk-175-s/9200000040225504/,9,"
De rolzuigercompressortechniek van de TTK 175 S maakt niet alleen het transport in elke stand mogelijk, maar ook een tijdbesparend direct in gebruik nemen van deze ontvochtiger onmiddellijk na het opstellen mogelijk.Dankzij de ergonomische opbouw in de uitvoering met verrijdbaar onderstel, greepbeugelstang en grote wielen, kan de TTK 175 S ook onder bouwplaatscondities of op traptreden eenvoudig worden getransporteerd. En in binnenruimten laten de niet gekleurde rubberwielen geen sporen achter op parket of andere gevoelige ondergronden.Praktische voordelen van de TTK 175 S in één overzicht:* Ontwikkeling, ontwerp, productie: 100 % Trotec* Hoge ontvochtigingscapaciteit ook bij lage temperaturen * Maximale stof- en vochtbescherming voor alle elektrische componenten* Extreem onderhoudsvriendelijke constructie* Optimale hanteringseigenschappen* Dankzij de rolzuigercompressor in elke stand te transporteren en op te slaan* Praktische stapelgroef voor stabiele, ruimtebesparende opslag en transport* Meervoudig stapelbaar bij modellen met dezelfde afmetingen* Voor de praktijk geoptimaliseerd Duits industrieel ontwerp – wettelijk beschermd
Let op: specificaties kunnen zonder opgave van redenen in het belang van een lopende productverbetering door de fabrikant worden gewijzigd.
Aan de afbeeldingen van producten en eventueel getoonde specificaties of keurmerken kunnen geen rechten worden ontleend
 
"
230,TROTEC Luchtontvochtiger en luchtreiniger TTK 99 HEPA,,Trotec,,"3,0",1,"379,95",,https://www.bol.com/nl/nl/p/trotec-luchtontvochtiger-en-luchtreiniger-ttk-99-hepa/9300000060735303/,11,"
Luchtontvochtiger met HEPA-luchtreiniger (95 % effectieve HEPA-filtering van bacteriën, virussen, pollen, fijnstof, stofmijten, schimmelsporen en andere allergenen en schadelijke stoffen)
 
 
Vertrouw bij de bescherming van uw gezondheid, de inrichting en de controle van de luchtkwaliteit heel eenvoudig en gerieflijk op de Luchtontvochtiger TTK 99 HEPA met effectieve HEPA-luchtreinigingstechnologie. Met zijn combinatie van luchtreinigings- en ontvochtigingstechniek voorkomt dit multitalent op betrouwbare wijze de vorming van ongezonde vochtplekken en de daarmee samenhangende vochtproblemen zoals schimmelvorming, weervlekken en natheid. De lucht wordt in het tweevoudige filtersysteem bestaande uit voorfilter en uiterst efficiënt HEPA-filter ontdaan van mogelijk virusbevattende aerosolen, bacteriën, schimmelsporen, fijnstof, huisstof, dierenhaar en overige via de lucht overdraagbare ziekteverwekkers. Ook wordt de groei van stofmijten en allergenen gereduceerd. 
 
 
Hygrostaatgeregelde, automatische luchtontvochtiging in stappen van 5 % instelbaar tussen 30 en 80 % r.v.
 
Zodra de gewenste luchtvochtigheidswaarde is bereikt, schakelt de compressor automatisch uit. De ventilator loopt door. Bij overschrijding schakelt het apparaat automatisch weer aan.
 
Geschikt voor ruimten tot 90 m² / 230 m³
 
Ontvochtigingsvermogen max. 31 Liter / 24 uur
 
Luchtkwaliteitsaanduiding met kleuren-led
 
Weergave van de relatieve luchtvochtigheid
 
Continumodus
 
Timerfunctie (1-24 uur)
 
Nachtmodus (fluisterstil)
 
Auto-restart functie (memory-functie)
 
Overloopbescherming – apparaat schakelt uit wanneer waterreservoir vol is
 
Kinderbeveiliging
 
Waarschuwingssignaal bij vol waterreservoir
 
Waterreservoir ca. 4 liter
 
Tweetraps ventilator
 
Aansluitmogelijkheid voor een afvoerslang voor permanent gebruik
 
Wasdroogfunctie
 


 
"
231,AG Commerce Ontvochtiger - Vocht Absorber - Huishoudelijke - Mute - Afstandsbediening,,AG Commerce,,,,"126,95",,https://www.bol.com/nl/nl/p/ag-commerce-ontvochtiger-vocht-absorber-huishoudelijke-mute-afstandsbediening/9300000166906769/,10,"
    Introductie   Op zoek naar een oplossing voor vochtige lucht in huis? De AG Commerce Ontvochtiger is precies wat je nodig hebt! Met zijn stille en huishoudelijke design past hij perfect in elke slaapkamer of kelder. De handige afstandsbediening en timing functie maken het gebruik nog gemakkelijker. Verminder vochtige lucht in een handomdraai met deze betrouwbare vocht absorber van AG Commerce. Specificaties  Bereik werktemperatuur: 5-32 graden       Ventilatorsnelheid: 1e versnelling       Afmetingen (L x B x H): 245 x 137 x 375mm       Dekgebied: 0-30 vierkante voet       Capaciteit: 1.5 liter per 24 uur       Toepassing: geschikt voor ruimtes met een temperatuur van 21-30 graden       Dehumidificatie volume: minder dan 1.1 liter per uur       Capaciteit waterreservoir: 1.1-2.5 liter       Functie: voorzien van LED-display       Type: koelende ontvochtiger       Voltage: 220V       Vermogen: 90W       Oorsprong: origineel uit Frankrijk       Ontvochtigingstechnologie: thermo-elektrische koeling       Power: 90W       Ontvochtigingscapaciteit: 0.06 liter per uur       Waterreservoir capaciteit: 2.2 liter       Toepassingsgebied: geschikt voor ruimtes tot 30 vierkante voet       Spanning: 220V-240V       Omschrijving: De AG Commerce ontvochtiger is een product dat wordt gebruikt door mensen die last hebben van te vochtige lucht in hun huis en dit willen verminderen. Het is een effectieve oplossing om de luchtvochtigheid in slaapkamers, kelders en andere ruimtes te reguleren. Met de afstandsbediening en timerfunctie kan de ontvochtiger gemakkelijk worden bediend. Daarnaast is er ook een externe waterleiding optie beschikbaar.    USP's AG Commerce Ontvochtiger - Verminder vochtige lucht in huis en geniet van een comfortabel en gezond binnenklimaat Met de AG Commerce Ontvochtiger kunt u eenvoudig teveel vochtige lucht in uw huis verminderen. Dit zorgt niet alleen voor een comfortabeler binnenklimaat, maar helpt ook bij het voorkomen van schimmelvorming en allergieën. Met de meegeleverde afstandsbediening kunt u de ontvochtiger gemakkelijk vanuit uw luie stoel bedienen. Vocht Absorber - Krachtige capaciteit om vocht op te nemen en luchtkwaliteit te verbeteren De AG Commerce Ontvochtiger heeft een capaciteit van 1.5 liter per dag, waarmee het moeiteloos vocht uit de lucht kan verwijderen. Het thermoelectric cooling systeem zorgt voor maximale efficiëntie en minimaliseert geluidsoverlast. Dit maakt het ideaal voor gebruik in slaapkamers, kelders en andere ruimtes waar vochtproblemen voorkomen. Huishoudelijke Mute - fluisterstille werking voor ongestoorde nachtrust en rustige werkomgeving De AG Commerce Ontvochtiger is ontworpen met een mute-functie die zorgt voor een fluisterstille werking. Dit betekent dat u kunt genieten van een ongestoorde nachtrust en een rustige werkomgeving, zonder gestoord te worden door lawaai van de ontvochtiger. De compacte afmetingen en het stijlvolle design maken het ook een mooie aanvulling op elk interieur.   Voordelen - Met de AG Commerce Ontvochtiger creëer je de perfecte luchtvochtigheid in huis. - Vergeet een vochtige slaapkamer dankzij de Vocht Absorber van AG Commerce. - De AG Commerce Ontvochtiger is perfect voor huishoudelijk gebruik. - Geniet van een stille nachtrust met de Mute functie van de Ontvochtiger. - Bedien de Ontvochtiger gemakkelijk met de bijgeleverde afstandsbediening. - Dankzij de handige timing functie kun je de Ontvochtiger precies instellen zoals jij wilt. - Sluit de Ontvochtiger aan op een externe waterleiding voor nog meer gemak. - Investeer in de AG Commerce Ontvochtiger en zeg vaarwel tegen vochtproblemen in je kelder. FAQ 1. Hoe groot is het bereik van de AG Commerce Ontvochtiger? De AG Commerce Ontvochtiger heeft een dekgebied van 0-30 vierkante voet. 2. Wat is de capaciteit van de waterreservoir van de AG Commerce Ontvochtiger? De AG Commerce Ontvochtiger heeft een capaciteit van 1.1-2.5 liter. 3. Welke ventilatorsnelheid heeft de AG Commerce Ontvochtiger? De AG Commerce Ontvochtiger heeft één ventilatorsnelheid in de eerste versnelling. 4. Welke technologie wordt gebruikt in de AG Commerce Ontvochtiger? De AG Commerce Ontvochtiger maakt gebruik van de Thermoelectric Cooling technologie. 5. Is de AG Commerce Ontvochtiger voorzien van een LED-display? Ja, de AG Commerce Ontvochtiger is voorzien van een LED-display waarop je de instellingen en het huidige vochtigheidsniveau kunt aflezen.
"
232,"Vochtvreter voor in Huis met Rozen Geur - Inclusief Vochtmagneet Vulling - Vochtvanger voor Binnen - voor Badkamer, Woonkamer of Slaapkamer",,Family Pound,,,,"18,95",Op voorraad,https://www.bol.com/nl/nl/p/vochtvreter-voor-in-huis-met-rozen-geur-inclusief-vochtmagneet-vulling-vochtvanger-voor-binnen-voor-badkamer-woonkamer-of-slaapkamer/9300000166304470/,2,"
 Luchtontvochtiger voor verlaging van de luchtvochtigheid. De korrels in het apparaat voorkomen condensatie van vocht en schimmelvorming en zorgen zo voor een hygiënische omgeving in huis.   Uitstekende, snelle efficiëntieHoog vochtabsorberend vermogenCompacte maatRozengeur   Capaciteit: 500 mlGeur: RozengeurAfmeting: 150 x 85 x 105 mm 
"
233,Equivera Luchtontvochtiger - Luchtontvochtiger Slaapkamer - Luchtontvochtigers - Dehumidifier - Luchtontvochtiger Badkamer - Luchtontvochtiger Woonkamer - Luchtontvochtiger Huis,,Merkloos,,,,"99,95",,https://www.bol.com/nl/nl/p/equivera-luchtontvochtiger-luchtontvochtiger-slaapkamer-luchtontvochtigers-dehumidifier-luchtontvochtiger-badkamer-luchtontvochtiger-woonkamer-luchtontvochtiger-huis/9300000165832532/,7,"
Heeft u last van overtollig vocht, schimmelvorming of een muffe geur in uw huis? Onze Pro Breeze Mini Luchtontvochtiger biedt de oplossing voor een gezonder en comfortabeler binnenklimaat, perfect voor uw keuken, badkamer, slaapkamer, caravan, garage of kelder.  Compact design voor eenvoudig gebruik en opslag Dagelijkse vochtafvoer tot 250 ml Geluidloze werking dankzij Peltier-technologie Automatische uitschakeling bij vol waterreservoir Ideaal voor mensen met allergieën en ademhalingsproblemen  Innovatief en Efficiënt: De Pro Breeze Luchtontvochtiger maakt gebruik van geavanceerde Peltier-technologie die zonder compressor werkt, waardoor het apparaat fluisterstil is. Hierdoor is het ideaal voor gebruik in slaapkamers en kantoren, zonder afleiding of onderbreking van uw dagelijkse bezigheden. Krachtig tegen Vocht en Schimmel: Deze krachtige mini-ontvochtiger verwijdert tot 250 ml vocht per dag, met een gemakkelijk te legen waterreservoir van 500 ml. Dit helpt bij het bestrijden van de ongewenste gevolgen van vochtigheid, zoals schimmel en meeldauw, en zorgt voor een frissere lucht in uw leefruimte. Gebruiksvriendelijk: De automatische uitschakelfunctie geeft een signaal wanneer het waterreservoir vol is en geleegd moet worden. Dit maakt het onderhoud van de luchtontvochtiger probleemloos en zorgt ervoor dat u altijd kunt genieten van een drogere omgeving. Adem Gezonder: Door het verminderen van vochtigheid creëert u een omgeving die minder gastvrij is voor allergenen zoals schimmelsporen en huisstofmijt, wat vooral gunstig is voor mensen met allergieën en ademhalingsproblemen. Elegant en Draagbaar: Het slanke en moderne ontwerp van onze Pro Breeze Mini Luchtontvochtiger zorgt ervoor dat hij naadloos opgaat in uw interieur, terwijl zijn lichte gewicht betekent dat u hem gemakkelijk kunt verplaatsen naar de plekken waar hij het meest nodig is. Productspecificaties: Merk: Pro Breeze Capaciteit waterreservoir: 500 ml Dagelijkse vochtverwijdering: 250 ml Technologie: Peltier (Thermo-elektrisch) Geluidsniveau: Ultra stil Automatische uitschakeling: Ja Afmetingen: Compact en draagbaar Inhoud van de verpakking: 1x Pro Breeze Mini Luchtontvochtiger 1x Waterreservoir 1x Gebruikershandleiding Kies voor een gezondere leefomgeving met onze Pro Breeze Mini Luchtontvochtiger. Bestel nu en adem met gemak in een vochtvrije, frisse ruimte!
"
234,Ontvochtiger Huis - Luchtreiniger - Draagbaar - Grote Capaciteit - Slaapkamer Badkamer Kantoor Kelder - Hooikoorts,,Merkloos,,,,"59,95",,https://www.bol.com/nl/nl/p/ontvochtiger-huis-luchtreiniger-draagbaar-grote-capaciteit-slaapkamer-badkamer-kantoor-kelder-hooikoorts/9300000160207903/,10,"
Adem Zuivere Lucht in Met Onze Desktop Luchtreiniger! Ontdek de kracht van schone lucht met onze luchtreiniger. Deze compacte en effectieve luchtreiniger is ontworpen om de luchtkwaliteit in jouw slaapkamer te verbeteren en schadelijke deeltjes zoals rook, PM2.5, klachten bij hooikoorts en andere verontreinigingen te filteren. Kenmerken:   Luchtinlaat met HEAP-Composietfilter: Onze luchtreiniger maakt gebruik van een geavanceerd HEAP-composietfilter om schadelijke vaste deeltjes en gassen in de lucht, zoals rook en PM2.5, te filteren. Dit zorgt voor schonere en gezondere lucht.   Negatieve Ionengeneratie: Bij aansluiting op stroom ioniseert de luchtreiniger de lucht en genereert negatieve ionen. Deze negatieve ionen neutraliseren positieve ionen, waardoor stof en bacteriën in de lucht worden geneutraliseerd en naar de grond zakken. Dit draagt bij aan een schonere lucht en een gezondere omgeving.   Nachtlichtfunctie met Blauw Licht: De luchtreiniger beschikt over een nachtlichtfunctie met een blauw lichteffect. Volgens wetenschappelijk onderzoek kan blauw licht helpen bij het bevorderen van slaap.   Specificatie:  Voltage: 3,5-6V Filter: Composietfilter (pre-filter + H12 HEPA-filter + actieve koolstofkatoen - niet deeltjes) Nominaal Vermogen: <18W Toepasselijk Gebied: 5-10 vierkante meter Geluidsniveau: <35 dB(A) Productgrootte: 245125125mm  Pakket Omvat:  Luchtreiniger * 1 USB-kabel * 1 Instructie * 1 
"
235,VANTUBO RHINOCOMFORT Luchtontvochtiger Ventilator met warmteterugwinning Ventilatie,,VANTUBO,,,,"579,-",,https://www.bol.com/nl/nl/p/vantubo-rhinocomfort-luchtontvochtiger-ventilator-met-warmteterugwinning-ventilatie/9300000023086158/,8,"
Decentrale puntventilatiesysteem met warmteterugwinning. Het fotokatalische saneringssysteem van de stromende lucht verwijdert bacteriën, stof en andere vluchtige stoffen die gevaarlijk zijn voor mensen. Vereist geen plaatsing van ventilatiekanalen in het gebouw. Installatie vereist slechts één gat met een diameter van 160 mm in de buitenmuur met een dikte van 24 tot 53 cm.Het apparaat /de apparaten die in elke kamer op de buitenmuur zijn gemonteerd, zorgen voor een thermisch effectief ventilatiesysteem. De geïntegreerde keramische ""honingraat'' warmtewisselaar recupereert tot 90% van de warmte uit de lucht die naar buiten wordt geworpen en voert deze terug naar de kamer met de lucht die van buiten naar binnen stroomt.Bediend met een afstandbediening. Uitgerust met temperatuur-, vochtigheids- en helderheidssensoren die de werking van het apparaat aanpassen aan veranderende omstandigheden. Drie ventilatorsnelheden, aangedreven door een borstelloze, ultrastille elektromotor met minimaal energieverbruik. Handmatige modus haalt lucht van buitenaf (max. 30 minuten). Handmatige modus om lucht naar buiten af ​​te voeren (max. 30 minuten). Automatische modus inlaat 45 seconden / uitlaat 45 seconden. Het apparaat zorgt voor voldoende ventilatie van ruimtes met een oppervlakte tot 50 m2 (hoogte tot 2,7 m). Het kan onafhankelijk werken of een onderdeel vormen van het volledige ventilatiesysteem van het gebouw, bestaande uit maximaal 65 apparaten. De MASTER-versie werkt zelfstandig of vormt de basis van een systeem dat bovendien uit 64 ondergeschikte apparaten in de SAT-versie bestaat. Aanbevolen oppervlakte: _tot*50 m2_ Filters: G3, Fotokatalyse Thermisch rendement: tot 90% Sensoren: Temperature, vocht, helderheids Luchtdebiet sleep/min/med/max.: 15/28/48/68 m3/h Stroomverbruik min/med/max: 2/3,8/6,6 W Geluidsdruk min/med/max: 27/32/38 db(A) ( afstand 1,5 m )
  "
236,Luchtontvochtiger Slaapkamer - 12 L per dag - Vochtvreters voor in huis - Electrisch - Geschikt voor Badkamer en Kelder - Extra Stille Modus - Timer,,Merkloos,,,,"329,95",,https://www.bol.com/nl/nl/p/luchtontvochtiger-slaapkamer-12-l-per-dag-vochtvreters-voor-in-huis-electrisch-geschikt-voor-badkamer-en-kelder-extra-stille-modus-timer/9300000170015751/,8,"
Last van overtollig vocht in de badkamer? Op zoek naar een oplossing om de perfecte luchtvochtigheid te behouden? Zoek niet verder! Maak kennis met de elektrische badkamer ontvochtiger! Dit innovatieve apparaat verwijdert moeiteloos overtollig vocht, voorkomt schimmels en zorgt voor een comfortabele omgeving. Met een automatische vochtigheidssensor, een handige 24-uurs timer, een tank van 2 liter en opties voor continue afvoer, werkt hij 24 uur per dag efficiënt. Geniet met gemak van een schimmelvrije ruimte en een betere luchtkwaliteit.‎ Aan de slag met de elektrische badkamerontvochtiger:‎ De elektrische badkamerontvochtiger zorgt voor een comfortabele, schimmelvrije omgeving. Het is ideaal voor iedereen die overtollig vocht wil verwijderen, schimmelgroei wil voorkomen en een gezondere leefruimte wil garanderen. Deze luchtbevochtiger is perfect voor badkamers en biedt probleemloze vochtverwijdering voor een comfortabelere en frissere badkamer.‎ Functies:  Super stil & energiezuinig: De stille ontvochtiger maakt gebruik van een zeer efficiënte compressor met weinig geluid en minimaal energieverbruik. Met de automatische sensor kunt u de luchtvochtigheid in de kamer controleren en wordt de elektrische ontvochtiger uitgeschakeld zodra de gewenste luchtvochtigheid is bereikt. Verwijdert 12 liter water per dag: De ontvochtiger heeft een extra grote watertank met een capaciteit van 2,5 liter en absorbeert tot 12 liter water uit de lucht. In tegenstelling tot andere ontvochtigers voor thuis, absorbeert deze snel en efficiënt vocht om uw huis fris en droog te houden. LED-display met 5 instellingen: Deze energiezuinige ontvochtiger voor thuis en de badkamer heeft een gebruiksvriendelijk LED-display met 3 standen (continu, automatisch en relatief). De compacte ontvochtiger heeft 2 snelheidsinstellingen (hoog/laag) om altijd het perfecte vochtniveau voor uw huis te vinden (tussen 30-90%). Compact & draagbaar: Deze draagbare kleine ontvochtiger is voorzien van 4 wielen. U kunt hem gemakkelijk verplaatsen of opbergen wanneer hij niet in gebruik is. Het moderne en strakke ontwerp van de automatische ontvochtiger past in elk huis of kantoor. Inbegrepen is een lange slang van 1 meter voor een continue afvoer. Perfecte bescherming: Een goede ontvochtiger voor thuis biedt de beste bescherming tegen schimmel, condensatie op ramen en ander vocht in huis. Door water uit de lucht te absorberen, verbetert de vochtverwijderaar effectief de luchtkwaliteit om u heen. Iedereen in uw familie kan beter ademen en gezond blijven.  ‎  Voor-en nadelen:‎  ✓ Verbeterde luchtkwaliteit✓ Energie-efficiëntie✓ Aanpasbare instellingen✓ Gemak✓ Geluidsniveaus✕ Onderhoudsbehoeften‎  Specificaties: ‎    Vloeroppervlak: 10 vierkante meter   Kleur: Wit   Capaciteit: 12 Liter   Productafmetingen: 24D x 29W x 41H cm   Artikelgewicht: 8kg   ‎  Productinhoud:‎ 1 x elektrische badkamerontvochtiger1 x slang‎ Veel ervaring met elektrische badkamerontvochtigers‎ We werken al lang in de niche van elektrische badkamerontvochtigers en daarom hebben we geavanceerde kennis over de vereisten voor een perfecte elektrische ontvochtiger. Kwaliteit is voor ons super belangrijk, daarom willen we dat u de optimale ervaring heeft tijdens het gebruik van de elektrische badkamerontvochtiger.
"
237,Klarstein Shetland 600 Luchtontvochtiger - 220 ml/d - 22 W - wit,,Klarstein,,"3,0",1,"51,98",,https://www.bol.com/nl/nl/p/shetland-600-luchtontvochtiger-220-ml-d-22-w-wit/9300000006551191/,5,"
Diep ademhalen: De Klarstein Shetland 600 luchtontvochtiger bevrijdt u van overtollig vocht en muffige luchtjes en zorgt ervoor dat u weer vrij kunt ademhalen. Zeg maar vaarwel tegen vochtige lucht en condens. Met de Klarstein Shetland 600 luchtontvochtiger verwijdert u het vochtoverschot om u heen. Hij filtert tot wel 220 ml water per dag uit de lucht en verzamelt deze in zijn 0,5 liter grote watertank. door het gebruik van een Peltier-element is de Shetland 600 bijzonder zuinig, het apparaat verbruikt slechts 22 W, en hij is daarnaast ook nog eens geruisloos. Wanneer de sensor signaleert dat de watertank vol is schakelt hij automatisch uit. Zodra de tank geleegd is - u kunt het water bijvoorbeeld overgieten in de plantengieter - activeert hij zich automatisch weer. Twee leds tonen goed zichtbaar aan of het apparaat aan of uit is en wanneer de watertank geleegd dient te worden. Verbeter met de Klarstein Shetland 600 luchtontvochtiger merkbaar het klimaat in ruimtes tot 40 m², zoals inloopkasten, badkamers en provisieruimtes. Hij verwijdert ongewenste waterdamp en helpt schimmel en condensneerslag voorkomen. In combinatie met een luchtbevochtiger zorgen de beide apparaten samen voor een constante luchtvochtigheid en creëren zo een aangenaam klimaat. Het eenvoudige, elegante design en de compacte afmeting van de Klarstein Shetland 600 luchtontvochtiger zorgen ervoor dat hij probleemloos in elke woon- en werkruimte past. De beste luchtvochtigheidsverhoudingen: De Klarstein Shetland 600 luchtontvochtiger verwijdert overtollig vocht en helpt een aangenaam klimaat te creëren. Beschikbare kleuren: Wit, zwart (Artikel 10030043) Eigenschappen: Compacte luchtontvochtiger voor het corrigeren van een te hoge luchtvochtigheid Zuinig: Slechts 22 W vermogen Verbetert het klimaat in walk-in kledingkasten, kleine badkamers en provisieruimtes Vermindert condensatie en voorkomt schimmelvorming Geruisloos dankzij het Peltier-element Omvang Levering:   1 x Apparaat 1 x Watertank 1 x Netaansluiting Gebruiksaanwijzing in Duits, Engels, Italiaans, Frans en Spaans  Afmetingen:   Afmeting: ca. 15 x 21,5 x 12 cm (BxHxD) Gewicht: ca. 880 g  Artikelnummer: 10030042
  "
238,Ontvochtiger -Huis Ontvochtiger - Vochtabsorberend - Draagbaar en Stil voor Slaapkamer - Tegen Schimmel en Vocht,,‘Merkloos’’,,,,"79,99",,https://www.bol.com/nl/nl/p/ontvochtiger-huis-ontvochtiger-vochtabsorberend-draagbaar-en-stil-voor-slaapkamer-tegen-schimmel-en-vocht/9300000160009652/,6,"
Verwelkom Een Frisse Ademhaling met Onze Efficiënte Ontvochtiger Maak korte metten met vochtige zorgen dankzij onze krachtige Ontvochtiger, ontworpen om overtollig vocht in je woning te absorberen. Perfect geschikt voor vochtige ruimtes zoals badkamers, keukens, kelders en slaapkamers, dit product biedt een scala aan voordelen die jouw leefomgeving aanzienlijk zullen verbeteren: Verdedig Tegen Schimmel en Allergenen: Overmatig vocht kan de perfecte omgeving creëren voor schimmelgroei en allergenen. Onze Ontvochtiger komt in actie, vocht uit de lucht absorberend om de groei van schimmel en allergenen tegen te gaan. Verhelder de Lucht die Je Ademt: De kracht van onze ontvochtiger zorgt voor een aanzienlijke verbetering in de luchtkwaliteit van je huis. Hierdoor kun je vrijer ademen en een gezonder leven leiden. Slimme Veiligheid: Deze ontvochtiger is uitgerust met een handige automatische uitschakelfunctie. Zodra het waterreservoir zijn capaciteit bereikt, schakelt het apparaat automatisch uit. Dit voorkomt niet alleen schade aan het apparaat, maar bevordert ook de veiligheid in huis. Eenvoud in Gebruik: Onze ontvochtiger blinkt uit in gebruiksgemak en onderhoud. Het bevat een handige indicator die je waarschuwt wanneer het waterreservoir vol is en geleegd moet worden. Dankzij het draagbare ontwerp kun je de ontvochtiger moeiteloos van kamer naar kamer verplaatsen. Gun Jezelf Een Gezondere Thuisomgeving Met de Ontvochtiger neem je de controle over vochtigheid in je eigen handen, verminder je de kans op schimmelgroei en allergische reacties. Wacht niet langer en bestel de Ontvochtiger vandaag nog, en geniet van een huis waarin je vrij kunt ademen en je optimaal kunt voelen!
"
239,Cornwall Electronics Luchtontvochtiger 12L/dag - 170W - Vochtvreter voor in huis - Air Dehumidifier,,CornwallElectronics,,,,"175,-",,https://www.bol.com/nl/nl/p/cornwall-electronics-luchtontvochtiger-12l-dag-170w-vochtvreter-voor-in-huis-air-dehumidifier/9300000069380337/,6,"
    Deze luchtontvochtiger verwijdert overtollig vocht uit de lucht en creëert een comfortabele omgeving voor uw huis en kantoor. Door het compacte ontwerp verplaats je hem gemakkelijk door alle kamers.Condensatiecapaciteit van 12 L per 24 uur.De Cornwall luchtonvochtiger heeft een condensatiecapaciteit van 12 L per 24 uur. Het kan worden geïnstalleerd in continue modus, aangesloten op een permanente afvoer of het laten werken door het volume van de tank te legen, als het vochtprobleem niet al te ernstig is. Ondersteunt de mogelijkheid van vaste of draagbare installatie.Makkelijk te verplaatsen en te gebruikenDeze luchtontvochtiger heeft een inklapbare handgreep aan de bovenkant voor comfortabel gebruik. Ook in het bovenste gedeelte is het voorzien van een eenvoudig digitaal display waar u de gewenste luchtvochtigheid in het apparaat kunt programmeren. Dankzij het 4-punts toetsenbord kunt u, naast de gewenste luchtvochtigheid, twee werksnelheden van de interne ventilator kiezen; programmeer de werking ervan met een timer per uur en sluit het apparaat aan of ontkoppel het.Indicator voor volle tankEen LED-indicator knippert wanneer de tank bijna vol raakt en markeert de ontkoppeling van het apparaat zodra het volledig vol is. De tank heeft een inhoud van 1,5 L, maar er is de mogelijkheid om deze te installeren met een permanente afvoer met behulp van een kleine afvoerslang aan de achterkant (meegeleverd).Snelle werking en bescherming van je huisDe Cornwall luchtontvochtiger verwijdert snel vocht uit de omgeving. Beschermt apparaten en meubels in kamers; gevoelige voorwerpen zoals muziekinstrumenten, camera's, computers, enz. Vanwege zijn eigenschappen wordt het aanbevolen voor ruimtes tot 20 m2.Hoe te gebruiken:Sluit de luchtontvochtiger gewoon aan op de gewenste locatie en druk op de aan/uit-knop.U kunt ervoor kiezen om de meegeleverde afvoerslang te bevestigen om het vullen van de tank te voorkomen en om continu te werken.Kenmerken:

Automatische uitschakeling.
Afmetingen: 550 x 360 x 225 mm.
Netto gewicht: 10,5 kg.
Tankinhoud: 1,2 L
Koelgas: R-134a 120g.
Luchtstroom: 448 m 3 / h
Verbruik: 170W
Spanning: AC220V-240V / 50Hz
Continue modus afvoerslang achter (meegeleverd)
Diameter afvoerbuis: 9,5 mm

"
240,SmartLife Luchtontvochtiger - Wi-Fi - 30 l/Dag - Ontvochtiging / Continu / Was drogen / Ventilatie - Android / IOS - Regelbare hygrostaat - 210 m³/h,,Nedis,,,,"264,73",Op voorraad,https://www.bol.com/nl/nl/p/nedis-smartlife-luchtontvochtiger-wi-fi-30-l-dag-ontvochtiging-continu-was-drogen-ventilatie-android-ios-regelbare-hygrostaat-210-m-h/9300000124063893/,21,"
    Deze Nedis ontvochtiger kan per dag wel 30 liter vocht uit de lucht halen. Daardoor is het de beste manier om de opbouw van schimmel, vocht en meeldauw in je huis te voorkomen. Een relatieve vochtigheid van 50-70% wordt aanbevolen voor het dagelijks leven. Er zijn situaties met een hogere of lagere vochtigheidsgraad, zoals kelders, badkamers of slecht geïsoleerde ruimtes.  De ontvochtiger heeft vier verschillende modi om ervoor te zorgen dat aan alle behoeften van de gebruiker wordt voldaan - Ontvochtiging: de instelbare hygrostaat houdt de ruimte op een vooraf ingesteld vochtigheidsniveau - Continu: de ontvochtiger werkt continu zonder onderbreking bij een lage ventilatorsnelheid - Was drogen: bij het drogen van de was blijft de ontvochtiger op het hoogste snelheidsniveau staan om het droogproces van natte kleding te versnellen - Ventilatie: de ontvochtiger werkt als een ventilator en creëert een lekker briesje zonder de lucht te ontvochtigen. Voorzien van twee snelheidsstanden om de perfecte luchtstroom voor elke instelling te creëren.  Wanneer het waterreservoir vol is, geeft de ontvochtiger een melding en wordt het ontvochtigingsproces gepauzeerd totdat het waterreservoir is geleegd. Het is ook mogelijk om de ontvochtiger permanent af te tappen met de meegeleverde afvoerslang.  Stel de timer tussen 1 en 24 uur in. Na de ingestelde tijd wordt de ontvochtiger automatisch uitgeschakeld.  Regel eenvoudig alle instellingen met één druk op de knop via het heldere LED-display boven op de ontvochtiger. De vochtigheidsgraad is in één oogopslag te zien met de vochtigheidsindicator.  Sluit het apparaat aan op je Wi-Fi thuis en bedien het product via de Nedis SmartLife-app (iOS en Android) of de toetsen op de ontvochtiger zelf. Hij ondersteunt ook spraakbediening met Alexa en Google Assistant.  Met de app kun je ook de timer programmeren, een slim schema instellen en zelfs de geschiedenis van temperatuur en vochtigheid bijhouden.   Gebaseerd op een omgevingstemperatuur van 30 °C en een relatieve vochtigheid van 80 %. De werkelijke ontvochtigingsprestaties zijn afhankelijk van de werkelijke temperatuur en vochtigheid.
  "
241,TROTEC Design luchtontvochtiger en luchtreiniger TTK 64 HEPA - 95% filtereffectiviteit) - ontvochtigingsvermogen max. 24 liter / 24 uur,,Trotec,,,,"244,95",,https://www.bol.com/nl/nl/p/trotec-design-luchtontvochtiger-en-luchtreiniger-ttk-64-hepa-95-filtereffectiviteit-ontvochtigingsvermogen-max-24-liter-24-uur/9300000058577587/,13,"
    De visueel en technisch overtuigende Design-luchtontvochtiger TTK 64 HEPA regelt de luchtvochtigheid op een gezond niveau en beschermt dankzij HEPA-filtering tegen virussen, bacteriën, schimmelsporen en overige via de lucht overdraagbare schadelijke stoffen.Vertrouw bij de bescherming van uw gezondheid, de inrichting en de controle van de luchtkwaliteit heel eenvoudig en gerieflijk op de Luchtontvochtiger TTK 64 HEPA met effectieve HEPA-luchtreinigingstechnologie. Met zijn combinatie van luchtreiniging en -ontvochtigingstechniek voorkomt dit multitalent op betrouwbare wijze de vorming van ongezonde vochtplekken en de daarmee samenhangende vochtproblemen zoals schimmelvorming, weervlekken en natheid. De lucht wordt in het tweevoudige filtersysteem bestaande uit voorfilter en uiterst efficiënt HEPA-filter ontdaan van mogelijk virusbevattende aerosolen, bacteriën, schimmelsporen, fijnstof, huisstof, dierenhaar en overige via de lucht overdraagbare ziekteverwekkers. Ook wordt de groei van stofmijten en allergenen gereduceerd.Voordelen in de praktijk:

Luchtontvochtiger met HEPA-luchtreiniger (95 % effectieve HEPA-filtering van bacteriën, virussen, pollen, fijnstof, stofmijten, schimmelsporen en andere allergenen en schadelijke stoffen)
Hygrostaatgeregelde, automatische luchtontvochtiging in stappen van 5 % instelbaar tussen 30 en 80 % r.v.
Zodra de gewenste luchtvochtigheidswaarde is bereikt, schakelt de compressor automatisch uit. De ventilator loopt door. Bij overschrijding schakelt het apparaat automatisch weer aan.
Geschikt voor ruimten tot 50 m² / 125 m³
Ontvochtigingsvermogen max. 24 liter / 24 uur
Luchtkwaliteitsaanduiding met kleuren-led
Weergave van de relatieve luchtvochtigheid
Continubedrijf voor permanente ontvochtiging in onbeheerde ruimten
Timerfunctie (1-24 uur)
Nachtmodus (fluisterstil)
Auto-restart functie (memory-functie)
Overloopbescherming – apparaat schakelt uit wanneer waterreservoir vol is
Waarschuwingssignaal bij vol waterreservoir
Waterreservoir ca. 2,5 liter
Tweetraps ventilator
Aansluitmogelijkheid voor een afvoerslang voor permanent gebruik
Wasdroogfunctie

Let op: specificaties kunnen zonder opgave van redenen in het belang van een lopende productverbetering door de fabrikant worden gewijzigd.
Aan de afbeeldingen van producten en eventueel getoonde specificaties of keurmerken kunnen geen rechten worden ontleend
"
242,Thuys - Luchtontvochtiger Slaapkamer - Vochtvreter Elektrisch - 2 in 1 Luchtontvochtiger Badkamer en Slaapkamer - Wit - Duurzaam,,Thuys,,,,"99,95",,https://www.bol.com/nl/nl/p/thuys-luchtontvochtiger-slaapkamer-vochtvreter-elektrisch-2-in-1-luchtontvochtiger-badkamer-en-slaapkamer-wit-duurzaam/9300000161029245/,7,"
Heeft u last van vochtproblemen in uw huis, vooral in de slaapkamer, kast, kantoor of keuken? Bent u op zoek naar een efficiënte manier om vocht en schimmel te bestrijden? Maak kennis met onze 2-in-1 Luchtontvochtiger - uw trouwe metgezel voor een gezondere leefomgeving!   Plus- en minpunten: + Krachtige ontvochtiging tot 600 ml per dag + Negatieve ionenzuivering voor luchtkwaliteitsverbetering + Energiezuinig ontwerp met slechts 45W vermogen - Vereist stroomtoevoer via stopcontact   Productspecificaties: • Kleur: Wit • Afmetingen: 15 x 15 x 24 cm • Gewicht: 1,2 kg • Wattage: 36 watt • Geluidsniveau: 37 dB • Speciale kenmerken: Stille werking, Timer, Draagbaar • Batterijen inbegrepen: Nee • Batterijen vereist: Nee   Waarom is onze 2-in-1 Luchtontvochtiger de juiste keuze?   Krachtige Ontvochtiging Onze luchtontvochtiger is uw krachtige bondgenoot tegen vochtproblemen. Met een royale watertank van 1200 ml verwijdert het snel en effectief tot 600 ml vocht per dag, zelfs bij een temperatuur van 30°C en een luchtvochtigheid van 80%. Dit betekent minder kans op schimmelgroei en een gezondere omgeving voor uw gezin.   Luchtkwaliteitsverbetering Naast ontvochtigen, zuivert onze luchtontvochtiger ook de lucht met negatieve ionenzuivering. Het verwijdert luchtpolluenten en voorkomt de groei van schimmel en mijten, wat de algehele gezondheid van uw huis ten goede komt.   Energiezuinig Ontwerp In vergelijking met traditionele compressorontvochtigers is onze compacte luchtontvochtiger uitgerust met halfgeleidercondensatietechnologie, waardoor hij maximaal vocht uit de lucht haalt met minimaal energieverbruik. Met slechts 45W stroomverbruik is hij vriendelijk voor uw energierekening en het milieu.   Multifunctioneel en Fluisterstil Met een geluidsniveau van minder dan 40 decibel kan onze luchtontvochtiger zonder problemen draaien terwijl u slaapt, werkt, studeert of ontspant. Hij is ideaal voor slaapkamers, keukens, badkamers, kantoren, caravans, kelders en slecht geventileerde ruimtes.   Kinderveiligheid en Timerfunctie U kunt de timer instellen van 1 tot 12 uur, zodat de luchtontvochtiger automatisch uitschakelt wanneer u dat wilt. Bovendien is het apparaat voorzien van een kinderslot om onbedoelde aanraking door huisdieren of kinderen te voorkomen, waardoor het extra veilig is voor uw gezin.   Ruime Ervaring in de luchtreinigingsbranche Wij werken al geruime tijd in de luchtreinigingsbranche en hebben daarom een zeer uitgebreide kennis van de eisen waaraan een kwalitatief goede luchtontovochtiger moet voldoen. Kwaliteit staat dan ook hoog bij ons in het vaandel en wij vinden het belangrijk dat u optimaal kunt genieten van de nieuwste luchtontovochtiger voor bijvoorbeeld de slaapkamer.   Wat zit er in de doos: • 1x 2-in-1 Luchtontvochtiger (met handige siliconen stekker voor de watertank) • 1x EU Adapter • 1x Waterleiding van 1 meter • 1x Handleiding   Wacht niet langer! Bestel vandaag nog onze 2-in-1 Luchtontvochtiger en zorg voor een comfortabele, gezonde leefomgeving in uw huis. Adieu vochtproblemen, hallo frisse lucht!
"
243,Eeese Otto 25L Luchtontvochtiger,,Eeese,,,,"399,-",,https://www.bol.com/nl/nl/p/eeese-otto-25l-luchtontvochtiger/9300000140489142/,8,"
De Eeese Otto 25L is een krachtige luchtontvochtiger die zowel via WiFi als met Google Assistant kan worden bediend. Op deze manier wordt het nog makkelijker om een perfecte luchtvochtigheid in huis te realiseren! De Eeese Otto 25L is ons jubileummodel dat extra veel kan voor een compacte luchtontvochtiger. Met slechts 44 dB(A) is de Eeese Otto 25L extreem stil. Daarbij heeft de Eeese Otto 25L Luchtdroger een oscillerende wasdroogfunctie en is IPX4-geclassificeerd zodat de Eeese Otto 25L in natte ruimtes kan worden gebruikt en heeft hij bovendien een laag stroomverbruik van slechts 290 Watt. Productbeschrijving: Eeese Otto 25L - Luchtontvochtiger Droogfunctie voor kleding Efficiënt, beter voor het milieu en een lager elektriciteitsverbruik. In veel huishoudens moet een wasdroger worden gebruikt om de kleding van het hele gezin snel te laten drogen. Ook hierbij kan de Eeese Otto 25L luchtontvochtiger helpen. De luchtontvochtiger heeft een ingebouwde kledingdroogfunctie die via het functionele display kan worden bediend. Met slechts één klik op het display wordt de oscillerende praktische kledingdroogfunctie gestart, die de kleding extra snel droogt. Omdat het stroomverbruik slechts 290 watt bedraagt, is deze luchtontvochtiger een goedkoper en slimmer alternatief voor een wasdroger. Gebruik je Otto-luchtontvochtiger in de badkamer De badkamer is één van de vertrekken waar veel vocht gevormd wordt. Na een warm bad is het fijn om de Otto 25L luchtontvochtiger aan te kunnen zetten om snel een normale luchtvochtigheid in de kamer te bereiken. De Otto 25L luchtontvochtiger is IPX4-geclassificeerd voor natte ruimtes en dus kunt u de Eeese Otto 25L veilig in de badkamer plaatsen. Automatische vochtregulatie De Eeese Otto 25L luchtdroger is uitgerust met een auto-modus die de vochtigheid in het vertrek controleert en overtollig vocht verwijdert. Op het display van de ontvochtiger stelt u de gewenste luchtvochtigheid in, zodat u precies de gewenste luchtvochtigheid in het vertrek bereikt. Deze instellingen worden automatisch opgeslagen, ook als de luchtontvochtiger uit staat, zodat je ze de volgende keer niet opnieuw hoeft in te stellen. WiFi – de ontvochtiger regelen via je telefoon of Google Assistant Deze luchtontvochtiger is voorzien van WiFi, waardoor je hem eenvoudig via je mobiele telefoon kunt regelen. Hij is slim, flexibel en innovatief. De ontvochtiger is ook compatibel met Google Assistant. Eenvoudig in gebruik Met zijn slechts 15.7 kilo is de ontvochtiger gemakkelijk te verplaatsen, afhankelijk van de ruimte waar je hem wil gebruiken. De luchtontvochtiger is voorzien van praktische handgrepen die mooi in het ontwerp zijn geïntegreerd. Zeer laag stroomverbruik Met de praktische timerfunctie kun je zelf bepalen wanneer de ontvochtiger actief moet zijn. De ontvochtiger heeft een laag stroomverbruik van 290 Watt. Dit is heel laag voor een luchtontvochtiger die tot 25 liter per dag kan ontvochtigen. De Otto kan met een afvoerslang rechtstreeks worden aangesloten op een afvoer in huis. Dat is een groot voordeel, want hierdoor kun je het vertrek droog houden zonder dat je je zorgen hoeft te maken dat de watertank vol raakt. Kies je ervoor om geen afvoerslang aan te sluiten, dan heeft de luchtontvochtiger een automatische uitschakelfunctie met een volle tank-indicator, die waarschuwt met een alarm en de luchtontvochtiger zelfs uitschakelt als de tank vol is. De tank heeft een capaciteit van 4.5 liter. De ontvochtiger met een discreet geluid Het is geen probleem om de Otto 25L 's nachts aan te laten, want hij heeft een slimme slaapstand, die je eenvoudig activeert. Als deze functie is ingesteld, werkt de luchtontvochtiger met een lage ventilatorsnelheid en een geluidsniveau van slechts 42 dB(A). Eeese Otto 25L – een kwaliteitsproduct van Eeese De Eeese Otto 25L Luchtontvochtiger maakt deel uit van de populaire serie van Eeese. Alle apparaten in deze serie zijn gemaakt met als doel de perfecte synergie te creëren tussen gedegen kennis van het Europese klimaat en milieu, een stijlvol en gestroomlijnd Scandinavisch design en de nieuwste technologie. Otto’s speciale talenten  Stijlvol en compact design Ontvochtigingscapaciteit 25 liter/dag Wifi – compatibel met Google Assistant Extreem stil – slechts 44 dB(A) Zeer laag stroomverbruik – slechts 290 Watt Oscillerende kledingdroogfunctie Timerfunctie Antibacterieel luchtfilter Ingebouwde ionisator IPX4-geclassificeerd – ook geschikt voor gebruik in natte ruimtes Praktische handgrepen – zeer gemakkelijk te verplaatsen Kinderbeveiliging Automatische uitschakeling bij een volle watertank 
"
244,TROTEC Industriële luchtontvochtiger TTK 166 ECO,,Trotec,,,,"€214,95",,https://www.bol.com/nl/nl/p/trotec-industriele-luchtontvochtiger-ttk-166-eco/9200000088312261/,14,"
TROTEC Industriële luchtontvochtiger TTK 166 ECOHoogst efficiënt. Uiterst robuust. Enorm voordelig.Op zijn grote digitale display is de daadwerkelijke luchtvochtigheid zowel in standby-modus als ook tijdens het ontvochtigen goed af te lezen. De gewenste relatieve luchtvochtigheid kan daarbij in stapjes van 1 tussen 10% en 95% voorgeselecteerd worden waardoor het droogproces dankzij de geïntegreerde hygrostaat goed geregeld kan worden.De timerfunctie met inschakel- en uitschakeltijd-voorkeuze, de 7 liter grote watertank en de indicatie voor automatische ontdooiing maken de veelzijdig uitgeruste ontvochtiger af.Bovendien beschikt de TTK 166 ECO over een externe condensafvoer (optionele condensaatpomp apart verkrijgbaar), waardoor hij perfect geschikt is voor langdurige onbeheerde droogwerkzaamheden. Dankzij de memory-functie onthoudt de ontvochtiger bij kortdurende stroomuitval de ingestelde relatieve vochtigheid. Zodra de stroomvoorziening weer hersteld is, start de TTK 166 ECO automatisch.De opvallende laklaag in de signaalkleur rood zorgt ervoor dat de ontvochtiger op de bouwplaats niet over het hoofd gezien kan worden. Door de transportgreep en de grote wielen is de TTK 166 ECO ook op vaak ruwe en onherbergzame bouwplaatsen zonder moeite verplaatsbaar. Een netsnoerhouder aan de achterkant van het apparaat maakt het mogelijk de stroomkabel handig te bevestigen voor het veilig transporteren en opslaan van het apparaat.Dankzij de efficiënte rotatiecompressor kan het apparaat in iedere positie getransporteerd en opgeslagen worden.Voordelen in de praktijk:* Bijzonder economische oplossing voor industriële ontvochtiging en bouwdroging.* Hoge ontvochtigingscapaciteit* SGS-gecontroleerde kwaliteit* Robuuste staalconstructie met verrijdbaar onderstel* Dankzij de rotatiecompressor in elke positie te transporteren en op te slaan* Automatisch hygrostaat-gestuurd* Timer-functie* Indicatie van de daadwerkelijke luchtvochtigheid in zowel standby-modus als ook tijdens het ontvochtigenTechnische details van de TTK 166 ECO:* Ontvochtigingscapaciteit max./24h: 52 Liter* Geschikt voor ruimes tot: 90 m² / 230 m³* Werkbereik temperatuur: 5°- 35°C* Werkbereik vochtigheid: 10 bis 95 % r.V.* Luchtcapaciteit max.: 300 m³/h* Netspanning: 230V (50Hz)* Opgenomen vermogen max.: 0,95 kW* Waterreservoir: 7 Liter* Geluidsniveau dB (A) (afstand 1 m): 56* Lengte: 480 mm* Breedte: 450 mm* Hoogte: 910 mm* Gewicht: 30,0 kg
Let op: specificaties kunnen zonder opgave van redenen in het belang van een lopende productverbetering door de fabrikant worden gewijzigd.
Aan de afbeeldingen van producten en eventueel getoonde specificaties of keurmerken kunnen geen rechten worden ontleend
 
"
245,AIR NATUREL Rohan - Luchtontvochtiger - 50 liter per dag - Wifi - Bediening via app,Nieuw artikel,Air Naturel,,,,"549,14",Op voorraad,https://www.bol.com/nl/nl/p/air-naturel-rohan-luchtontvochtiger/9200000120385772/,9,"
Luchtontvochtiger Air & Me Rohan is een krachtige ontvochtiger met een ontvochtigingscapaciteit van 50L per dag. Luchtdroger Rohan is daarom zeer efficiënt als het gaat om het ontvochtigen van grote ruimtes tot 200 m². Luchtontvochtiger Rohan is ideaal voor dagelijks gebruik, vooral op plaatsen waar schimmels aanwezig zijn. Het is een bijzonder praktische ontvochtiger voor nieuwe gebouwen, bij huisrenovaties, voor kamers met een te hoge luchtvochtigheid, en daar waar een hoge luchtvochtigheid structureel een gevaar is voor de volksgezondheid. Door de AAN/UIT-knop ( L ) 3 seconden ingedrukt te houden, activeer je de WiFi-koppeling tussen het apparaat en uw smartphone. Zodra deze koppeling is voltooid, kunt u de luchtontvochtiger op afstand bedienen zodra je een internetverbinding hebt. Kenmerken van de ontvochtiger Air & Me Rohan  Luchtontvochtiging tot 50 liter per dag (bij 32°C/90% RV). Ingebouwde opvoerpomp. Mogelijkheid tot vaste waterafvoer. 24 uurs timer. Groot waterreservoir: 7 liter. Milieuvriendelijk koelmiddel R290. Luchtfilter. Zwenkwieltjes. 
"
246,TROTEC Luchtontvochtiger TTK 26 E,,Trotec,,,,"179,95",,https://www.bol.com/nl/nl/p/trotec-luchtontvochtiger-ttk-26-e/9200000094379670/,9,"
    Comfort-luchtontvochtiger TTK 26 EEen afgerond geheel met een mooi designDankzij een solide techniek en een voortreffelijk vermogen zorgt de TTK 26 E voor een droge omgeving. Het aantrekkelijke design van de afgeronde behuizing is een lust voor het oog.De compacte en handige ontvochtiger is heel gemakkelijk te bedienen: stekker in het stopcontact – en de effectieve TTK 26 E werkt meteen en houdt met een capaciteit van 10 liter per dag ruimtes tot 15 m² betrouwbaar droog.Daarbij beschikt de TTK 26 E over praktische details die ervoor zorgen dat het apparaat ook zonder toezicht probleem gebruikt kan worden: nl. de elektronische ontdooi-automaat, het waarschuwingslampje bij een vol waterreservoir en natuurlijk de automatische overloopbescherming.Ook op plaatsen waar het regelmatig legen van het waterreservoir niet gemakkelijk is, zoals bijvoorbeeld in verwarmde kelderruimtes of vakantiehuisjes, is de TTK 26 E zonder meer te gebruiken. Hiertoe is hij uitgerust met een geïntegreerde, aparte aansluiting, waarmee het condenswater via een slang heel handig direct in een afvoer geleid kan worden. Het uitwasbare filter en een praktische draaggreep voor het eenvoudig verplaatsen van het apparaat, completeren deze comfort-luchtontvochtiger.
Veilig voor uw was: drogen met behulp van een luchtontvochtiger
Behalve voor het ontvochtigen van de lucht in een ruimte kan een luchtontvochtiger ook eenvoudig worden ingezet voor het drogen van was - ter ondersteuning of compleet ter vervanging van een gebruikelijke wasdroger. De wasdroogfunctie (ook wel textieldroog-modus of superdry-functie genoemd) is vergelijkbaar met het traditioneel drogen van de was in de buitenlucht.
Luchtontvochtigers hebben als voordeel dat de was net als in de buitenlucht op een veilige manier wordt gedroogd. Kleuren blijven behouden en de kleding blijft langer mooi dan bij het gebruik van wasdrogers en daarbij wordt ook nog eens minder energie verbruikt.
Bovendien kunnen wol, zijde of fijne synthetische stoffen zonder problemen worden gedroogd. In tegenstelling tot het drogen van de was buiten blijft de was zachter en voelt prettiger aan op de huid.
Was kan ook gedroogd worden met luchtontvochtigers zonder wasdroogfunctie. De luchtvochtigheidswaarde moet dan als volgt worden ingesteld:
Kastdroog: 46 % relatieve luchtvochtigheid
Strijkdroog: 58 % relatieve luchtvochtigheid
Licht gedroogd: 65 % relatieve luchtvochtigheid
Propaan (R290) als milieuvriendelijk koudemiddel in luchtonvochtigers
Jaarlijks worden door het gebruik van synthetische koudemiddelen miljoenen tonnen milieu-onvriendelijk C02 (broeikasgassen) uitgestoten. Daarom stellen wij ons ten doel gebruik te maken van alternatieve koelmiddelen. Doordat er bij deze luchtontvochtiger gebruik wordt gemaakt van propaan (R290) als koudemiddel wordt er een waardevolle bijdrage geleverd aan de bescherming van het milieu.
Het natuurlijke koudemiddel propaan (R290) is een organische verbinding en behoort tot de koolwaterstoffen. In tegenstelling tot synthetische koudemiddelen zorgt het milieuvriendelijke propaan (R290) noch voor aantasting van de ozonlaag (ODP = 0) noch voor een toename van het broeikas-effect (GWP = 3).
Nog een extra voordeel voor het milieu: dankzij de voortreffelijke thermodynamische eigenschappen is propaan (R290) een bijzonder energiezuinig koudemiddel waardoor aanzienlijk wordt bespaard op de kosten voor elektriciteit.
Bijzondere kenmerken:
Gebruiksvriendelijke constructieEenvoudige bedieningPraktische snoeropwikkelingZeer compact en licht in zijn klasseStandaarduitvoering:Goed bereikbaar en gemakkelijk te reinigen luchtfilter. Filtert dierenharen, pluisje, dons en stof en voorkomt bacterie-groeiWaarschuwingslampje bij vol waterreservoirOverloopbescherming met automatische uitschakelingAutomatische ontdooifunctieAansluiting voor het extern afvoeren van condenswaterPraktische draaggreepTechnische gegevens:Ontvochtigingscapaciteit max.: 10 Liter/24hLuchthoeveelheid: 80 m³/hGeschikt voor ruimtes tot: 15 m² / 37 m³Werkbereik temperatuur: 5 - 32 °CWerkbereik vochtigheid: 20 tot 80 % r.F.Netspanning: 220 – 240 V / 50 HzSnoerlengte: 1,8 mStekker: CEE 7/7Opgenomen vermogen: 0,24 kWWaterreservoir: 1,8 LiterGeluidsniveau dB (A): 42Afmetingen (L x B x H): 210 x 295 x 420 mmGewicht: 9,5 kg
  "
247,Equivera Luchtontvochtiger - Luchtontvochtiger Slaapkamer - Luchtontvochtigers - Dehumidifier - Luchtontvochtiger Badkamer - Luchtontvochtiger Woonkamer - Luchtontvochtiger Huis,,Merkloos,,,,"99,95",,https://www.bol.com/nl/nl/p/equivera-luchtontvochtiger-luchtontvochtiger-slaapkamer-luchtontvochtigers-dehumidifier-luchtontvochtiger-badkamer-luchtontvochtiger-woonkamer-luchtontvochtiger-huis/9300000165877550/,7,"
Op zoek naar een stille en effectieve oplossing om overtollig vocht in uw huis aan te pakken? De Czoele Luchtontvochtiger is uw ideale bondgenoot in het bestrijden van vocht en het creëren van een comfortabeler binnenklimaat. Innovatieve Dubbele Halfgeleider Technologie Deze geavanceerde luchtontvochtiger is uitgerust met een upgraded dual semiconductor systeem, waardoor hij twee keer zo effectief is in het onttrekken van vocht in vergelijking met standaardmodellen. Veilig en efficiënt voor ruimtes tot 20㎡, is hij de perfecte toevoeging aan iedere kamer in uw huis. Compact en Draagbaar Design Met een bescheiden formaat van 5.94.79.4 inch, kan deze luchtontvochtiger gemakkelijk worden geplaatst waar de behoefte het grootst is - of het nu in uw badkamer, keuken, slaapkamer of in uw camper is. De flexibiliteit is eindeloos met dit compacte toestel. Ultra-Stille Werking Gedreven door het Peltier-principe en vrij van storende compressors, opereert deze luchtontvochtiger op een fluisterstil niveau van slechts 40 dB. Dit garandeert een rustige omgeving, ideaal voor ongestoorde nachtrust en onopvallend dagelijks gebruik. Slimme Ontdooifunctie Maakt u zich geen zorgen meer over het gebruik in koude klimaten; met de slimme ontdooifunctie, die in werking treedt bij temperaturen onder de 15°C, voorkomt deze luchtontvochtiger ijsvorming en condensatie, waardoor hij het hele jaar door presteert. Automatische Uitschakeling en Kleurrijk Nachtlampje Uitgerust met een 1000 ml waterreservoir, verwijdert het tot 34oz vocht per dag bij 86°F en 80% RH. Als het reservoir vol is, wordt het apparaat automatisch uitgeschakeld en het rode waarschuwingslampje informeert u dat het tijd is om het reservoir te legen. Bovendien dient het kleurrijke nachtlampje ook als een zachte lichtbron in het donker. Geniet van een droger, comfortabeler huis met de Czoele Luchtontvochtiger. Bestel vandaag nog en ervaar het verschil in uw leefomgeving. Productspecificaties:  Merk: Czoele Geluidsniveau: 40 dB Capaciteit waterreservoir: 1000 ml Effectief in ruimtes tot: 20㎡ Afmetingen: 5.94.79.4 inch  Inhoud van de verpakking:  1x Czoele Luchtontvochtiger 1x Gebruikershandleiding  Zeg vaarwel tegen vochtproblemen en haal uw Czoele Luchtontvochtiger vandaag nog in huis!
"
248,"Luxe Luchtontvochtiger - Stille Luchtreiniger - Dehumidifier - Extreem Stil - Geschikt voor Huis, Slaapkamer en Kantoor - Grote Capaciteit - 2500 ML - Wit",,Merkloos,,"5,0",2,"265,95",,https://www.bol.com/nl/nl/p/luxe-luchtontvochtiger-stille-luchtreiniger-dehumidifier-extreem-stil-geschikt-voor-huis-slaapkamer-en-kantoor-grote-capaciteit-2500-ml-wit/9300000062227874/,5,"
Last van schimmel of andere vochtproblemen? Met onze luchtreiniger is zal je er binnen de kortste keren vanaf zijn zonder dat het je veel moeite kost.
Pluspunten
 + Grote capaciteit
 + Slimme functies
 + Schakelt automatisch uit bij vol
 + Perfect voor elke kamer
Een te vochtig huis kan leiden tot veel problemen. Daarom is het belangrijk om altijd de goede luchtvochtigheid te hebben, anders kan je ernstige problemen krijgen. Voorkom dit met een goede luchtontvochtiger.
Leuk weetje: Met een luchtontvochtiger lijkt het altijd alsof je in een fris huis loopt, doordat de lucht altijd wordt gereinigd. 
Weten waarom onze Luchtontvochtiger de bestsellers is?
✔ Extreem Stil - Je wilt natuurlijk niet wakker worden door allemaal geluiden. Daarom is onze luchtontvochtiger een van de stilste die er is, zodat jij altijd lekker kunt genieten van je huis in alle stilte.
✔ Multi Functioneel - Past zich automatisch aan de omgeving van je huis. Zet de luchtvochtigheid en de luchtontvochtiger zal zijn werk doen en ervoor zorgen dat je lucht gereinigd wordt. ✔ Groot reservoir - Zodat die lang aan kan blijven en ervoor kan zorgen dat je huis altijd super schoon is.✔ Afstandsbediening - Makkelijk op afstand te bedienen, zodat je nooit hoeft op te staan.
Productspecificaties

    Materiaal: Plastic PP
    Voltage: 240V
    Kleur: Wit
    Capaciteit: 600 Ml
    Zuivering: Anion

Bevat: 1x Luchtontvochtiger, 1x afstandsbediening, 1x adapter, 1x Handleiding, 1x Afvoerpijp
  "
249,TROTEC Luchtontvochtiger TTK 52 E,,Trotec,,"4,4",9,"194,95",,https://www.bol.com/nl/nl/p/trotec-luchtontvochtiger-ttk-52-e/9200000064007164/,6,"
Luchtontvochtiger TTK 52 E Gezond klimaatcomfortMet de TTK 52 E uit de HomeComfort-serie zorgt u het hele jaar voor een optimale luchtvochtigheid en een gezond klimaatcomfort binnenshuis. Niet alleen de juiste temperatuur is doorslaggevend voor een ideaal binnenklimaat, ook de optimale luchtvochtigheid. In verwarmde woonruimten mag de luchtvochtigheid de 60 % grens niet overschrijden, in de badkamer kan deze wel eens 70 % of meer zijn.De optimale luchtvochtigheid voor een gezond binnenklimaat is 50 %. Waarden daarboven stimuleren schimmelvorming en kunnen de gezondheid nadelig beïnvloeden. De schimmelsporen worden verspreid in de lucht, komen in de luchtwegen en veroorzaken in het slechtste geval allergieën. Het ademen heeft eveneens een nadelige invloed op de luchtvochtigheid in de woonruimte, door het uitademen wordt doorlopend vocht afgegeven in de ruimte. Hoe groter het aantal deelnemers in een huishouden, hoe sneller de welzijnsgrens van de luchtvochtigheid wordt overschreden.  Voordelen in de praktijk:  Hygrostaatgeregelde ontvochtigingsautomaat met voorkeuze voor 40, 50 of 60 % r.v. Zodra de gewenste luchtvochtigheid is bereikt, schakelt de compressor vanzelf automatisch weer uit. De ventilator draait door. Bij overschrijding wordt het apparaat automatisch geactiveerd. Gemakkelijk te bereiken luchtfilter, eenvoudig te reinigen. Filtert dierenhaar, pluizen, veertjes, stof en voorkomt bacteriegroei. Permanente modus Waarschuwingslampje bij vol waterreservoir Overloopbeveiliging met automatische uitschakeling Circulatieluchtontdooiautomaat Aansluiting voor externe condensafvoer  Let op: specificaties kunnen zonder opgave van redenen in het belang van een lopende productverbetering door de fabrikant worden gewijzigd. Aan de afbeeldingen van producten en eventueel getoonde specificaties of keurmerken kunnen geen rechten worden ontleend
"
250,Luchtontvochtiger - Hygrometer - Stille werking - Portomonee vriendelijk - 2300ml,,Merkloos,,,,"159,95",,https://www.bol.com/nl/nl/p/luchtontvochtiger-hygrometer-stille-werking-portomonee-vriendelijk-2300ml/9300000172199629/,6,"
 Automatische ontdooiing van een grote ontvochtiger > > alle ontvochtigers met Peltier-effect kunnen vorstproblemen veroorzaken bij gebruik in omgevingen met lage temperaturen. Deze grote ontvochtiger is echter uitgerust met een automatische ontdooifunctie om dit probleem te voorkomen, die automatisch vorst elimineert en de ontvochtigingsmodules opnieuw opstart. Dus deze geweldige ontvochtiger kan de hele dag blijven werken. 3 het werk wijzen >> dit huisontvochtigingstoestel steunt 3 verschillende het werk wijzen zonodig. De sterke modus werkt op volle kracht om de beste ontvochtigingsprestaties te bereiken. De slaapmodus vermindert stroom en geluid, zodat u het ' s nachts in de slaapkamer kunt gebruiken. De automatische modus handhaaft de ontvochtiging tot de vochtigheid onder ongeveer 50% Relatieve vochtigheid daalt. (Gelieve een kleine meetfout waarde toe te staan.) In tegenstelling tot conventionele ontvochtigers met slechts één ontvochtigingsmodule, is deze grote ontvochtiger voor thuisgebruik uitgerust met twee solid-state modules om een dubbele hoeveelheid ontvochtiging te bereiken, tot 800 ml per dag (getest op ideale temperatuur). een omgeving met 86°F en 80% relatieve vochtigheid, fout getolereerd). utomatic uitschakeling van de grote ontvochtiger > > wanneer de 78 ounce watertank bijna vol is, schakelt deze ontvochtiger automatisch uit en knippert rood om te voorkomen dat water overloopt en herinnert u eraan om de watertank te legen. Water. Een andere manier om automatisch uit te schakelen is door de timer in te stellen (8/12/24/48 uur beschikbaar). Deze luchtontvochtiger wordt uitgeschakeld als de tijd om is. Zo kunt u zonder zorgen naar buiten of ' s nachts gebruiken. Ontvochtiger met kleurrijk licht > > als u kleurrijk licht nodig hebt om uw prachtige avond te versieren, is deze ontvochtiger voor thuis precies wat u zoekt. Het is uitgerust met kleurrijk licht en ondersteunt veranderende kleurmodus, vaste kleur en aan/uit-modus. Ontvochtiger voor badkamer, slaapkamer, kledingkast, enz. Opmerking: de beste bedrijfstemperatuur is 15°C tot 40°C. temperaturen onder 47°F / 8°C zijn niet geschikt.Vermijd het gebruik van het product in een omgeving met hoge luchtvochtigheid in de badkamer en vermijd nat. B. giet het water op tijd uit wanneer de producttank met water wordt gevuld, want wanneer de productventilator ophoudt werkend nadat het met water wordt gevuld, dringt de waterdamp door de binnenkant van de machine en kan tot abnormale elektronische componenten leiden 
"
251,Iris Ohyama Woozoo by Ohyama DDC-50 - Luchtontvochtiger en Ventilator - 2 in 1 - 21 m² - 215 m³/u - Wit,,IRIS OHYAMA,Woozoo by Ohyama,,,"195,-",Op voorraad,https://www.bol.com/nl/nl/p/iris-ohyama-woozoo-by-ohyama-ddc-50-luchtontvochtiger-en-ventilator-2-in-1-21-m-215-m-u-wit/9200000109825478/,5,"
    Deze IRIS Woozoo by Ohyama circulator houdt de lucht koel en droog met deze ventilator en luchtontvochtiger in 1! Deze makkelijk in gebruik ventilator zorgt ervoor dat gelijk vocht uit de lucht gehaald wordt voor een aangename omgeving binnen de woning. De bak vangt tot 2.5 liter water op en er wordt vanzelf aangegeven wanneer deze geleegd moet worden. De ventilator heeft 3 standen en optioneel kunnen deze zwenken van boven naar beneden en heen en weer. Beide functies kunnen zowel samen als apart gebruikt worden. Specificaties• 1,7 meter kabellengte • Afmeting(LxBxH) 23.4 x 28.7 x 64 cm • Gewicht 7.8 kg • 590W - 50HZ • Geluidsniveau: minder dan 50 dB • Capaciteit tank: 2,5L • Timer: 2, 4 of 8 uur • 3 Snelheden  • Verkrijgbaar in Wit
  "
252,Vochtvreter Electrisch - Deshumidificateur voor in Huis - Luchtontvochtiger en Luchtreiniger met Afstandsbediening,,Merkloos,,,,"129,95",,https://www.bol.com/nl/nl/p/vochtvreter-electrisch-vochtvreters-voor-in-huis-luchtreiniger-luchtontvochtiger-slaapkamer-met-afstandsbediening/9300000170398940/,14,"
Ben je helemaal klaar met de vochtproblemen in huis en zoek je een effectieve oplossing? Ontdek dan onze vochtvreter electrisch, de ultieme vochtvreters voor in huis. Of je nu worstelt met vochtige was die langzaam droogt, schimmel in je kelder of badkamer, of gezondheidsproblemen als gevolg van een vochtige slaapkamer, wij hebben dé oplossing voor jou.     Onze luchtontvochtiger bestrijdt niet alleen de vochtigheid, maar ook zorgt voor een gezondere leefomgeving. Door middel van de ionisatiefunctie wordt de lucht ontvochtigd en tegelijkertijd gereinigd, waardoor u minder last heeft van allergieën, of andere gezondheidsproblemen als gevolg van een hoge luchtvochtigheid! Laat vochtige was, schimmel in kelders of badkamers, en gezondheidsproblemen door vochtigheid niet langer jouw woongenot beïnvloeden.      Luchtreiniger met ionisatiefunctie: voor een gezondere lucht in huis Inclusief afstandsbediening Instelbare luchtvochtigheid Schakelt automatisch uit als het reservoir vol zit Relatief klein reservoir van 1200ML maar met externe waterafvoer mogelijkheid      Weten waarom onze luchtontvochtiger de bestseller is?   Geniet van gezondere lucht in huis dankzij de geïntegreerde ionisatiefunctie. Onze luchtontvochtiger zuivert de lucht van schadelijke deeltjes, waardoor je niet alleen vochtproblemen aanpakt, maar ook zorgt voor een frisse en schone atmosfeer! Dit is zeer aan te raden indien u last heeft voor allergieën of als u bewust bezig bent met uw gezondheid.     Daarnaast is onze luchtontvochtiger eenvoudig bedienbaar vanuit je luie stoel met de meegeleverde afstandsbediening. Gemakkelijk te gebruiken en handig in verschillende situaties.   Het reservoir maakt het legen van water eenvoudig, maar dankzij de mogelijkheid tot externe waterafvoer hoef je het reservoir niet voortdurend bij te houden. Ideaal voor onafgebroken gebruik in bijvoorbeeld de kelder. Zo hoef je niet iedere keer het reservoir te legen maar kan je de luchtontvochtiger gewoon aanzetten en ongestoord verder gaan met hetgeen waar je mee bezig was! Indien je wel gebruik maakt van het reservoir stopt de luchtontvochtiger ook automatisch wanneer het reservoir vol zit, zodat het apparaat niet overstroomt.   Werking van het product   De luchtontvochtiger biedt instelbare functies, zoals het aanpassen van de gewenste luchtvochtigheid, het reguleren van de snelheid, een timer die ingesteld kan worden en zelfs een nachtfunctie voor stille werking zonder storende lichten. Dit alles kan je bedienen met de knoppen op het apparaat, of met de handige afstandsbediening.     Daarnaast kan het waterreservoir gemakkelijk geleegd worden volgens de stappen in de handleiding, zie hiervoor ook de foto’s hierboven! Er is ook een mogelijkheid tot externe waterafvoer waarbij je een slang kunt aanbrengen op de luchtontvochtiger.       Productspecificaties:    Productmodel: CJ-2020-3 Nominale spanning: 220V-50Hz Nominaal vermogen: 42W Ontvochtigingscapaciteit: 500-600 ml per dag Watertankcapaciteit: 1200 ml Automatische stop bij volle watertank: Ja Mogelijkheid tot externe waterafvoer: Ja Afstandsbediening: Ja Instelbare luchtvochtigheid: Ja Ionisatiefunctie: Ja Nachtfunctie: Ja Snelheidsinstelling: Ja CE-markering: Ja      Inhoud van uw bestelling:    1x Elektrische Luchtontvochtiger 1x Afstandsbediening 1x Voedingskabel      Wil jij definitief afrekenen met vochtproblemen in huis en genieten van een gezond binnenklimaat? Bestel dan nu onze Elektrische Luchtontvochtiger!  
"
253,Luchtontvochtiger - Luchtontvochtiger Slaapkamer - Luchtontvochtigers - Dehumidifier - Luchtontvochtiger Badkamer - Luchtontvochtiger Woonkamer - Luchtontvochtiger Huis,,Merkloos,,,,"89,99",,https://www.bol.com/nl/nl/p/luchtontvochtiger-luchtontvochtiger-slaapkamer-luchtontvochtigers-dehumidifier-luchtontvochtiger-badkamer-luchtontvochtiger-woonkamer-luchtontvochtiger-huis/9300000168887316/,5,"
Bent u op zoek naar een stille en energiezuinige oplossing om vochtproblemen in uw huis aan te pakken? Ontdek nu onze veelzijdige draagbare luchtontvochtiger, die niet alleen uw ruimte beschermt tegen schimmel en vocht, maar ook fungeert als een sfeervol nachtlicht! Deze compacte ontvochtiger levert krachtige prestaties en elimineert tot 300 ml vocht per dag, wat ideaal is voor ruimtes van 10-15㎡ zoals slaapkamers, kantoren en badkamers. Met de mogelijkheid om te werken binnen een temperatuurbereik van 15-40°C, is deze ontvochtiger geschikt voor vrijwel elk klimaat in uw huis. Kenmerken:  Energiezuinig met slechts 23W vermogen Automatische uitschakelfunctie voor extra veiligheid Ultra-stille werking (40dB) - slaap, werk en leef ongestoord Compact en draagbaar ontwerp - gemakkelijk overal te plaatsen Veilig automatisch uit-lichtsignaal bij vol reservoir Multicolor nachtlicht met 7 sfeervolle kleuren  Stille Werking & Energiezuinigheid: Deze luchtontvochtiger werkt zo stil (slechts 40dB) dat u nauwelijks merkt dat hij aan staat. Perfect voor gebruik tijdens uw nachtrust of werkdag. Slim & Veilig Ontwerp: Dankzij de automatische uitschakelfunctie en het waarschuwingslicht hoeft u zich geen zorgen te maken over het overlopen van het waterreservoir. Het eenvoudige afvoersysteem maakt het zelfs voor ouderen gemakkelijk te hanteren. Sfeervol Multicolor Nachtlicht: Creëer de gewenste sfeer met het unieke 7-kleuren nachtlicht van de luchtontvochtiger. Kies voor een vaste kleur, laat ze roteren of schakel het licht uit terwijl u slaapt. Het licht is ook handig wanneer u 's nachts opstaat en subtiel licht nodig heeft. Draagbaar & Handzaam: Deze luchtontvochtiger past moeiteloos in elke kamer en is niet groter dan de grootte van uw handpalm, waardoor hij gemakkelijk kan worden meegenomen. Technische Specificaties:  Effectief in ruimtes van: 10-15㎡ Vermogen: 23W Geluidsniveau: ≤40 dB Capaciteit: 300 ml/dag Afmetingen: Compact en draagbaar  Inhoud Van De Verpakking:  1x Energiezuinige Luchtontvochtiger 1x Gebruikershandleiding  Bestel nu en zeg vaarwel tegen vochtproblemen terwijl u geniet van een rustgevende atmosfeer in uw huis.
"
254,ShopbijStef - Huishoudelijke Mini Ontvochtiger - Elektrische Vochtvanger - Kelder Droogmiddel Machine - Lucht Droger,,ShopbijStef,,,,"85,85",,https://www.bol.com/nl/nl/p/shopbijstef-huishoudelijke-mini-ontvochtiger-elektrische-vochtvanger-kelder-droogmiddel-machine-lucht-droger/9300000171147093/,8,"
Introductie Ben je op zoek naar een compacte ontvochtiger? Ontdek nu de ShopbijStef Huishoudelijke Mini Ontvochtiger, jouw ideale elektrische vochtvanger voor kelders, kamers en zelfs keukens! Met een royale water tank van 800ML en een vochtextractiecapaciteit van 200-300M/24H, houdt deze lucht droger jouw ruimte niet alleen droog maar ook heerlijk fris. Uitgerust met hoogwaardig ABS plastic materiaal en een vermogen van 25W, is dit de ultieme luchtontvochtiger voor jouw basisruimte. Bestel vandaag nog bij ShopbijStef en geniet van een comfortabele en gezonde leefomgeving! Specificaties   De ShopbijStef Huishoudelijke Mini Ontvochtiger is vervaardigd uit duurzaam ABS plastic, waardoor het lang meegaat en bestand is tegen dagelijks gebruik.   Met een ingangsspanning van 220V-240V/50HZ en een uitgangsspanning van DC9V, is deze ontvochtiger perfect geschikt voor gebruik in Nederlandse huizen.   Met een vermogen van 25W is de ontvochtiger niet alleen krachtig maar ook energiezuinig, wat bijdraagt aan het besparen van energiekosten.   De water tank met een volume van 800ML betekent dat je minder vaak de tank hoeft te legen en langer kunt genieten van een drogere omgeving.   Met een vochtextractiecapaciteit van 200-300M/24H verwijdert deze ontvochtiger effectief vocht uit de lucht, waardoor schimmel en andere vochtproblemen worden voorkomen.   Het netsnoer met een lengte van 125cm biedt voldoende flexibiliteit bij het plaatsen van de ontvochtiger op de gewenste locatie.   Met een compacte productgrootte van 16.514.523cm neemt de ontvochtiger weinig ruimte in beslag en kan gemakkelijk in elke kamer worden geplaatst.   De ShopbijStef Huishoudelijke Mini Ontvochtiger wordt geleverd met een handleiding, waterleiding, netsnoer en host, zodat je direct kunt beginnen met het gebruik ervan.   Met de ShopbijStef Huishoudelijke Mini Ontvochtiger ben je verzekerd van een betrouwbare en effectieve oplossing voor vochtproblemen in huis. Dankzij het compacte en gebruiksvriendelijke ontwerp is deze ontvochtiger geschikt voor iedereen die op zoek is naar een makkelijk te gebruiken en onderhoudsvrije oplossing. Bestel nu en geniet van een drogere en gezondere leefomgeving! USP's Compacte ontvochtiger voor huishoudelijk gebruik De ShopbijStef Huishoudelijke Mini Ontvochtiger is de perfecte oplossing voor mensen die op zoek zijn naar een compacte ontvochtiger voor hun huis. Met een afmeting van slechts 16.514.523cm past deze machine gemakkelijk in elke kamer. Eenvoudig te gebruiken en onderhouden Deze elektrische vochtvanger is niet alleen krachtig, maar ook eenvoudig te gebruiken en te onderhouden. Het product wordt geleverd met een handleiding, waterleiding, netsnoer en host, zodat je alles hebt wat je nodig hebt voor een probleemloze ervaring. Krachtige vochtextractie Met een vochtextractiecapaciteit van 200-300M/24H is deze ontvochtiger in staat om effectief overtollig vocht in de lucht te verwijderen. Met een vermogen van 25W zorgt deze machine voor een optimale droging van je kelder, waardoor schimmel en vochtproblemen worden voorkomen. Voordelen Met de ShopbijStef Huishoudelijke Mini Ontvochtiger haal je een compacte en efficiënte machine in huis die ervoor zorgt dat de lucht in jouw kelder of andere ruimtes fris en droog blijft. Dankzij de elektrische vochtvanger hoef je je geen zorgen meer te maken over schimmelvorming of muffe geuren. Deze krachtige lucht droger verwijdert moeiteloos overtollig vocht uit de lucht, waardoor jouw ruimtes altijd aangenaam en gezond blijven. Met een vermogen van 25W is deze ontvochtiger energiezuinig en stil. Je kunt dus genieten van een aangename omgeving zonder hinderlijke geluiden. Daarnaast is het apparaat eenvoudig te bedienen en kun je de gewenste instellingen gemakkelijk aanpassen. De ShopbijStef Huishoudelijke Mini Ontvochtiger is gemaakt van duurzaam ABS plastic en heeft een water tank volume van 800ML. Hierdoor hoef je de tank niet vaak te legen en kun je de ontvochtiger voor langere tijd gebruiken zonder onderbreking. Met een vocht extractie capaciteit van 200-300M/24H weet je zeker dat de lucht in jouw ruimtes snel droogt. Of je nu de ontvochtiger inzet in de kelder, de keuken of een andere ruimte, hij zal zijn werk altijd naar behoren doen. Daarnaast wordt de ShopbijStef Huishoudelijke Mini Ontvochtiger geleverd met handige accessoires, zoals een handleiding, waterleiding, netsnoer en de host. Zo kun je direct aan de slag en hoef je geen extra kosten te maken voor losse onderdelen. Wil jij ook genieten van schone, droge lucht in jouw huis? Bestel dan nu de ShopbijStef Huishoudelijke Mini Ontvochtiger en ervaar het verschil! FAQ Veelgestelde vragen over de ShopbijStef Huishoudelijke Mini Ontvochtiger:  Wat zijn de belangrijkste parameters van deze ontvochtiger?  De belangrijkste parameters van deze ontvochtiger zijn:  Materiaal: ABS plastic Ingangsspanning: 220V-240V/50HZ Uitgangsspanning: DC9V Vermogen      : 25W - Water tank volume: 800ML - Vocht extractie capaciteit: 200-300M/24H - Netsnoer lengte: 125cm - Product grootte: 16.514.523cm   Welke accessoires worden er meegeleverd?  Bij deze ontvochtiger worden de volgende accessoires meegeleverd:  Handleiding Waterleiding Netsnoer Host      Welke ontvochtigingstechnologie wordt er gebruikt?  Deze ontvochtiger maakt gebruik van de compressor ontvochtigingstechnologie.    Wat zijn de afmetingen van deze ontvochtiger?  De afmetingen van deze ontvochtiger zijn: 2017.527cm.    Wat is de toepassingstemperatuur van deze ontvochtiger?  Deze ontvochtiger is geschikt voor toepassingen bij temperaturen tussen 11-20 graden Celsius.   
"
255,Elektrische Luchtontvochtiger - Stille Luchtreiniger - Dehumidifier - Extreem Stil - 2.5L - Draagbare Luchtontvochtiger met afstandsbediening,,Merkloos,,,,"199,99",,https://www.bol.com/nl/nl/p/elektrische-luchtontvochtiger-stille-luchtreiniger-dehumidifier-extreem-stil-2-5l-draagbare-luchtontvochtiger-met-afstandsbediening/9300000165708003/,5,"
Ultrastille, Draagbare Luchtontvochtiger voor een Comfortabel Thuis Deze compacte luchtontvochtiger is ontworpen om efficiënt vocht, schimmel en ongemakkelijke vochtigheid uit de lucht te verwijderen, terwijl hij geruisloos en draagbaar is voor ultiem gebruiksgemak. Krachtige Ontvochtiging Met een indrukwekkende capaciteit van maximaal 500 ml vochtopname per dag en een 2,5 liter afneembare watertank, is deze luchtontvochtiger ideaal voor het bestrijden van overtollige vochtigheid. Automatische Uitschakeling U hoeft zich geen zorgen te maken over het handmatig controleren van de watertank. Deze luchtontvochtiger schakelt automatisch uit zodra de capaciteit is bereikt, waardoor u gemoedsrust heeft. Stil en Natuurlijk Proces Deze luchtontvochtiger werkt in stilte en maakt gebruik van een natuurlijk proces om de luchtvochtigheid te verminderen. Het is eenvoudig te bedienen en vereist minimale aandacht. Veelzijdige Oplossing Perfect geschikt voor gebruik in kleine ruimtes zoals de keuken, kledingkast, berging, slaapkamer, woonkamer, kantoor en andere plaatsen die gevoelig zijn voor vochtige lucht. Houd uw huis comfortabel en vrij van overtollige vochtigheid. Geniet van een aangenamer binnenklimaat met de efficiënte, stille, en draagbare luchtontvochtiger. Bestel de uwe nu voor een comfortabeler thuis!
"
256,Luchtontvochtiger - Thuisontvochtiger - Kamerontvochtiger - LED Lichten - 27 Watt - Mini - 1 Liter - Ontvochtiger Kelder - Voorkomt Schimmel - Slaapkamer - Badkamer,,Merkloos,,,,"119,-",,https://www.bol.com/nl/nl/p/luchtontvochtiger-thuisontvochtiger-kamerontvochtiger-led-lichten-27-watt-mini-1-liter-ontvochtiger-kelder-voorkomt-schimmel-slaapkamer-badkamer/9300000172518115/,6,"
Ervaar het krachtige ontvochtigingseffect met de Upgraded Dual Semiconductors luchtontvochtiger! Dankzij de geavanceerde dubbele halfgeleiders koeltechnologie biedt deze draagbare ontvochtiger een dubbel ontvochtigingseffect, waardoor hij veilig en efficiënt vocht verwijdert in ruimtes tot 20㎡. Met zijn compacte formaat van 5.9*4.7*9.4 inch past deze draagbare luchtontvochtiger perfect in kleine ruimtes met hoge luchtvochtigheid. Of het nu in de keuken, badkamer, slaapkamer, camper, kleine trailer, kast, kast, muur of raam is, deze ontvochtiger voor kast past flexibel overal waar je maar wilt. Geniet van een ultra-rustige omgeving met onze fluisterstille luchtontvochtiger, die slechts ongeveer 40dB produceert. Dankzij het Peltier principe en het ontbreken van een compressor, werkt deze ontvochtiger geruisloos. Klein en lichtgewicht, je kunt hem gemakkelijk van kamer naar kamer dragen, wat zorgt voor een comfortabele en gezonde leefomgeving voor jou en je gezin. Voor gebruik in de winter is de ontdooifunctie een handige toevoeging. Als de temperatuur onder de 15℃ daalt, wordt het aanbevolen om de ontdooistand te activeren. In deze modus stopt de luchtontvochtiger elke 30 minuten voor 5 minuten, waardoor condensatie en ijsvorming bij lage temperaturen worden voorkomen.  Naast zijn functionele kenmerken heeft deze luchtontvochtiger ook een automatische uitschakeling en kleurrijk nachtlampje. Met een waterreservoir van 1000 ml kan het snel tot 1000 ml vocht per dag verwijderen. Wanneer het reservoir vol is, schakelt het apparaat automatisch uit. Het handige lampje brandt rood wanneer het reservoir moet worden geleegd. Het verwijderen en terugplaatsen van het reservoir is eenvoudig en efficiënt. Ontdek het gemak van een gezondere leefomgeving met onze luchtontvochtiger. Bestel nu en adem gemakkelijk in elke ruimte! #AdemGemakkelijk #Luchtontvochtiger #GezondeLeefomgeving  
"
257,CONCEPT OV1200 - PERFECTE LUCHTDROGER EN LUCHTREINIGER,,Concept,,,,"142,79",,https://www.bol.com/nl/nl/p/concept-ov1200-perfecte-luchtdroger-en-luchtreiniger/9300000013831678/,16,"
    De Concept luchtontvochtiger en luchtreiniger OV1200 uit de Perfect Air serie is ideaal voor gebruik in badkamers en ruimtes tot 25 m2. Condenseert tot 750 ml water per dag en absorbeert dankzij drievoudige filtratie tot 99% van de luchtverontreinigende stoffen. Het bevrijdt je van virussen en bacteriën Wil je je thuis echt veilig voelen? OV1200 is een andere vriend om u te helpen een schonere en gezondere sfeer in uw huis te creëren. Dankzij een efficiënt filtersysteem verwijdert het tot 99% van de bacteriën, virussen en allergenen uit de lucht. Behoud het vocht Een te hoge luchtvochtigheid in huis vermindert niet alleen de kwaliteit van leven, maar heeft ook een negatieve invloed op de gezondheid. Een hogere luchtvochtigheid is een ideale omgeving voor schimmelgroei die gezondheidscomplicaties kan veroorzaken. De OV1200 luchtontvochtiger is ideaal voor gebruik in badkamers en ruimtes tot 25 m2. Het kan tot 750 ml water per dag condenseren. Hij is uitgerust met een watertank met een inhoud van 1000 ml en automatische uitschakeling. De OV1200 luchtontvochtiger kan ook gebruikt worden als drooghulpmiddel. - Producent: Concept  - Lijn: Perfect Air  - Model: OV1200  - Vangt deeltjes, allergenen, pollen, geuren, gassen (formaldehyde), schimmelsporen op  - Drietraps luchtfiltratie (3x filter)  - Aanraakbediening  - Geschikt voor ruimtes tot 25 m2  - 3 snelheden  - Max. Ontvochtigingscapaciteit: 750 ml / den (30 ° C 80% RV)  - Capaciteit watertank: 1000 ml  - Automatische uitschakeling bij volle tank + verkeerslichten  - Modus voor het drogen van wasgoed  - Volume: 30-50 dB  - Kleur: wit - zilver  - Vermogen: 45 W.  - Kabellengte: 1,5 m  - Afmeting: 195 x 315 x 215 mm
  "
258,Equivera Luchtontvochtiger - Luchtontvochtiger Slaapkamer - Luchtontvochtigers - Dehumidifier - Luchtontvochtiger Badkamer - Luchtontvochtiger Woonkamer - Luchtontvochtiger Huis,,Merkloos,,,,"55,95",,https://www.bol.com/nl/nl/p/equivera-luchtontvochtiger-luchtontvochtiger-slaapkamer-luchtontvochtigers-dehumidifier-luchtontvochtiger-badkamer-luchtontvochtiger-woonkamer-luchtontvochtiger-huis/9300000165833100/,7,"
Op zoek naar een efficiënte en stijlvolle oplossing om overtollige vochtigheid in uw leefruimte aan te pakken? Ontdek de WENKO Luchtontvochtiger, uw nieuwe bondgenoot in de strijd tegen schimmel en vocht! De WENKO Luchtontvochtiger: Stijl Ontmoet Efficiëntie ✓ Bescherming tegen vocht en schimmel ✓ Ideaal voor ruimtes tot 80 m3 ✓ Stijlvol ontwerp in diverse kleuren ✓ Geschikt voor kelders tot slaapkamers ✓ Milieuvriendelijk, werkt zonder elektriciteit ✓ Langdurige werking tot 3 maanden ✓ Makkelijk te gebruiken met waterniveau-indicator Een Gezond Klimaat in Elke Ruimte Voorkom condensatie en onaangename geuren met deze krachtige luchtontvochtiger. Of u nu een oplossing zoekt voor uw kelder, wasruimte, woonkamer, slaapkamer, of zelfs uw caravan, de WENKO luchtontvochtiger past perfect. Zonder de noodzaak van elektriciteit, is deze ontvochtiger niet alleen zuinig, maar ook onopvallend en stil in gebruik. Stijlvolle Aanvulling voor Elk Interieur Waar functionaliteit samenkomt met design: kies uit verschillende kleuren en maten om de perfecte match met uw interieur te vinden. Dit is niet zomaar een huishoudelijk apparaat, het is een statement stuk dat zowel uw huis beschermt als verfraait. Milieuvriendelijk en Kostenbesparend Geen stopcontact in de buurt? Geen probleem! De WENKO luchtontvochtiger gebruikt een natuurlijk proces met calciumchloride om vocht effectief te absorberen. Bespaar op uw elektriciteitsrekening en wees goed voor het milieu terwijl u een comfortabel binnenklimaat behoudt. Gebruiksgemak Met de eenvoudige waterniveau-indicator houdt u gemakkelijk het proces in de gaten. Het legen van het reservoir is een fluitje van een cent, veilig en zonder gedoe. De langdurige werking van de calciumchloride steen verzekert tot wel 3 maanden bescherming, waarna u simpelweg kunt bijvullen voor continue effectiviteit. Bestel nu de WENKO Luchtontvochtiger en geniet van een frisse en gezonde leefomgeving in stijl! Inhoud van uw bestelling:  1x WENKO Luchtontvochtiger 1x Calciumchloride steen Gebruikershandleiding  Kies voor de WENKO Luchtontvochtiger, waar stijl en functionaliteit hand in hand gaan voor een comfortabeler thuis.
"
259,"Ecozone - Vocht-, schimmel- en vochtvanger - Vochtvreter - 450gram - Navulling - Universeel - Vegan",,Ecozone,,"1,0",1,"13,95",,https://www.bol.com/nl/nl/p/ecozone-vocht-schimmel-en-vochtvanger-vochtvreter-450gram-navulling-universeel-vegan/9200000079935089/,2,"
    Productbeschrijving Ideaal voor badkamers, caravans, keukens en garages. De Ecozone luchtontvochtiger voor de kamer absorbeert ongewenste vocht en beschermt je huis van schimmel en muffe geur. Ecozones vocht-, schimmel- en vochtvanger is een economische en effectieve oplossing om uw huis te beschermen tegen problemen zoals vocht, meeldauw, schimmel en muffe geuren. In tegenstelling tot conventionele luchtontvochtigers, kunt u het met ons draagbare ontwerp op vrijwel elke plaats groot of klein gebruiken, van huizen tot caravans, met de bonus dat u geen elektriciteit gebruikt (wat u geld kan besparen op de energierekening). Deze handige pot gaat tot drie maanden per keer mee en kan worden hergebruikt en opnieuw worden gevuld wanneer deze klaar is. Niet-toxische oplossing om de luchtvochtigheid te verminderen die vochtgerelateerde problemen veroorzaaktGeschikt voor gebruik in woningen, campers &garages etcHandhaaft een optimale luchtvochtigheid in de ruimte tussen 45% en 55%
"
260,Domo DO343DH - Luchtontvochtiger - LED display - 75m2 - Wit,,Domo,,,,"240,95",Op voorraad,https://www.bol.com/nl/nl/p/domo-do343dh-luchtontvochtiger-led-display-75m2-wit/9200000111009057/,12,"
    Deze Domo DO343DH luchtontvochtiger zorgt voor een fijn klimaat in huis. De ontvochtiger onttrekt tot wel 20 liter per dag uit de lucht. De luchtontvochtiger is ook te gebruiken voor het sneller laten drogen van uw was. Richt eenvoudig de luchtontvochtiger op uw wasgoed en de was zal vele malen sneller droog zijn dan zonder luchtontvochtiger. Hiernaast kan de DO343DH worden ingesteld op de gewenste luchtvochtigheid en zal deze zelf in de gaten houden wanneer deze luchtvochtigheid is behaald.   Kenmerken van de Domo DO343DH:  - Voor een gezond en comfortabel klimaat in huis  - Ontvochtigt tot 20 l per dag  - Toepasbaar gebied: 75 m2  - Bedieningspaneel met leddisplay  - Timer: 24 uur  - Verschillende instellingen:  - Continue ontvochtigen  - Slim ontvochtigen (tot vochtigheidsgraad 45-55%)  - Wasdrogerfunctie  - Overloopbeveiliging  - Automatische herstart- en ontdooifunctie  - Waterreservoir (2,5L) gemakkelijk leeg en schoon te maken  - Automatische uitschakeling  - Geluidsarm: 39 dB  - Milieuvriendelijke koelvloeistof: R290  - 2 jaar garantie
  "
261,Equivera Luchtontvochtiger - Luchtontvochtiger Slaapkamer - Luchtontvochtigers - Dehumidifier - Luchtontvochtiger Badkamer - Luchtontvochtiger Woonkamer - Luchtontvochtiger Huis,,Merkloos,,,,"277,95",,https://www.bol.com/nl/nl/p/equivera-luchtontvochtiger-luchtontvochtiger-slaapkamer-luchtontvochtigers-dehumidifier-luchtontvochtiger-badkamer-luchtontvochtiger-woonkamer-luchtontvochtiger-huis/9300000165876918/,9,"
Heeft u last van overtollige vochtigheid thuis of in uw voertuig? De Clean Air Optima CA-703B luchtontvochtiger is uw oplossing voor een gezonder en comfortabeler leefklimaat. Met zijn geavanceerde Peltierelementen technologie pakt deze krachtpatser de vochtigheid in uw omgeving aan, waarbij tot 2 liter water gecondenseerd en verzameld wordt in de eenvoudig te legen tank.  Geavanceerde Peltierelementen Automatische uitschakeling met LED-indicator Directe afvoer met meegeleverde afvoerslang Geschikt voor auto en caravan met 12 Volt adapter   Compact met een tankvolume van 2 liter 0-24 uur timerfunctie  Innovatieve Technologie: Met innovatieve Peltierelementen geleidt de CA-703B vochtige lucht door het apparaat, condenseert het effectief, waardoor uw omgeving minder vochtig en aangenamer wordt. Automatisch en Slim: U hoeft zich geen zorgen te maken over het niveau van de watertank; het apparaat schakelt automatisch uit wanneer deze vol is en informeert u met een LED-signaal. Flexibele Afvoeropties: Geen zin om de tank te legen? Sluit de meegeleverde afvoerslang aan en leid het water rechtstreeks af naar een afvoerpunt. Perfect voor Onderweg: Dankzij de extra meegeleverde 12 Volt autoadapter is de Clean Air Optima CA-703B ook perfect voor gebruik in uw voertuig, waardoor het een uitstekende keuze is voor de auto, vrachtwagen, camper, of zelfs uw boot. Handige Timerfunctie: Plan de werking van uw luchtontvochtiger met de 0-24 uur timerfunctie, zodat u zelf kunt beslissen wanneer de ontvochtiger in- en uitschakelt. Dit alles verpakt in een compact, gebruiksvriendelijk design, maakt de Clean Air Optima CA-703B een onmisbaar apparaat voor iedereen die de luchtvochtigheid effectief wil beheersen. Productspecificaties: Merk: Clean Air Optima Model: CA-703B Voeding: Netstroom / 12V autoadapter Watertank Volume: 2 liter Afmetingen: [Specifieke afmetingen toevoegen] Geluidsniveau: [Specifiek geluidsniveau toevoegen indien beschikbaar] Extra: LED-display, afvoerslang, autoadapter, timerfunctie In de doos: 1x Clean Air Optima CA-703B Luchtontvochtiger 1x 12 Volt autoadapter 1x Afvoerslang 1x Gebruikershandleiding Vertrouw op de Clean Air Optima CA-703B om de luchtvochtigheid in uw omgeving te reguleren en geniet van een comfortabeler en gezonder binnenklimaat, waar u ook bent!
"
262,Stor-Dry Lucht Circulator,,Stor-Dry,,"4,0",1,"147,50",,https://www.bol.com/nl/nl/p/stor-dry-lucht-circulator/9200000107465621/,4,"
    Stor-Dry Lucht Circulator  De Stor-Dry is een Must-Have voor het winterseizoen.  Kenmerken:   * De Stor-Dry bestrijdt schimmel, meeldauw en muffe geuren in elke boot, camper of caravan dat afgesloten is tijdens de winterperiode.  * De Dual Action lucht droger gebruikt een verwarmings element en interne ventilator met laag stroomverbruik ( 90 WATT) om de lucht in de boot, camper of caravan op te warmen en te laten circuleren ter voorkoming van condens en vocht.  * De Store-Dry is gemaakt van niet corroderende aluminium, is stevig geconstrueerd en gebruikt slechts 90 WATT.  * Een LED indicatie is aanwezig ter controle.  * Twee jaar garantie en is Made in Canada. De Stor-Dry heeft geen onderhoud nodig, is klaar voor gebruik en kan 24/7 aan staan.  * De maximale ruimte waar de Stor-Dry optimaal zijn werk doet is ongeveer 27 m3.   U zult er jarenlang plezier van hebben.  Uw kosten voor stroomverbruik is ongeveer € 0,50 per dag bij gebruik 24/7
  "
263,Princess Smart Dehumidifier 353130 - Luchtontvochtiger - WiFi - Google assistant - 30 Liter/dag - Met wasdroogfunctie,,Princess,,"3,9",25,"229,80",Op voorraad,https://www.bol.com/nl/nl/p/princess-smart-dehumidifier-353130-luchtontvochtiger-wifi-google-assistant-30-liter-dag-met-wasdroogfunctie/9200000115914544/,20,"
Voelt een bepaalde ruimte in jouw huis altijd klam aan? Dan is de Princess Slimme Luchtontvochtiger echt iets voor jou. De Smart luchtontvochtiger reguleert het vochtgehalte in jouw woning. Bedien het apparaat met jouw smartphone en zorg op afstand voor een prettig klimaat in huis. Heb jij geen droger en wil je je was sneller laten drogen? De slimme Luchtontvochtiger beschikt over een ‘wasgoed’ functie waardoor jouw was sneller droog is. De Luchtontvochtiger kan ook gebruikt worden als ventilator. Zo is hij ook nog eens een redder in nood tijdens warme dagen. Gezondheidsproblemen door een hoog vochtgehalteTe vochtige lucht in huis kan slechte gevolgen hebben voor zowel je woning als je gezondheid. Bij een te hoge luchtvochtigheid kan er schimmel ontstaan wat op lange termijn kan zorgen voor gezondheidsproblemen. Het verergeren van astma, reuma en allergie voor huisstofmijt zijn een aantal voorbeelden hiervan. De slimme luchtontvochtiger helpt mee aan het voorkomen van gezondheidsproblemen door de vochtigheidsgraad in huis op pijl te houden. Het ideale vochtgehalte ligt tussen de 40% en 60%. Ontvochtig de lucht via jouw smartphone De Slimme Luchtontvochtiger kan worden bediend via de HomeWizard Climate app. Deze app is beschikbaar voor Android en iOS én werkt met Google Assistant. Stel in de app verschillende programma’s in en ontvochtig de lucht op een afstand. In de app wordt de luchtvochtigheidsgraad aangegeven van de ruimte waarin het apparaat zich bevindt. Zie je tijdens het werk dat de luchtvochtigheid boven de 60% is, zet dan de luchtontvochtiger aan, voorkom schimmel en kom thuis in een aangenaam klimaat. Daarnaast kan er ook een timer en schema ingesteld worden. 24 uur per dag een prettig klimaatMet de Slimme luchtontvochtiger bepaal jij het klimaat in huis. Plaats de luchtontvochtiger in de ruimte en stel een van de drie programma’s in. Zo kan het apparaat de luchtvochtigheid minimaliseren door middel van de temperatuur in de ruimte, je kunt zelf het gewenste luchtvochtigheidspercentage invoeren of hij kan op automatische stand ingesteld worden. Daarnaast is de luchtontvochtiger in te stellen in hoge en lage stand. Zo bepaal jij zelf bepalen hoe snel het apparaat klaar moet zijn.Handige extra programma’sDe Slimme Luchtontvochtiger is niet alleen erg geschikt om gezondheidsproblemen te voorkomen of een aangenaam klimaat te creëren, hij kan ook gebruikt worden om de was extra snel te drogen. In ‘Wasgoed’ mode droogt jouw was sneller omdat het vocht uit de lucht wordt gehaald, waardoor ook je was sneller droogt. Zo hoef je nooit meer langer dan een dag te wachten voordat je was droog is. Daarnaast heeft de luchtontvochtiger ook een handige ‘Fan’ mode. Is het tijdens de zomer ook zo warm in jouw slaapkamer? Zet ’s nachts de luchtontvochtiger op ‘Fan’ mode en geniet van een heerlijk briesje tijdens het slapen.Scandinavisch design De Slimme Luchtontvochtiger is niet alleen erg praktisch, het apparaat past ook nog eens in ieder interieur. Het modern en minimalistisch ontworpen apparaat beschikt over een hidden display. Dit betekent dat wanneer het apparaat niet gebruikt wordt, je de display niet kunt zien. Wanneer het apparaat aan staat en gebruikt wordt, is via de hidden display de luchtvochtigheid te zien. Daarnaast beschikt het slimme apparaat over een watertank indicatie. Zo kun je zien wanneer de watertank vol is en geleegd moet worden.  Wat zit er in de doos:Slimme Luchtontvochtiger, handleidingRedenen om voor de Princess 353120 Slimme luchtontvochtiger te kiezen:Werkt met Google AssistantGebruik de luchtontvochtiger in 3 verschillende modus om de luchtvochtigheidsgraad te regulerenDroog je was extra snel met de wasgoed modeGebruik de luchtontvochtiger op hete zomerdagen als ventilatorScandinavisch design dat past in elk interieur
"
264,Haleps Goods Vochtvreters voor in huis - Luchtontvochtiger Slaapkamer - Luchtreinigers 2 in 1 - 1200Ml,,Haleps Goods,,,,"105,95",Op voorraad,https://www.bol.com/nl/nl/p/haleps-goods-vochtvreters-voor-in-huis-luchtontvochtiger-slaapkamer-luchtreinigers-2-in-1-1200ml/9300000166669494/,8,"
 Bent u op zoek naar een geavanceerd apparaat dat niet alleen vocht uit uw leefruimte onttrekt, maar ook de lucht zuivert voor een frisse en gezonde atmosfeer. Dan is de Haleps Gods elektrische luchtontvochtiger en luchtreiniger de ultieme oplossing voor een comfortabeler en veiliger binnenklimaat.    Belangrijkste Kenmerken:  Efficiënte Ontvochtiging: Met een krachtige capaciteit absorbeert dit apparaat tot 600 ml vocht per dag. Bye bye, overtollig vocht! Voorkom schimmelvorming en bescherm uw huis tegen de nadelige effecten van vocht. De maximale capaciteit van de vochtvreter is 1200ml Geavanceerde Luchtreiniging: Naast ontvochtiging biedt de ingebouwde luchtreiniger bescherming tegen allergenen en verontreinigingen. Adem gemakkelijker en geniet van een schonere lucht in elke ruimte. Externe Afvoerpijp: Voor extra gemak kan het apparaat worden aangesloten op een externe afvoerpijp. Verwijder condenswater direct naar buiten, wat ideaal is voor langdurig gebruik zonder constant het waterreservoir te legen. Gezondheidsvoordelen: Voorkom allergieën en verbeter de luchtkwaliteit, zodat u zich comfortabel voelt in uw eigen huis. Onze luchtontvochtiger en luchtreiniger zijn uw partners in een gezondere leefomgeving. Veiligheid Eerst: Dit intelligente apparaat is ontworpen om problemen met elektriciteit te voorkomen. Met geavanceerde beveiligingsfuncties kunt u met een gerust hart genieten van de voordelen zonder zorgen.     Kortom, onze elektrische luchtontvochtiger en luchtreiniger biedt een alles-in-één oplossing voor een optimaal binnenklimaat. Bestel vandaag nog en ervaar het comfort van een thuisomgeving waar frisheid, gezondheid en gemak samenkomen. 
"
265,TROTEC Luchtontvochtiger TTK 54 E,,Trotec,,"3,6",5,"219,95",,https://www.bol.com/nl/nl/p/trotec-luchtontvochtiger-ttk-54-e/9200000077087020/,9,"
TROTEC Luchtontvochtiger TTK 54 E  De vier bedrijfsmodi van de TTK 54 E zijn uitgerust voor de hoogste prestaties: zo heeft de luchtontvochtiger een hygrostaatgeregelde automatische ontvochtiging waarbij de streefwaarde in stappen van 5 % instelbaar is tussen 35 en 85 % relatieve luchtvochtigheid - inclusief extra inschakelbare turboventilator. Een geliefd alternatief voor de ontvochtigingsautomaat is de comfortfunctie, waarij de luchtvochtigheidswaarde geheel automatisch afhankelijk van de temperatuur naar een comfortabele waarde wordt geregeld. Verder zijn de bedrijfsmodi wasdroogfunctie en permanente werking beschikbaar. Comfortfunctie: temperatuursafhankelijke luchtontvochtiging Voor een optimaal binnenklimaat moeten temperatuur en luchtvochtigheid op elkaar worden afgestemd. Dit is mogelijk met een temperatuursafhankelijke luchtontvochtiging. Het apparaat regelt de luchtvochtigheidswaarde afhankelijk van de temperatuur naar een optimale waarde. De comfortfunctie wordt vooral bij het gebruik van programmagestuurde verwarmingsinstallaties aanbevolen. Wijzigt overdag of 's nachts de ruimtetempratuur, zal de luchtontvochtiger de ontvochtigingscapaciteit volledig automatisch aanpassen. Praktische functies Het grootste pluspunt van de TTK 54 E is zijn ontvochtigingscapaciteit. Bij het drooghouden van woon- en kantoorruimten van ca. 40 m² is hij met maximaal 18 liter condens in 24 uur een absoluut betrouwbare partner. Een andere bijzonderheid van deze uitstekende luchtontvochtiger is het kijkvenster, dat een visuele controle van waterreservoir mogelijk maakt. Vanzelfsprekend voldoen de overige uitrustingskenmerken aan de hoge standaard van de HomeComfort-serie. Hiertoe horen de praktische timerfunctie, een waarschuwingslampje bij vol waterreservoir en een overloopbeveiliging met automatische uitschakeling. De vele functies worden gecompleteerd door het uitwasbare filter en de drain-aansluiting die een onbeheerd continubedrijf mogelijk maakt. De praktische kabelhouder, evenals de geïntgereerde draagrepen en de zwenkwielen maken het wisselen van de gebruikslocatie zeer eenvoudig. Auto-restart-functie Door de automatische herstartfunctie (ook wel memory-functie genoemd) start het apparaat na een onverwachte uitschakeling door een stroomonderbreking weer opnieuw met de voorgeselecteerde instellingen, zodra de stroomvoorziening weer aanwezig is. Hierdoor is de luchtontvochtiger ook geschikt voor het gebruik met een tijdschakelklok. Veilig voor uw was: drogen met behulp van een luchtontvochtiger Behalve voor het ontvochtigen van de lucht in een ruimte kan een luchtontvochtiger ook eenvoudig worden ingezet voor het drogen van was - ter ondersteuning of compleet ter vervanging van een gebruikelijke wasdroger. De wasdroogfunctie (ook wel textieldroog-modus of superdry-functie genoemd) is vergelijkbaar met het traditioneel drogen van de was in de buitenlucht. Luchtontvochtigers hebben als voordeel dat de was net als in de buitenlucht op een veilige manier wordt gedroogd. Kleuren blijven behouden en de kleding blijft langer mooi dan bij het gebruik van wasdrogers en daarbij wordt ook nog eens minder energie verbruikt. Bovendien kunnen wol, zijde of fijne synthetische stoffen zonder problemen worden gedroogd. In tegenstelling tot het drogen van de was buiten blijft de was zachter en voelt prettiger aan op de huid. Was kan ook gedroogd worden met luchtontvochtigers zonder wasdroogfunctie. De luchtvochtigheidswaarde moet dan als volgt worden ingesteld: Kastdroog: 46 % relatieve luchtvochtigheid Strijkdroog: 58 % relatieve luchtvochtigheid Licht gedroogd: 65 % relatieve luchtvochtigheid   Propaan (R290) als milieuvriendelijk koudemiddel in luchtonvochtigers Jaarlijks worden door het gebruik van synthetische koudemiddelen miljoenen tonnen milieu-onvriendelijk C02 (broeikasgassen) uitgestoten. Daarom stellen wij ons ten doel gebruik te maken van alternatieve koelmiddelen. Doordat er bij deze luchtontvochtiger gebruik wordt gemaakt van propaan (R290) als koudemiddel wordt er een waardevolle bijdrage geleverd aan de bescherming van het milieu. Het natuurlijke koudemiddel propaan (R290) is een organische verbinding en behoort tot de koolwaterstoffen. In tegenstelling tot synthetische koudemiddelen zorgt het milieuvriendelijke propaan (R290) noch voor aantasting van de ozonlaag (ODP = 0) noch voor een toename van het broeikas-effect (GWP = 3). Nog een extra voordeel voor het milieu: dankzij de voortreffelijke thermodynamische eigenschappen is propaan (R290) een bijzonder energiezuinig koudemiddel waardoor aanzienlijk wordt bespaard op de kosten voor elektriciteit. Voordelen in de praktijk:   Hygrostaatgeregelde ontvochtigingsautomaat instelbaar tussen 35 en 85 % r.v. in stappen van 5 %     Zodra de gewenste luchtvochtigheid is bereikt, schakelt de compressor vanzelf uit. De ventilator draait door. Bij overschrijding wordt het apparaat automatisch geactiveerd Comfortbedrijf voor temperatuursafhankelijke automatische regeling van de luchtvochtigheid voor een optimaal binnenklimaat op ieder moment     Continumodus     Automatische herstartfunctie voor gebruik met een externe schakelklok     Weergave van relatieve luchtvochtigheid     Goed toegankelijk luchtfilter, makkelijk te reinigen. Filtert dierenhaar, pluisjes, stof en voorkomt bacteriegroei     Wasdroogfunctie     Ontdooi-automaat met circulerende lucht     Aansluiting voor externe condensafvoer     3 ventilatorsnelheden     Waarschuwingslampje bij vol waterreservoir     Overloopbescherming met automatische uitschakeling   Technische gegevens: * Ontvochtigingscapaciteit max.: 18 l/24h * Luchthoeveelheid max.: 150 m³/h * Aanbevolen ruimte (drooghouding): 40 m² / 78 m³ * Omgevingscondities temperatuur: 5 - 32 °C * Omgevingscondities vochtigheid: 35 - 85% r.v. * Netaansluiting: 220-240V / 50 hz * Nominale stroomopname: 2,2 A * Stroomverbruik: 0,43 kw * Aanbevolen beveiliging: 12 A * Aansluitstekker: CEE 7/7 * Kabellengte: 1,6 m * Koelmiddeltype: R-290 * Hoeveelheid koelmiddel: 75 g * Waterreservoir: 3 liter * Geluidsniveau (afstand 1 m): 46 db (A) * Afmetingen (L x B x H): 245 x 350 x 510 mm * Gewicht: 15 kg   Let op: specificaties kunnen zonder opgave van redenen in het belang van een lopende productverbetering door de fabrikant worden gewijzigd. Aan de afbeeldingen van producten en eventueel getoonde specificaties of keurmerken kunnen geen rechten worden ontleend 
"
266,TROTEC Luchtontvochtiger TTK 170 ECO,,Trotec,,,,"639,95",,https://www.bol.com/nl/nl/p/trotec-luchtontvochtiger-ttk-170-eco/9200000039881277/,11,"
    Dankzij de professionele heetgas-ontdooi-automaat bereikt de TTK 170 ECO ook bij lage temperaturen in onverwarmde ruimten of op koude bouwplaatsen hoge ontvochtigingswaarden.Het vaak wisselen van bouwplaats of het gebruik onder ruwe omstandigheden en op oneffen terrein is voor deze condensdroger geen probleem:De robuuste verrijdbare stalen constructie met transportgreep en grote wielen kan heel wat hebben en is gemakkelijk te verplaatsen naar elke standplaats.* Uiterst rendabele oplossing voor typisch commerciële ontvochtigingswerkzaamheden* Hoge ontvochtigingscapaciteit, ook bij lage temperaturen* Robuuste, verrijdbare stalen constructie* Continu-modus* Dankzij rolcompressor in elke positie te transporteren en op te slaan* Automatische heetgas-ontdooiing* Aansluiting voor een externe hygrostaat
  "
267,ZokmanCE Luchtontvochtiger - luchtontvochtiger En Luchtreiniger - Luchtontvochtiger Slaapkamer - Luchtontvochtiger Badkamer - kleine Ontvochtiger - Led-Kleuren Ontvochtiger - Thuisontvochtiger,,ZokmanCE,,,,"174,95",,https://www.bol.com/nl/nl/p/zokmance-luchtontvochtiger-luchtontvochtiger-en-luchtreiniger-luchtontvochtiger-slaapkamer-luchtontvochtiger-badkamer-kleine-ontvochtiger-led-kleuren-ontvochtiger-thuisontvochtiger/9300000169552033/,6,"
    Op zoek naar een goede kwaliteit luchtontvochtiger voor thuis? Maak kennis met de ZokmanCE Luchtontvochtiger! Met zijn compacte formaat en stijlvolle LED-kleuren is deze ontvochtiger perfect voor elke ruimte, of het nu de slaapkamer, badkamer, kelder, kast of RV is. Met een capaciteit van 3000 ml en een geluidsarm ontwerp zorgt hij voor efficiënte en stille vochtigheidsverwijdering. Met functies zoals automatische herstart en emmer volledige uitschakeling, is deze ontvochtiger niet alleen rustig en efficiënt, maar ook milieuvriendelijk. Verwijder zorgen en haal deze geweldige ontvochtiger vandaag nog in huis! Specificaties  Gewicht: 3kg Capaciteit: 3000ml Grootte: 200*145*364mm Ingangsspanning: 100-240V Kleur: wit en zwart Geluid: ≤ 45db Dekkingsgebied: ≤ 30m² Vochtigheidsverwijdering: ≤ 600ml/24h Feature:  Rustig Efficiënt Milieuvriendelijk Anion zuivering Automatisch opnieuw opstarten Automatische emmer volledige uitschakeling Automatisch ontdooien Emmer volledig indicatorlicht Verwijderbare watertank   Toepassing: 21-30 °C Capaciteit waterreservoir: 2.6-4L Functie:  Automatisch opnieuw opstarten Automatische emmer volledige uitschakeling Automatisch ontdooien Automatische vochtbeheersing met luchtvochtigheidssensor Emmer volledig indicatorlicht Verwijderbare watertank   Type: Refrigeratieve luchtontvochtiger Ingangsspanning: 100-240V Vermogen: 60W Merknaam: ZokmanCE Oorsprong: China Dehumidifying Technology: Compressor  De ZokmanCE Kleine Ontvochtiger is perfect voor mensen die op zoek zijn naar een hoogwaardige luchtontvochtiger. Met zijn stille en efficiënte werking zorgt hij ervoor dat je thuis, in de slaapkamer, badkamer, kelders, kasten of RV altijd van een aangenaam klimaat kunt genieten. Dankzij de automatische functies, zoals opnieuw opstarten, emmer volledige uitschakeling en ontdooien, hoef je je geen zorgen te maken over het onderhoud. De afneembare watertank en het indicatorlicht maken het legen van de ontvochtiger eenvoudig en gemakkelijk. Vertrouw op de ZokmanCE Kleine Ontvochtiger voor een optimale luchtvochtigheid en ademhaling. USP's Efficiënte en stille luchtontvochtiging voor een optimale leefomgeving De ZokmanCE Kleine Ontvochtiger met 7 Led-Kleuren en 2 Werkmodi biedt een efficiënt en stille werking. Met een geluidsniveau van ≤ 45db zorgt deze ontvochtiger voor een optimale leefomgeving zonder storende geluiden. De capaciteit van 3000ml en vochtigheidsverwijdering van ≤ 600ml/24h maken het een krachtige ontvochtiger voor thuis, slaapkamer, badkamer, kelders, kasten en RV's. Milieuvriendelijke oplossing voor schone en zuivere lucht Deze ZokmanCE ontvochtiger beschikt over een anion zuiveringstechnologie, die zorgt voor een schoon en fris binnenklimaat. De milieuvriendelijke werking maakt gebruik van natuurlijke processen om de lucht te reinigen en te ontvochtigen. Met de automatische emmer volledige uitschakeling en ontdooifunctie is dit een gebruiksvriendelijke en betrouwbare keuze voor een gezonde leefomgeving. Handige functies en gebruiksvriendelijk ontwerp De ZokmanCE Kleine Ontvochtiger is voorzien van handige functies zoals een automatische herstart na stroomuitval, een indicatorlicht voor een volledige emmer en een verwijderbare watertank voor eenvoudige reiniging en onderhoud. Het compacte formaat van 200*145*364mm en de strakke witte en zwarte kleuren maken het een stijlvolle toevoeging aan elk interieur. Ervaar de gemakkelijke en effectieve luchtontvochtiging met deze hoogwaardige ontvochtiger. Voordelen 1. Verbeter de luchtkwaliteit in je huis met de ZokmanCE kleine ontvochtiger! 2. Geniet van rustige nachten dankzij het stille geluidsniveau van ≤ 45db. 3. Bespaar energie en help het milieu met deze milieuvriendelijke ontvochtiger. 4. Ervaar een frisse en gezonde atmosfeer met de ingebouwde anionzuiveringstechnologie. 5. Nooit meer zorgen maken over emmeroverloop met de automatische uitschakeling wanneer de emmer vol is. 6. Start automatisch opnieuw na stroomuitval en bespaar jezelf de moeite om het apparaat opnieuw in te stellen. 7. De ingebouwde automatische ontdooifunctie zorgt ervoor dat de ontvochtiger altijd optimaal werkt. 8. Makkelijke monitoring van de watertankstatus dankzij het heldere indicatorlicht. 9. Eenvoudig legen en schoonmaken van de verwijderbare watertank. 10. Perfect geschikt voor thuis, slaapkamer, badkamer, kelders, kasten en zelfs een RV! 11. Een capaciteit van 3000ml zorgt voor efficiënt en langdurig gebruik. 12. Dankzij het compacte formaat past deze ontvochtiger perfect in elke ruimte. 13. Wit en zwart gekleurde opties om aan te sluiten bij jouw persoonlijke stijl. 14. Verminder vochtproblemen in een ruimte tot een dekkingsgebied van ≤ 30m². 15. Verwijder tot wel 600ml vocht per 24 uur en maak komaf met vochtige omstandigheden. 16. Vlotte en gemakkelijke bediening met een ingangsspanning van 100-240V. 17. 3kg gewicht maakt het draagbaar en gemakkelijk te verplaatsen naar waar het nodig is. 18. Koop met vertrouwen - ZokmanCE is een bekend en betrouwbaar merk. 19. Perfect voor gebruik het hele jaar door, ongeacht het seizoen. 20. Investeer in je gezondheid en welzijn met deze hoogwaardige luchtontvochtiger. Veelgestelde vragen 1. Is de ZokmanCE Kleine Ontvochtiger geschikt voor gebruik in mijn slaapkamer? Ja, de ZokmanCE Kleine Ontvochtiger is perfect geschikt voor gebruik in slaapkamers, aangezien het geluidsniveau lager is dan 45 decibel. Hierdoor kunt u genieten van een goede nachtrust zonder gestoord te worden door lawaai. 2. Hoe efficiënt is deze luchtontvochtiger? De ZokmanCE Kleine Ontvochtiger is zeer efficiënt. Het heeft een vochtverwijderingscapaciteit van maximaal 600 ml per 24 uur, waardoor het snel en effectief overtollig vocht uit de lucht kan verwijderen. 3. Is de ZokmanCE Kleine Ontvochtiger milieuvriendelijk? Ja, deze luchtontvochtiger is milieuvriendelijk. Het gebruikt een compressor als dehumidificatietechnologie, waardoor het energieverbruik wordt geoptimaliseerd en het een laag stroomverbruik heeft. Hierdoor kunt u niet alleen een gezonde luchtomgeving creëren, maar ook energie besparen. 4. Wat is het voordeel van de anion zuivering van deze luchtontvochtiger? De ZokmanCE Kleine Ontvochtiger heeft een anion zuiveringssysteem, wat betekent dat het negatieve ionen produceert om de luchtkwaliteit te verbeteren. Deze negatieve ionen kunnen schadelijke stoffen in de lucht zoals stof, pollen en rookdeeltjes neutraliseren, waardoor de lucht frisser en schoner wordt. 5. Is deze luchtontvochtiger gemakkelijk te onderhouden? Ja, de ZokmanCE Kleine Ontvochtiger is gemakkelijk te onderhouden. Het heeft een verwijderbare watertank, waardoor u deze eenvoudig kunt legen en schoonmaken. Bovendien heeft het ook een indicatorlicht dat aangeeft wanneer de watertank vol is, zodat u op tijd weet wanneer deze moet worden geleegd.
"
268,Cleanio™ Luchtontvochtiger - Draagbare Ontvochtiger Voor Luchtfilter - Zwart,,Cleanio™,,,,"110,-",,https://www.bol.com/nl/nl/p/cleanio-luchtontvochtiger-draagbare-ontvochtiger-voor-luchtfilter-zwart/9300000171255146/,6,"
Cleanio™ Luchtontvochtiger - Adem Gemakkelijker in Een Gezonder Binnenklimaat! Ben je op zoek naar een draagbare luchtontvochtiger die de lucht in jouw huis frisser en gezonder maakt? Maak kennis met de Cleanio™ Luchtontvochtiger - de perfecte oplossing voor een schonere lucht. Met zijn zwarte design past hij in elk interieur. Plaats hem in jouw slaapkamer, woonkamer of kantoor en geniet van een aangenamer binnenklimaat. Bestel nu en adem gemakkelijker. Kenmerken:  Draagbare luchtontvochtiger van Cleanio™ - de ideale oplossing voor vochtige ruimtes. Eenvoudig te gebruiken en te verplaatsen dankzij het compacte formaat en het handvat. Ontworpen om de lucht te ontvochtigen en te filteren voor een gezonder binnenklimaat. Krachtige ontvochtigingscapaciteit van X liter per dag voor effectieve resultaten. Beschikt over een ingebouwde timerfunctie om het ontvochtigen aan te passen aan je behoeften. Stille werking zodat je kunt genieten van een rustige en comfortabele omgeving. Energiezuinig ontwerp om je energiekosten laag te houden. Aantrekkelijk zwart design dat past bij elke interieurstijl.  Krachtige Draagbare Ontvochtiger Cleanio™ Luchtontvochtiger is een krachtige en draagbare ontvochtiger die perfect is voor het verwijderen van vocht en schimmel in elke ruimte. Met zijn compacte formaat en lichtgewicht ontwerp is deze ontvochtiger gemakkelijk te verplaatsen en overal te gebruiken. Of je nu last hebt van vochtige badkamers, schimmelige kelders of muffe slaapkamers, Cleanio™ Luchtontvochtiger is de perfecte oplossing voor een gezonde en frisse lucht. Efficiënt Luchtfilter voor Optimale Luchtkwaliteit Dankzij het ingebouwde luchtfilter zorgt Cleanio™ Luchtontvochtiger niet alleen voor droge lucht, maar ook voor een optimale luchtkwaliteit. Het luchtfilter verwijdert stofdeeltjes, pollen, huisdierharen en andere allergenen uit de lucht, waardoor je kunt genieten van schone en gezonde ademlucht. Met Cleanio™ Luchtontvochtiger adem je dag en nacht frisse lucht in, zonder je zorgen te hoeven maken over allergieën of ademhalingsproblemen. Stijlvol en Modern Design Naast zijn geweldige functies heeft Cleanio™ Luchtontvochtiger ook een stijlvol en modern design in de kleur zwart. Deze luchtontvochtiger is niet alleen functioneel, maar past ook perfect bij elk interieur. Of je nu een minimalistische, industriële of klassieke stijl hebt, Cleanio™ Luchtontvochtiger zal een mooie toevoeging zijn aan je interieur. Dus waar wacht je nog op? Bestel nu en geniet van een vochtvrije en gezonde leefomgeving! Voordelen in een Oogopslag:  Met de Cleanio™ Luchtontvochtiger heb je nooit meer last van vochtige lucht in huis! Geniet van een frisse en gezonde omgeving dankzij de draagbare ontvochtiger. Deze zwarte luchtontvochtiger past perfect bij elk interieur en is super stijlvol! Verbetert de luchtkwaliteit en vermindert allergieën, zodat jij je altijd comfortabel voelt. De Cleanio™ Luchtontvochtiger is compact en makkelijk mee te nemen, ideaal voor op reis!  Veelgestelde Vragen over de Cleanio™ Luchtontvochtiger - Draagbare Ontvochtiger Voor Luchtfilter - Zwart 1. Kan de Cleanio™ luchtontvochtiger helpen bij het verminderen van vochtige lucht in mijn huis? Absoluut! De Cleanio™ luchtontvochtiger is speciaal ontworpen om vochtige lucht in huis te verminderen. Het apparaat verwijdert overtollig vocht uit de lucht, waardoor je huis minder klam aanvoelt en vochtgerelateerde problemen, zoals schimmel en muffe geuren, worden verminderd. 2. Hoe werkt de draagbare ontvochtiger van Cleanio™? De Cleanio™ luchtontvochtiger maakt gebruik van geavanceerde technologie om vocht uit de lucht te absorberen. Het apparaat zuigt vochtige lucht aan, laat deze door een speciaal filter gaan en blaast vervolgens droge lucht terug in de ruimte. Hierdoor wordt het vochtgehalte in de lucht verminderd en blijft de omgeving comfortabel en gezond. 3. Is de Cleanio™ luchtontvochtiger geschikt voor grote ruimtes? Hoewel de Cleanio™ luchtontvochtiger compact en draagbaar is, is deze toch geschikt voor het ontvochtigen van kleine tot middelgrote ruimtes. Voor grotere ruimtes kun je overwegen om meerdere ontvochtigers te gebruiken of een model te kiezen met een groter ontvochtigingsvermogen. 4. Hoe lang kan ik de Cleanio™ luchtontvochtiger achter elkaar laten werken? Je kunt de Cleanio™ luchtontvochtiger tot wel 24 uur achter elkaar laten werken voordat deze moet worden geleegd. Het apparaat heeft een watertank met een capaciteit van 500 ml, wat voldoende is om een aanzienlijke hoeveelheid vocht uit de lucht op te vangen. Zodra de watertank vol is, schakelt de ontvochtiger automatisch uit en kun je het water eenvoudig legen. 5. Is de Cleanio™ luchtontvochtiger makkelijk te onderhouden? Absoluut! De Cleanio™ luchtontvochtiger is zeer eenvoudig te onderhouden. Het apparaat is voorzien van een uitneembaar filter dat gemakkelijk kan worden gereinigd. Daarnaast is het belangrijk om regelmatig de watertank te legen en de ontvochtiger schoon te maken om te zorgen voor optimale prestaties en een lange levensduur.
"
269,Draagbare Luchtontvochtiger - Luchtontvochtiger Slaapkamer/Woonkamer/Badkamer/Keuken/Kantoor - Luchtreiniger 1000ml/dag - Ontvochtiger - Dehumidifier - 15 tot 25 m2 - 7 kleuren LED verlichting - Kleur Wit,,AFDEAL,,,,"91,50",,https://www.bol.com/nl/nl/p/draagbare-luchtontvochtiger-luchtontvochtiger-slaapkamer-woonkamer-badkamer-keuken-kantoor-luchtreiniger-1000ml-dag-ontvochtiger-dehumidifier-15-tot-25-m2-7-kleuren-led-verlichting-kleur-wit/9300000170247525/,12,"
 Is de luchtvochtigheid in je huis te hoog? Dit is een veel voorkomend probleem, maar eenvoudig op te lossen! Met deze zeer effectieve Luchtontvochtiger pak je doeltreffend vochtproblemen aan. Creëer een perfect vochtigheidsniveau voor elk seizoen en voorkom vochtproblemen zoals schimmels en bacteriën.   Bescherm je huis, familie en jezelf tegen een ongezonde omgeving. Onze luchtontvochtiger beschermt ruimtes van 5 tot 25 m2 en houdt het vochtlevel onder de 45%. Hierdoor heb jij altijd een optimale vochtigheidsgraad en zit je comfortabel in elke ruimte.   Waarom de draagbare Luchtontvochtiger van GoobiSales? Ontdek zelf waarom zo veel mensen kiezen voor de Luchtontvochtiger van GoobiSales:   Grote capaciteit - Met een tankinhoud van wel 1000 ml onttrekt de luchtontvochtiger dagelijks tot 1000 ml water in een vochtige omgeving.   Voor elke ruimte - Zet de luchtontvochtiger overal neer waar je wilt in kamers van 5 tot 25 m2.   Weetje: Onderzoek toont aan dat een vochtigheidsniveau boven de 50% slecht is voor de gezondheid. Onze luchtontvochtiger houdt dit niveau altijd onder de 45%.   Multifunctioneel - Door de LED-verlichting is de luchtontvochtiger ook bruikbaar als nachtlampje of ambiance. Met 7 verschillende kleuren sfeerverlichting kun je de juiste sfeer creëren in elke ruimte.   Automatisch uitschakelen - De automatische uitschakelaar beschermt je tegen het overstromen van water en maakt het mogelijk het huis te verlaten wanneer de luchtontvochtiger zijn werk doet.   LED-indicatie - Wanneer de tank vol zit verandert het groene LED-lampje in rood.   Buitengewoon stil - De luchtontvochtiger produceert tijdens gebruik minder dan 40dB aan geluid. Je zult niet eens doorhebben dat die aan staat!   Compact en draagbaar - Het design is klein en eenvoudig te verplaatsen. Je zet de luchtontvochtiger overal neer zonder dat die opvalt.   Temperatuur - De beste temperatuur voor de luchtontvochtiger is 15 tot 40°C. Bij deze temperatuur wordt de lucht optimaal ontvocht. Onder de temperatuur van 5°C is de lucht te koud.     Inhoud verpakking:   ● 1x Luchtontvochtiger   ● 1x Handleiding     Kwaliteitsgarantie: Wij staan achter de kwaliteit van onze producten. Als u om welke reden dan ook niet tevreden bent, neem dan gerust contact met ons op. Wij bieden een garantie of vervanging van het product. 100% tevredenheidsgarantie voor risicoloos online winkelen! 
"
270,Pro Plus Luchtontvochtiger - Herbruikbaar - 500 gram - 15 x 32 x 4 cm,,Pro Plus,,,,"14,50",Op voorraad,https://www.bol.com/nl/nl/p/proplus-luchtontvochtiger-500-gram-grijs/9200000088133457/,16,"
Ben jij op zoek naar een effectieve manier om vochtproblemen in jouw caravan, camper, auto of boot aan te pakken? Dan is deze luchtontvochtiger met herbruikbare silicagel zak een must-have! Deze luchtontvochtiger biedt bescherming tegen schimmel, vocht en muffe geurtjes en is universeel te gebruiken. Dankzij het zelfklevende klittenband kun je deze handige gadget eenvoudig monteren en weer verwijderen zonder dat het sporen achterlaat. Met een absorptiecapaciteit van ongeveer 250 gram vocht kun je deze luchtontvochtiger steeds opnieuw gebruiken en is het daardoor een duurzame oplossing. En niet alleen voor in je caravan, camper, auto of boot, maar ook voor bijvoorbeeld kasten, beddengoed, tuinhuisjes, serres en meer. Kenmerken:  Polyesterzak gevuld met silicagel welke tot ongeveer 250 gram vocht absorbeert Biedt bescherming tegen schimmel, vocht en muffe geurtjes Herbruikbaar Universeel te gebruiken Met zelfklevend klittenband Voor gebruik in caravans, campers, auto's, bestelauto's en boten Ook ideaal voor kasten, bedden-goed, tuinhuisjes, serres, etc Afmeting: 15 × 32 × 4 cm Gewicht: 500 gram  Veiligheidsvoorschriften:  Buiten bereik van kinderen bewaren! Luchtontvochtiger niet openmaken! Het drogen van het product in een oven of magnetron wordt afgeraden De voorkeursmethode voor het drogen van de luchtontvochtiger is op een radiator (indien aanwezig) voor 30 minuten Het alternatief is het plaatsen van de luchtontvochtiger in de zon voor 2-3 dagen Als de luchtontvochtiger weer zijn oorspronkelijke gewicht bedraagt, is het product weer herbruikbaar Altijd op een droge ondergrond plaatsen   Zoekwoorden:  Auto-ontvochtiger, Camper-ontvochtiger, Luchtontvochtigers, Caravan-ontvochtiger, Auto-ontvochtigers, Camper-ontvochtigers, Caravan-ontvochtigers, Luchtontvochtiger  
"
271,TROTEC Luchtontvochtiger TTK 32 E,,Trotec,,"3,0",1,"179,95",,https://www.bol.com/nl/nl/p/trotec-luchtontvochtiger-ttk-32-e/9200000092658525/,14,"
De TTK 32 E is uitgerust met een hygrostaatgeregelde ontvochtigingsautomaat, waarbij een streeefwaardevoorkeuze voor de betreffende gewenste luchtvochtigheid van 40, 50 of 60 % kan worden ingesteld. Energiezuiniger dan met een dergelijke automaat kunnen ruimten niet worden ontvochtigd – zo houdt de TTK 32 E bijvoorbeeld woon- en kantoorruimten met een maximaal oppervlak van 15 m² met een ontvochtigingscapaciteit van maximaal 14 liter dagelijks betrouwbaar droog.Ook qua veiligheid is de TTK 32 E de juiste keuze: het apparaat is voorzien van een waarschuwingslampje bij vol waterreservoir en de overloopbeveiliging zorgt ervoor dat het apparaat automatisch uitschakelt bij een vol waterreservoir. Een transparant venster biedt bovendien een blik in de watertank, zodat het waterniveau op ieder moment kan worden gecontroleerd.Luchtontvochtiging met comfortVanzelfsprekend kan de TTK 32 E ook worden gebruikt in omgevingen waar het regelmatig handmatig legen van het waterreservoir niet altijd mogelijk is, bijvoorbeeld bij onbeheerde droogtoepassingen in verwarmde hobbyruimten of vakantiewoningen. Hiervoor is een separate aansluiting geïntegreerd in de TTK 32 E, waarmee het condens via een slang ook direct naar een afvoer kan worden geleid.De uitrusting van de luchtontvochtiger wordt gecompleteerd door het eenvoudig toegankelijke en uitwasbare luchtfilter. Ook aan het zo eenvoudig mogelijk wisselen van locatie van de ene ruimte naar de andere is gedacht: Een praktische kabel- en stekkerhouder vereenvoudigt het transport, evenals de inklapbare draaggreep en de zwenkwielen.Auto-restart-functieDoor de automatische herstartfunctie (ook wel memory-functie genoemd) start het apparaat na een onverwachte uitschakeling door een stroomonderbreking weer opnieuw met de voorgeselecteerde instellingen, zodra de stroomvoorziening weer aanwezig is. Hierdoor is de luchtontvochtiger ook geschikt voor het gebruik met een tijdschakelklok. Veilig voor uw was: drogen met behulp van een luchtontvochtigerBehalve voor het ontvochtigen van de lucht in een ruimte kan een luchtontvochtiger ook eenvoudig worden ingezet voor het drogen van was - ter ondersteuning of compleet ter vervanging van een gebruikelijke wasdroger. De wasdroogfunctie (ook wel textieldroog-modus of superdry-functie genoemd) is vergelijkbaar met het traditioneel drogen van de was in de buitenlucht.Luchtontvochtigers hebben als voordeel dat de was net als in de buitenlucht op een veilige manier wordt gedroogd. Kleuren blijven behouden en de kleding blijft langer mooi dan bij het gebruik van wasdrogers en daarbij wordt ook nog eens minder energie verbruikt.Bovendien kunnen wol, zijde of fijne synthetische stoffen zonder problemen worden gedroogd. In vergelijking met het buiten drogen van was blijft het wasgoed zachter en voelt prettiger aan op de huid.Was kan ook gedroogd worden met luchtontvochtigers zonder wasdroogfunctie. De luchtvochtigheidswaarde moet dan als volgt worden ingesteld:Kastdroog: 46 % relatieve luchtvochtigheidStrijkdroog: 58 % relatieve luchtvochtigheidLicht gedroogd: 65 % relatieve luchtvochtigheidPropaan (R290) als milieuvriendelijk koudemiddel in luchtonvochtigersJaarlijks worden door het gebruik van synthetische koudemiddelen miljoenen tonnen milieu-onvriendelijk C02 (broeikasgassen) uitgestoten. Daarom stellen wij ons ten doel gebruik te maken van alternatieve koelmiddelen. Doordat er bij deze luchtontvochtiger gebruik wordt gemaakt van propaan (R290) als koudemiddel wordt er een waardevolle bijdrage geleverd aan de bescherming van het milieu.Het natuurlijke koudemiddel propaan (R290) is een organische verbinding en behoort tot de koolwaterstoffen. In tegenstelling tot synthetische koudemiddelen zorgt het milieuvriendelijke propaan (R290) noch voor aantasting van de ozonlaag (ODP = 0) noch voor een toename van het broeikas-effect (GWP = 3).Nog een extra voordeel voor het milieu: dankzij de voortreffelijke thermodynamische eigenschappen is propaan (R290) een bijzonder energiezuinig koudemiddel waardoor aanzienlijk wordt bespaard op de kosten voor elektriciteit.Voordelen in de praktijk:* Hygrostaatgeregelde ontvochtigingsautomaat met streefwaardevoorkeuze voor 40, 50 of 60 % r.v.* Bedieningspaneel met LED-verlichting* Automatische herstartfunctie voor gebruik met een externe tijdschakelklok* Permanente modus* Zeer compact en licht apparaat in z'n capaciteitsklasse* Eenvoudig toegankelijk luchtfilter, eenvoudig te reinigen. Filtert dierenhaar, pluizen, veertjes, stof en voorkomt bacteriegroei.* Waarschuwingslampje bij vol waterreservoir* Overloopbeveiliging met automatische uitschakeling* Circulatieluchtontdooiautomaat
 
Let op: specificaties kunnen zonder opgave van redenen in het belang van een lopende productverbetering door de fabrikant worden gewijzigd.
Aan de afbeeldingen van producten en eventueel getoonde specificaties of keurmerken kunnen geen rechten worden ontleend
"
272,Luchtontvochtiger - Luchtontvochtiger slaapkamer - Luchtontvochtiger en luchtreiniger - slaapkamer en badkamer - Wit,,GoodsFrom,,,,"53,99",,https://www.bol.com/nl/nl/p/luchtontvochtiger-luchtontvochtiger-slaapkamer-luchtontvochtiger-en-luchtreiniger-slaapkamer-en-badkamer-wit/9300000164076729/,6,"
 Onze gezamenlijke luchtreiniger  is ontworpen om niet alleen de lucht om je heen te zuiveren, maar ook om te voorzien in jouw behoefte aan een gezonde leefomgeving. Met een royale capaciteit van maar liefst 500 milliliter voor wateropslag en een krachtig vermogen van 25 watt, is deze luchtreiniger een krachtige bondgenoot in de strijd tegen vervuilde binnenlucht. Waarom onze luchtreiniger?   Hoge watercapaciteit: Met een indrukwekkende capaciteit van 500 ml kun je genieten van langdurige luchtzuivering zonder voortdurend bijvullen. Het feitelijke waterreservoir zorgt voor een betaalbare bevochtiging van de lucht, waardoor je binnenklimaat aangenaam wordt.   Krachtig vermogen: Dankzij het 25 watt vermogen kan onze luchtreiniger snel en effectief de lucht zuiveren. Stof, allergenen, geurtjes en bestanddelen worden grondig verwijderd, waardoor je kunt ademen met gemoedsrust.   Stil en effectief: Ondanks de krachtige prestaties is onze luchtreiniger stil en effectief. Je kunt genieten van een schone lucht zonder dat je slaapverstoort of je energierekening toeneemt.   Eenvoudige bediening: De bediening is kinderspel. Met intuïtieve knoppen kun je de luchtreiniger aanpassen aan je voorkeuren en de luchtkwaliteit in je ruimte verbeteren.   Stijlvol ontwerp: Onze luchtreiniger is niet alleen functioneel, maar past ook perfect in elke omgeving. Het strakke en moderne ontwerp combineert een elegantie toe aan je interieur.   Inbegrepen, Paklijst, 1* Luchtontvochtiger 1 * USB-oplaadkabel 1 * Engelse gebruikershandleiding 1 * Verpakkingsdoos  
"
273,Intelectro Luchtontvochtiger - Zeg Vaarwel tegen Schimmel en Vocht met onze Compacte en Draagbare Luchtontvochtiger - Energiezuinig - 300ml - Ruimtes tot 15m² - Antischimmel - Zwart - Levering Sneller dan Aangegeven!,,Intellecto,,,,"59,95",,https://www.bol.com/nl/nl/p/intelectro-luchtontvochtiger-zeg-vaarwel-tegen-schimmel-en-vocht-met-onze-compacte-en-draagbare-luchtontvochtiger-energiezuinig-300ml-ruimtes-tot-15m-antischimmel-zwart-levering-sneller-dan-aangegeven/9300000147389292/,6,"
Introduceer de oplossing voor het probleem van hoge luchtvochtigheid en schimmel in je kamer: de energiebesparende en efficiënte luchtontvochtiger! Met de capaciteit om tot 300 ml/dag vocht te verwijderen, voorkomt deze luchtontvochtiger schimmelgroei en zorgt hij voor een comfortabele en gezonde luchtvochtigheid in de kamer. En het beste van alles is dat hij slechts 23 W vermogen verbruikt, wat betekent dat je kunt genieten van de voordelen van een luchtontvochtiger zonder je zorgen te maken over hoge elektriciteitsrekeningen. Maar dat is niet alles, deze luchtontvochtiger is ook ultra-stil! Met een geluidsniveau van slechts 40 dB kun je deze ontvochtiger in je slaapkamer, kantoor of woonkamer gebruiken zonder gestoord te worden tijdens je werk, lezen of slaap. De compacte en draagbare grootte maakt het gemakkelijk om hem mee te nemen en te verplaatsen waar nodig, en de eenvoudige bediening zorgt ervoor dat iedereen hem kan gebruiken, zelfs ouderen. Maar dat is nog niet alles! Het is ook veilig in gebruik. De ontvochtiger is uitgerust met een automatische uitschakelfunctie wanneer het waterreservoir vol is, wat betekent dat je je geen zorgen hoeft te maken dat het overloopt en waterschade veroorzaakt. Het waterreservoir is eenvoudig te legen en schoon te maken. Bovendien heeft de luchtontvochtiger een unieke multi-colour nachtlampfunctie met 7 verschillende kleuren om een sfeer te creëren die bij je past. Het is perfect als een nachtlampje en als extra licht in de kamer wanneer je 's nachts wakker wordt. Kortom, deze luchtontvochtiger is de perfecte oplossing voor al je problemen met hoge luchtvochtigheid en schimmel. Energiebesparend, stil, veilig en gemakkelijk te gebruiken en te verplaatsen. Je zult er geen spijt van krijgen om dit product te kopen!
"
274,TROTEC Luchtontvochtiger TTK 71 E,,Trotec,,"4,2",13,"224,95",,https://www.bol.com/nl/nl/p/trotec-luchtontvochtiger-ttk-71-e/9200000039881299/,8,"
Met z'n tijdloos elegante uiterlijk past deze luchtontvochtiger harmonieus in elke woon- en werkomgeving. Maar niet alleen qua uiterlijk is de TTK 71 E een geslaagde blikvanger, ook zn technische eigenschappen mogen er zijn:
Een moderne luchtontvochtigingstechniek met elektronische hygrostaatregeling en ontdooi-automaat, een flexibele ventilator met twee snelheden, een timerfunctie en een digitale weergave met voorselecteerbare reële vochtigheidswaarde staan garant voor een effectieve, stroombesparende droging van woon- en kantoorruimten of verwarmde kelders bij een volledig automatisch ontvochtigingsbedrijf.
De antislip rubbervoeten van de TTK 71 E bieden niet alleen een stabiele stand, maar verminderen bovendien het door trillingen veroorzaakte geluid tijdens bedrijf voor een aangenaam stille luchtontvochtiging binnen uw ruimten.
Effectief en simpel
Het apparaat heeft vanzelfsprekend ook een hygrostaatgeregelde ontvochtigingsautomaat. Hierbij wordt via de streefwaardevoorkeuze een vaste luchtvochtigheidswaarde geselecteerd. De luchtvochtigheid is in stappen van 10 % instelbaar tusen 30 en 80 % relatieve luchtvochtigheid. Bij overschrijding van de waarde wordt de luchtontvochtiger automatisch geactiveerd en automatisch en energiebesparend weer uitgeschakeld, zodra de ingestelde streefwaarde is bereikt.
Luchtontvochtiging met comfort
Vanzelfsprekend kan de TTK 71 E ook worden gebruikt in omgevingen, waar het regelmatig handmatig legen van het waterreservoir niet altijd mogelijk is, bijvoorbeeld bij onbeheerde droging in verwarmde hobbyruimten of vakantiewoningen. Hiervoor is een separate aansluiting geïntegreerd in de TTK 71 E, waarmee het condens via een slang ook direct naar een afvoer kan worden geleid.
Veilig voor uw was: drogen met behulp van een luchtontvochtiger
Behalve voor het ontvochtigen van de lucht in een ruimte kan een luchtontvochtiger ook eenvoudig worden ingezet voor het drogen van was - ter ondersteuning of compleet ter vervanging van een gebruikelijke wasdroger. De wasdroogfunctie (ook wel textieldroog-modus of superdry-functie genoemd) is vergelijkbaar met het traditioneel drogen van de was in de buitenlucht.
Luchtontvochtigers hebben als voordeel dat de was net als in de buitenlucht op een veilige manier wordt gedroogd. Kleuren blijven behouden en de kleding blijft langer mooi dan bij het gebruik van wasdrogers en daarbij wordt ook nog eens minder energie verbruikt.
Bovendien kunnen wol, zijde of fijne synthetische stoffen zonder problemen worden gedroogd. In vergelijking met het buiten drogen van was blijft het wasgoed zachter en voelt prettiger aan op de huid.
Was kan ook gedroogd worden met luchtontvochtigers zonder wasdroogfunctie. De luchtvochtigheidswaarde moet dan als volgt worden ingesteld:
 Kastdroog: 46 % relatieve luchtvochtigheid
Strijkdroog: 58 % relatieve luchtvochtigheid
Licht gedroogd: 65 % relatieve luchtvochtigheid
Propaan (R290) als milieuvriendelijk koudemiddel in luchtonvochtigers
Jaarlijks worden door het gebruik van synthetische koudemiddelen miljoenen tonnen milieu-onvriendelijk C02 (broeikasgassen) uitgestoten. Daarom stellen wij ons ten doel gebruik te maken van alternatieve koelmiddelen. Doordat er bij deze luchtontvochtiger gebruik wordt gemaakt van propaan (R290) als koudemiddel wordt er een waardevolle bijdrage geleverd aan de bescherming van het milieu.
Het natuurlijke koudemiddel propaan (R290) is een organische verbinding en behoort tot de koolwaterstoffen. In tegenstelling tot synthetische koudemiddelen zorgt het milieuvriendelijke propaan (R290) noch voor aantasting van de ozonlaag (ODP = 0) noch voor een toename van het broeikas-effect (GWP = 3).
Nog een extra voordeel voor het milieu: dankzij de voortreffelijke thermodynamische eigenschappen is propaan (R290) een bijzonder energiezuinig koudemiddel waardoor aanzienlijk wordt bespaard op de kosten voor elektriciteit.
Voordelen in de praktijk:


Hygrostaatgeregelde ontvochtigingsautomaat met streefwaardevoorkeuze tussen 30 en 80 % r.v. in stappen van 10 %




Zodra de gewenste luchtvochtigheid is bereikt, schakelt de compressor automatisch uit. De ventilator draait door. De weergave blijft aan. Bij overschrijding wordt het apparaat automatisch geactiveerd.




LED-bedieningspaneel met membraantoetsen




Permanente modus




Timerfunctie met voorselecteerbare uitschakeltijd




Eenvoudig toegankelijk luchtfilter, eenvoudig te reinigen. Filtert dierenhaar, pluizen, veertjes, stof en voorkomt bacteriegroei.




Waarschuwingslampje bij vol waterreservoir




Overloopbeveiliging met automatische uitschakeling




Circulatieluchtontdooiautomaat




Aansluiting voor externe condensafvoer


Let op: specificaties kunnen zonder opgave van redenen in het belang van een lopende productverbetering door de fabrikant worden gewijzigd.
Aan de afbeeldingen van producten en eventueel getoonde specificaties of keurmerken kunnen geen rechten worden ontleend
"
275,"Ruhhy Luchtontvochtiger: Gezond Thuis, Stille Kracht!",,Ruhhy,,,,"63,94",,https://www.bol.com/nl/nl/p/ruhhy-luchtontvochtiger-vochtopnemer-o16439/9300000160087623/,10,"
Maak kennis met de RUHHY Luchtontvochtiger, uw ultieme wapen tegen vocht, schimmel, en ongewenste geuren in uw huis. Deze krachtige ontvochtiger is niet alleen effectief, maar werkt ook fluisterstil dankzij de geavanceerde Peltier-technologie. Kenmerken:  Extreem Efficiënt: Verwijdert tot 330ml water per dag. Stille Werking: Gebaseerd op Peltier-technologie voor rustige nachten. Grote Capaciteit: 800ml tank voor tot wel 60 uur gebruik. Energiebesparend: Slechts 22.5W vermogen voor kostenbesparende werking. Modern Design: Past in elk interieur en eenvoudig te plaatsen. Gebruikersvriendelijk: Automatische uitschakeling en verwijderbare onderdelen.  Met de RUHHY Luchtontvochtiger in uw huis verzekert u zich van een gezondere leefomgeving. Vocht, een veelvoorkomend probleem in veel huishoudens, is de broedplaats voor schimmels en bacteriën. Deze kunnen leiden tot gezondheidsproblemen zoals allergieën, ademhalingsproblemen, en zelfs hoofdpijn en duizeligheid. Met de RUHHY ontvochtiger pakt u dit probleem bij de wortel aan en verbetert u uw gezondheid en welzijn. De stille werking van deze ontvochtiger, mogelijk gemaakt door de Peltier-technologie, maakt hem ideaal voor gebruik in slaapkamers of werkruimtes. U zult nauwelijks merken dat het apparaat aan staat, terwijl het efficiënt vocht uit de lucht verwijdert. De ruime watertank van 800 ml zorgt ervoor dat de ontvochtiger tot 60 uur kan functioneren zonder dat u het water hoeft te legen. Dit maakt de RUHHY niet alleen handig in gebruik, maar ook perfect voor langdurige afwezigheid, zoals tijdens een weekendje weg. Inbegrepen in de Verpakking:  Luchtontvochtiger Oplader  Zoekwoorden: Luchtontvochtiger, Vochtbestrijding, Schimmel Preventie, Thuis Gezondheid, Energiezuinig, Stille Werking, Moderne Luchtontvochtigers, RUHHY.
"
276,"Argoclima ARGO DRY PURY EVO WF 21 4,5 l 41 dB 330 W Blauw, Wit",,Argoclima,,,,"275,-",,https://www.bol.com/nl/nl/p/argoclima-argo-dry-pury-evo-wf-21-330-w-220-240-v-50-hz-5-35-c-305-mm-235-mm/9300000160902449/,6,"
ARGO DRY PURY EVO WF 17-21 Minimaal en stil, verbetert effectief de binnenlucht dankzij het dubbele filtratiesysteem. Zijnzuiver witte matte afwerking, versterkt door blauwe details, maakt het een vrolijk en aangenaam armatuur in elke omgeving.vrolijk en aangenaam in elke omgeving. Een dunne LED ondergedompeld in de blauwe hoekstrip, met kleuririserende kleur, signaleert op intelligente wijze het vochtigheidsniveau op elk moment. Zeer handig voor het drogen vanwasgoed, dankzij de speciale functie.
"
277,Equivera Luchtontvochtiger - Luchtontvochtiger Slaapkamer - Luchtontvochtigers - Dehumidifier - Luchtontvochtiger Badkamer - Luchtontvochtiger Woonkamer - Luchtontvochtiger Huis,,Merkloos,,,,"98,95",,https://www.bol.com/nl/nl/p/equivera-luchtontvochtiger-luchtontvochtiger-slaapkamer-luchtontvochtigers-dehumidifier-luchtontvochtiger-badkamer-luchtontvochtiger-woonkamer-luchtontvochtiger-huis/9300000165847156/,7,"
Ben je op zoek naar een oplossing om overtollig vocht en muffe geuren uit je ruimtes te verwijderen? Ontdek de Czoele Luchtontvochtiger, je nieuwe bondgenoot in het bestrijden van vochtigheid thuis of op kantoor! Met zijn geavanceerde Dubbele Halfgeleider Koeltechnologie biedt deze luchtontvochtiger een krachtig dubbel ontvochtigingseffect, waarmee het moeiteloos de lucht in ruimtes tot 20㎡ droog en comfortabel houdt. Perfect voor gebruik in de keuken, badkamer, slaapkamer, camper, en zelfs in kleine besloten ruimtes zoals kasten of bij je raam. Pluspunten van de Czoele Luchtontvochtiger:  Geavanceerde Dubbele Halfgeleider Technologie Ideaal voor ruimtes tot 20㎡ Compact en draagbaar (5.94.79.4 inch) Ultra-stil werkend (~40 dB) Handige ontdooifunctie voor lage temperaturen Automatische uitschakeling bij vol waterreservoir Kleurrijk nachtlicht  Stilte en Comfort Ervaar de stilte met onze fluisterstille luchtontvochtiger, ontworpen om ongestoord te werken op ongeveer 40 dB - zachter dan een gefluisterde conversatie. Zijn lichte gewicht maakt het gemakkelijk om van de ene naar de andere kamer te verplaatsen, zodat je overal van een comfortabele luchtvochtigheid kunt genieten. Slimme Functies Maak je geen zorgen meer over ijsvorming in de winter met onze slimme ontdooifunctie, die werkt bij temperaturen onder de 15°C. En met het geïntegreerde kleurrijke nachtlicht, creëert de luchtontvochtiger een zachte ambiance in elke ruimte. Zorgeloos Gebruik De automatische uitschakelfunctie en het gemakkelijk te verwijderen waterreservoir zorgen voor een zorgeloze ervaring. Het apparaat schakelt zichzelf uit zodra het 1000 ml water heeft verzameld, en het indicatielampje laat zien wanneer het tijd is om het reservoir te legen. Haal de Czoele Luchtontvochtiger in huis en geniet van een frisse en gezonde omgeving, vrij van overtollig vocht en de problemen die daarmee gepaard gaan. Bestel nu en zeg vaarwel tegen vochtige ruimtes! Productspecificaties:  Merk: Czoele Afmetingen: 15x11,9x23,9 cm Geluidsniveau: 40 dB Capaciteit waterreservoir: 1000 ml Ontvochtigingscapaciteit: tot 1000 ml per dag (bij 86°F, 80%RH)  Inhoud van de verpakking:  1x Czoele Luchtontvochtiger 1x Gebruikershandleiding  Verander vandaag nog je leefomgeving met de Czoele Luchtontvochtiger. Gemakkelijk, efficiënt en fluisterstil – de ideale oplossing voor een comfortabeler thuis.
"
278,Klarstein DryFy Connect 40 - Luchtontvochtiger - WiFi - Compressie - 40l/d - 35-45m² - Wit,,Klarstein,,"5,0",1,"508,99",,https://www.bol.com/nl/nl/p/dryfy-connect-40-luchtontvochtiger-wifi-compressie-40l-d-35-45m-wit/9300000011823462/,11,"
De eenvoudige weg naar de ideale luchtvochtigheid: de Klarstein DryFy Connect 40 luchtontvochtiger met WIFI-aansluiting droogt vochtige ruimtes na de bouw, renovatie en waterschade of regelt probleemloos de luchtvochtigheid in de keuken, badkamer of slaapkamer.Met de juiste luchtvochtigheid meteen veel beter voelen: de Klarstein DryFy Connect 40 Dehumidifier verwijdert vochtige lucht in een handomdraai en zorgt voor bevrijd ademhalen in de keuken, badkamer of slaapkamer en voor het snel drogen na bouw- of renovatiewerkzaamheden. Met een luchtcirculatie van 360 m³ per uur onttrekt hij tot 40 liter vochtigheid per dag uit de lucht - daarmee is de Klarstein DryFy Connect 40 luchtontvochtiger ideaal voor ruimtes van 35 tot 45 m². Een grote 7 liter tank verzamelt het water en kan dankzij alarmfunctie en automatiche uitschakeling bij volle tank altijd op tijd worden geleegd. Het verzamelde water wordt daarbij door het drukken op de juiste knip d.m.v. de afvoerslang gewoon weggepompt. Dankzij een wifi-aansluitingsmogelijkheid kan het apparaat bovendien in het thuisnetwerk worden aangemeld en probleemloos via de Klarstein-app worden bediend. Dat is nog niet alles, want de Klarstein DryFy Connect 40 wordt door de geïntegreerde actieve koolfilter een luchtreiniger die naast stof en luchtjes ook fijnstof en kiemen uit de licht filtert en zo in één apparaat het ruimteklimaat dubbel verbetert. Praktisch is ook het hoge bedieningsgemak: met de display aan de bovenkant wordt de DryFy Connect 40 met slechts een paar knoppen voor zijn opgave geprogrammeerd. Zo kan de beoogde luchtvochtigheid net zo worden ingesteld als de per uur programmeerbare timer.Zo eenvoudig als nooit tevoren naar perfecte luchtvochtigheid. De Klarstein DryFy Connect 40 Dehumidifier zorgt voor de beste ademlucht. Eigenschappen:  Ideale luchtvochtigheid: 40 liter / 24 uur ontvochtigen om binnenruimtes te drogen na bouw- en renovatiewerkzaamheden of om de luchtvochtigheid in de keuken, de badkamer of slaapkamer te regelen.  Lange looptijd: 7 liter watertank met alarmfunctie en automatisch uitschakelen bij volle tank  Eenvoudige bediening: Wifi-aansluiting voor comfortabele bediening met de Klarstein-app  Smart Home: comfortabel via de Klarstein app besturen, geheel compatibel met Alexa  Fluisterstil: dankzij een bijzonder geluidsarme, stationaire werking Omvang Levering:   1 x apparaat 1 x waterafvoerslang Duitstalige gebruiksaanwijzing (andere talen: Engels)  Afmetingen:   Afmetingen: ca. 37 x 61,5 x 26 cm (BxHxD) Stroomkabellengte: ca. 180 cm Gewicht: ca. 18,5 kg  Artikelnummer: 10034434
  "
279,Luchtontvochtiger -  Hygrometer - Stille werking - Portomonee vriendelijk - 2300ml,,Merkloos,,"2,0",1,"261,95",,https://www.bol.com/nl/nl/p/luchtontvochtiger-hygrometer-stille-werking-portomonee-vriendelijk-2300ml/9300000127620689/,6,"
Automatisch hygrometer, grote watertank en LED verlichting.
"
280,"Intelectro Luchtontvochtiger - Zeg Vaarwel tegen Schimmel, Onaangename Geuren en Vochtproblemen in je Huis! - 1200ml - Energiezuinig - Ingebouwde Verlichting - Compact Design - Eenvoudig te Bedienen - Levering Sneller dan Aangegeven!",,Intelectro,,,,"84,95",,https://www.bol.com/nl/nl/p/intelectro-luchtontvochtiger-zeg-vaarwel-tegen-schimmel-onaangename-geuren-en-vochtproblemen-in-je-huis-1200ml-energiezuinig-ingebouwde-verlichting-timer-compact-design-eenvoudig-te-bedienen-wit-levering-sneller-dan-aangegeven/9300000163255892/,7,"
Op zoek naar de perfecte oplossing om vochtproblemen in je huis, slaapkamer of badkamer aan te pakken? Ontmoet onze krachtige elektrische luchtontvochtiger met een capaciteit van 1200 ml!  Ben je moe van overmatige vochtigheid die je dagelijkse comfort verstoort? Onze luchtontvochtiger is ontworpen voor maximale efficiëntie en minimaal energieverbruik. Met een indrukwekkende capaciteit van 1200 ml verwijdert deze stille ontvochtiger maar liefst 500 ml vocht per dag, zelfs bij een vochtigheidsgraad van 80%. Het transparante tankontwerp stelt je in staat om in real-time het waterpeil te controleren, terwijl de automatische uitschakelfunctie met een knipperend rood lampje je gemoedsrust geeft, zonder je zorgen te hoeven maken over overlopend water. Wat deze luchtontvochtiger echt onderscheidt, is het fluisterstille geluidsniveau van minder dan 43 decibel. Dit betekent dat je ongestoord kunt werken, slapen of ontspannen terwijl hij zijn werk doet. Maak je je zorgen over bevroren problemen? Onze ontvochtiger is slim en voorzien van automatische ontdooiing. Als de temperatuur daalt en vorst wordt gedetecteerd, schakelt hij automatisch over naar ontdooien om een vlotte werking te garanderen. Zodra de temperatuur weer stijgt, schakelt de ontdooifunctie uit en gaat hij door met het ontvochtigen van de lucht. En laten we de sfeer niet vergeten! Onze ontvochtiger is uitgerust met 7 kleuren LED-lampen die een vleugje magie aan je omgeving toevoegen. Of je nu van afwisseling houdt of een specifieke kleur wilt kiezen, deze lampen kunnen 's nachts als sfeerverlichting worden gebruikt om een romantische en gezellige sfeer te creëren. Deze ontvochtiger is compact en past perfect in kleine ruimtes van 10-15 m², zoals kasten, slaapkamers, badkamers, campers, nachtkastjes en bureaus. Bedienen is een fluitje van een cent met slechts één druk op de knop. Kies voor de ultieme comfortverbetering in jouw huis en bestel vandaag nog onze elektrische luchtontvochtiger. Zeg vaarwel tegen vochtproblemen en geniet van een droge, aangename omgeving waar je van houdt.    Goed nieuws! Wij kunnen jouw bestelling sneller leveren dan aanvankelijk aangegeven. Onze toegewijde team werkt nauw samen met onze verzendpartners om ervoor te zorgen dat jouw bestelling zo snel mogelijk bij jou thuis wordt afgeleverd. Je kunt dus sneller dan verwacht genieten van jouw nieuwe aankoop. Bestel nu en profiteer van onze snelle leveringstijden!  
"
281,OCEANIC elektrische luchtontvochtiger - Afzuiging 50 liter/dag - Drogen van wasgoed - Continue afvoer - Opvoerpomp - Display,,Oceanic,,,,"278,21",,https://www.bol.com/nl/nl/p/oceanic-elektrische-luchtontvochtiger-afzuiging-50-liter-dag-drogen-van-wasgoed-continue-afvoer-opvoerpomp-display/9300000167053495/,7,"
Déshumidificateur électrique OCEANIC - Extraction 50 litres/jour - Séchage du linge - Vidange continue - Pompe d'alimentation - Affichage LED * Autres caractéristiques : 1 tuyau PVC de 60 cm, utilisation normale sans pompe, 1 tuyau PVC de 2 m pour utilisation avec la fonction pompe. * Marque : OCEANIC * Pression acoustique : 46 dB * Plus produit : Réservoir d'eau de 7 litres, Discret et peu encombrant, Poignée de transport, Roulettes mobiles, Minuterie 24 heures, Extraction d'air humidité et moisissures * Pays d'origine : Chine * Garantie ( ²) : 2 ans * Capacité/Contenance : Capacité de déshumidification : 50 L/jour, Capacité du réservoir d'eau : 7 L, Lorsque le réservoir est plein, versez l'eau dedans et il redémarrera sans le rallumer. * Matériaux : ABS / Moteur Cuivre / Aluminium * Fonction produit : Déshumidification automatique, Déshumidification continue * Description du produit : Déshumidificateur d'air 50 L - Puissance nominale 680 W - Capacité du réservoir d'eau : 7 L - Hauteur de levage de la pompe 5/6 m - 24 heures minuterie - Couleur blanche - Réfrigérant : R290 - 2 vitesses - 2 modes - Surface couverte : 25 - 32 m2 - Débit d'air : 360 (m3/h) - Puissance sonore : 46 dB * Nombre de vitesses : 2 vitesses : basse et haute * Modèles : YDZ-50D/S3P * Composition du lot : Déshumidificateur, Tuyau de vidange, Remarque * Débit d'air extrait : 360 m3/h * Tension (en V) : 240 V * Consommation moyenne : Consommation électrique journalière : 16,32 kWh/24h * Poids : 19 kg * Type de produit : Déshumidificateur * Surface couverte : 25 m² * Puissance électrique (W) : 680W * Dimensions : 37,8x26,6x61,5cm * Couleur principale : Blanc
"
282,Eurom LO50 Bouwdroger,Nieuw artikel,Eurom,,"5,0",1,"767,60",Op voorraad,https://www.bol.com/nl/nl/p/eurom-lo50-bouwdroger/9200000025429029/,6,"
Eurom LO50 luchtontvochtiger 900 Watt  Wil je lucht ontvochtigen? Dan kun je het beste een luchtontvochtiger of een bouwdroger kopen.   De Eurom LO50 bouwdroger heeft een capaciteit van 50 liter per 24 uur.   Bent u naar een ander Eurom gereedschap op zoek? Kijk dan eens op onze Eurom pagina! Daar vindt u een ruim assortiment aan Eurom gereedschap voor een scherpe prijs! 
"
283,BolGalaxy - Luchtontvochtiger en Luchtreiniger - 2 in 1 - Dehumidifier - Luchtontvochtiger Slaapkamer - Wit - Voor Thuis Kamer Keuken,,’merkloos’,,,,"139,95",,https://www.bol.com/nl/nl/p/bolgalaxy-luchtontvochtiger-en-luchtreiniger-2-in-1-dehumidifier-luchtontvochtiger-slaapkamer-wit-voor-thuis-kamer-keuken/9300000170926894/,8,"
 Ultieme Luchtzuivering en Vochtbeheersing met Onze 2-in-1 Ontvochtiger en Luchtreiniger!  Wil je niet alleen de luchtvochtigheid regelen, maar ook de luchtkwaliteit optimaliseren in jouw huis of kantoor? Maak kennis met onze geavanceerde 2-in-1 Ontvochtiger en Luchtreiniger, een krachtige oplossing voor een gezondere leefomgeving. Krachtige Specificaties:- Materiaal: Duurzaam ABS + hoogwaardige elektronische componenten- Vermogen: 42W voor efficiënte prestaties- Ontvochtigingscapaciteit: 500-600 ml/24 uur Slimme Functies:1.  Automatische Stop bij Vol Water: Het apparaat stopt automatisch om overlopen te voorkomen zodra het waterreservoir zijn maximale capaciteit bereikt. Voeg eenvoudig een externe afvoerpijp toe voor continue ontvochtiging. 2.  Continue Werking: Het apparaat is niet alleen uitgerust met een afstandsbediening maar biedt ook 24-uurstimerinstellingen, negatieve ionenreiniging, instelbare windsnelheden, en geeft real-time vochtigheid en temperatuur weer. Uitgebreide Voordelen:1.  Ruimtebesparing: Profiteer van de gecombineerde functionaliteit van ontvochtiging en luchtreiniging in één enkel apparaat, wat kostbare ruimte bespaart, vooral in compacte woningen of appartementen. 2.  Efficiëntie op Maat: Geniet van de voordelen van zowel ontvochtiging als luchtreiniging, wat betekent dat je niet alleen vocht uit de lucht verwijdert, maar ook de luchtkwaliteit verbetert, waardoor een gezonde leefomgeving ontstaat. 3.  Kostenbesparend: Investeer in één krachtig apparaat in plaats van afzonderlijke units aan te schaffen, wat op de lange termijn kosteneffectiever kan zijn. 4.  Gebruiksgemak: Met eenvoudige bediening en programmeerbare instellingen kun je de ontvochtiger en luchtreiniger aanpassen aan jouw specifieke behoeften en voorkeuren. Gedetailleerde Minpunten:1.  Initiële Kosten: Hoewel de initiële kosten wellicht wat hoger zijn, worden deze gecompenseerd door de gecombineerde functionaliteit. 2.  Onderhoudsvereisten: Regelmatig onderhoud is essentieel om de optimale prestaties van het apparaat te behouden, maar dit is gebruikelijk bij vergelijkbare toestellen. Creëer een gezondere, comfortabelere leefomgeving met onze geavanceerde 2-in-1 Ontvochtiger en Luchtreiniger - de perfecte aanvulling voor een welzijnsgericht huishouden! 
"
284,Equivera Luchtontvochtiger - Luchtontvochtiger Slaapkamer - Luchtontvochtigers - Dehumidifier - Luchtontvochtiger Badkamer - Luchtontvochtiger Woonkamer - Luchtontvochtiger Huis,,Merkloos,,,,"699,95",,https://www.bol.com/nl/nl/p/equivera-luchtontvochtiger-luchtontvochtiger-slaapkamer-luchtontvochtigers-dehumidifier-luchtontvochtiger-badkamer-luchtontvochtiger-woonkamer-luchtontvochtiger-huis/9300000165875640/,9,"
Ontdek de Zuiverende Kracht van de DEXD 214RF Luchtontvochtiger - Uw Oplossing voor een Fris en Schoon Huis Op zoek naar een manier om de vochtproblemen in uw huis aan te pakken en tegelijkertijd de luchtkwaliteit te verbeteren? Bol.com introduceert de multifunctionele DEXD 214RF Luchtontvochtiger, een apparaat dat krachtige dehumidificatie combineert met geavanceerde luchtfiltratie. Of u nu de strijd aangaat met schimmels, allergenen of onaangename geurtjes, onze luchtontvochtiger is ontworpen om uw leven aangenamer te maken.  Drievoudig Filtersysteem: Dit geavanceerde systeem bevat een stoffilter voor grote partikels, een verwijderbaar allergenenfilter, en actieve kool voor het neutraliseren van geuren. Geniet van een beschermde en gezuiverde lucht in elke hoek van uw huis. Slimme Tanktechnologie: De luchtontvochtiger is uitgerust met een 2,1-liter tank die automatisch stopt wanneer hij vol is, voorzien van een transparante en afneembare tank voor eenvoudig gebruik en onderhoud. Met de bijgeleverde afvoerslang kunt u continu ontvochtigen zonder onderbreking. Speciale Kleding Droogfunctie: Bescherm uw kleding tegen vocht en geurtjes met een specifieke droogstand, gemakkelijk in te stellen via de digitale interface, perfect voor die natte dagen.   Draagbaar en Praktisch Ontwerp: Met het geïntegreerde handvat verplaatst u de luchtontvochtiger moeiteloos door uw woning. Ideaal voor gebruik in verschillende kamers, waar u maar wilt. Milieubewuste Keuze: Voel u goed over uw impact op het milieu, want de DEXD 214RF is niet alleen gemaakt met minimaal 30% gerecycled plastic, maar het gebruikt ook het milieuvriendelijke R290 aardgas als koelmiddel.  Betrouwbare Vochtbeheersing De DEXD 214RF Luchtontvochtiger gaat verder dan alleen het reguleren van vocht; het verbetert uw leefomgeving. Met een strak design dat in elk interieur past en een milieuvriendelijke constructie, biedt het apparaat u de perfecte combinatie van functionaliteit, stijl en duurzaamheid. Bij Bol.com begrijpen we dat de kwaliteit van de lucht die u inademt net zo belangrijk is als het comfort van uw huis. Daarom bieden we de DEXD 214RF aan, een apparaat dat niet alleen presteert, maar ook uw welzijn en het milieu vooropstelt. Wacht niet langer om de luchtkwaliteit in uw huis te transformeren. Voeg de DEXD 214RF Luchtontvochtiger vandaag nog toe aan uw huishoudelijke apparaten en adem met vertrouwen een schonere, frissere lucht in! Productspecificaties:  Merk: DEXD Model: 214RF Capaciteit watertank: 2,1 liter Filtertype: Drievoudig filtersysteem (stoffilter, allergenenfilter, actieve kool) Draagbaarheid: Geïntegreerd handvat Milieuvriendelijk: Minstens 30% gerecycled plastic, R290 aardgas koelmiddel  Inhoud van de verpakking:  1x DEXD 214RF Luchtontvochtiger 1x Doorlopende afvoerslang 1x Handleiding 
"
285,Luchtontvochtiger AIR NATUREL Lary 117049 - tot  40m²,,Air Naturel,,,,"299,-",,https://www.bol.com/nl/nl/p/luchtontvochtiger-air-naturel-lary-117049-tot-40m/9200000120385766/,8,"
    Dankzij de piston technologie is Lary krachtiger en stiller dan een klassieke ontvochtiger met kompressor. Het digitaal scherm toont de verschillende functies en de vochtigheidsgraad van de ruimte. Makkelijk verplaatsbaar dankzij de transportwieltjes, is hij inzetbaar in ruimtes tot 40 m³. Het opgevangen water wordt eenvoudig afgevoerd door de constante drainage functie, of maak gebruik van een afvoerpomp. Air Naturel, healthy air at home !HygroSmart®:Deze functie regelt het toestel in functie van de omgevingstemperatuur voor het bereiken van de ideale vochtigheidsgraad, die zich situeert tussen 45 en 55%Negatieve ionisatieAutomatische functie bij de start van het toestel. Dankzij de verspreiding van negatieve ionen in delucht wordt deze gezuiverd en worden slechte geuren geneutraliseerd.NachtmodusDe luchtvochtigheid wordt gehouden tussen 47 en 53% . Het toestel werkt stiller, op min. snelheid ener weerklinkt geen geluidsignaal wanneer het waterreservoir vol is.Antivries modusBij een temperatuur tussen 5 en 15°C zet het toestel zich automatisch in de Antivries modus. Dwz:het toestel stopt regelmatig met werken, maar de ventilator blijft wel draaien.
  "
286,Intelectro Luchtontvochtiger - Jouw Sleutel tot een Vochtvrije en Comfortabele Leefomgeving - 20L/Dag - Ingebouwde Timer - Modern en Elegant Design - 4 Wielen - Watertank van 3L - met Afvoerslang - Wit - Levering Sneller dan Aangegeven!,,Intelectro,,,,"319,95",,https://www.bol.com/nl/nl/p/intelectro-luchtontvochtiger-jouw-sleutel-tot-een-vochtvrije-en-comfortabele-leefomgeving-20l-dag-ingebouwde-timer-modern-en-elegant-design-4-wielen-watertank-van-3l-met-afvoerslang-wit-levering-sneller-dan-aangegeven/9300000158843871/,0,"
Ontdek de ultieme oplossing voor een frisse en comfortabele leefomgeving: de Intelectro DF-20DEN7-WF Luchtontvochtiger!  Ben jij het zat om je zorgen te maken over vochtproblemen in je huis of op kantoor? Met onze geavanceerde luchtontvochtiger hoef je je nooit meer zorgen te maken over schimmel, condensatie en onaangename geuren. Met een indrukwekkende capaciteit van 20 liter per dag, is deze krachtige ontvochtiger perfect geschikt voor ruimtes tot wel 100 m³ (40 m²). Wat deze luchtontvochtiger echt speciaal maakt, is de handige app-compatibiliteit. Bedien eenvoudig je ontvochtiger vanaf je smartphone, waar je ook bent. Stel de 24-uurs timer in om de luchtkwaliteit in je huis volledig onder controle te houden. Dankzij de royale watertank van 3 liter hoef je je geen zorgen te maken over constant legen. Geniet van een continue ontvochtiging zonder gedoe. En het strakke, witte ontwerp past moeiteloos in elke kamer. Investeer in je gezondheid en welzijn door vochtproblemen voorgoed aan te pakken. Klik nu om de Intelectro DF-20DEN7-WF Luchtontvochtiger in huis te halen en adem gemakkelijker in een comfortabelere omgeving.   Goed nieuws! Wij kunnen jouw bestelling sneller leveren dan aanvankelijk aangegeven. Onze toegewijde team werkt nauw samen met onze verzendpartners om ervoor te zorgen dat jouw bestelling zo snel mogelijk bij jou thuis wordt afgeleverd. Je kunt dus sneller dan verwacht genieten van jouw nieuwe aankoop. Bestel nu en profiteer van onze snelle leveringstijden!
"
287,Emerio DH-129238 - Luchtontvochtiger,,Emerio,,,,"199,-",,https://www.bol.com/nl/nl/p/emerio-dh-129238-luchtontvochtiger/9300000165160130/,6,"
  De EMERIO luchtontvochtiger, model DH-129238, is ontworpen om het vochtgehalte in je woning te beheersen. Het gebruik van een ontvochtiger is cruciaal voor een gezond binnenklimaat, vrij van schimmels en bacteriën. Met een simpele druk op de knop kun je de DH-129238 instellen op de gewenste luchtvochtigheidsgraad, en dankzij de interne hygrometer stopt het apparaat automatisch wanneer de ingestelde waarde is bereikt. Het display aan de voorkant van het apparaat toont de luchtvochtigheid. Bovendien stopt de ontvochtiger automatisch wanneer de 6-liter watertank vol is, wat handig is omdat het apparaat met slechts 54 decibel stil in gebruik is. De EMERIO DH-129238 is geschikt voor ruimtes tot 60m². Geruisloze luchtontvochtiger De EMERIO DH-129238 luchtontvochtiger is ideaal voor het reguleren van de luchtvochtigheid in de slaapkamer. Met een geluidsniveau van 54 decibel zul je nauwelijks merken dat het apparaat ingeschakeld is. De overloopbeveiliging zorgt ervoor dat je de ontvochtiger veilig kunt laten werken terwijl je slaapt. Naast de slaapkamer is de EMERIO DH-129238 geschikt voor gebruik in verschillende delen van het huis, zoals kelders, badkamers, garages en woonkamers, met een maximale dekking van 60m². Het reguleren van de luchtvochtigheid helpt de groei van schimmels en bacteriën te voorkomen, waardoor een gezond leefklimaat wordt bevorderd. Bovendien kan het de droogtijd van je was verkorten..  6.0 liter waterreservoir Met een waterreservoir van 6 liter kan de EMERIO DH-129238 langdurig functioneren zonder dat het reservoir geleegd hoeft te worden. Zelfs wanneer het reservoir vol is, hoef je je geen zorgen te maken, aangezien de DH-129238 automatisch uitschakelt dankzij de overloopbeveiliging. Je kunt de ontvochtiger ook gebruiken met een waterafvoerslang, waardoor het water direct wordt afgevoerd en het reservoir nooit hoeft te worden geleegd. Automatische bediening met hygrometer De ingebouwde hygrometer van de EMERIO DH-129238 meet voortdurend de actuele luchtvochtigheidsgraad, waardoor het apparaat eenvoudig te bedienen is. Je kunt de ontvochtiger instellen op de gewenste vochtigheid tussen 30% en 80%, waarna de DH-129238 automatisch aan en uit gaat op basis van de gemeten vochtigheid. Digitaal display Met een duidelijk digitaal display en touchtoetsen is de DH-129238 eenvoudig te bedienen. De modusknop maakt het schakelen tussen verschillende standen, zoals ontvochtigen, ventileren of kleding drogen, gemakkelijk. De indicatielampjes geven duidelijk aan naar welk doel de DH-129238 op dat moment werkt, en je kunt eenvoudig zien wanneer het 6-liter waterreservoir vol is. Specificaties  Ontvochtigingscapaciteit: 30 l/24u Maximale luchtstroom 250 m³/u Voor ruimtes tot 60 m² Bedieningspaneel met indicatielampjes en touchtoetsen Instellingen: ontvochtigen, ventileren of kleding-drogen. Timer functie Overloopbeveiliging Automatische herstart- en ontdooifunctie Waterreservoir (6,0 l) gemakkelijk leeg en schoon te maken Waterafvoerslang voor continue waterafvoer meegeleverd Automatische uitschakeling Geluidsniveau: 54 dB Milieuvriendelijke koelvloeistof: R290 Gemakkelijk te verplaatsen dankzij de wieltjes Afmetingen (l x b x h): 33,5 x 53 x 26 cm  Tips voor een goed vochtklimaat in huis:  · De ideale luchtvochtigheid in huis varieert tussen 40% en 60%, met een aanbevolen niveau van 40% tot 50% in de slaapkamer.  · Regelmatige controle van de luchtvochtigheid helpt onaangename geuren, ademhalingsproblemen, vochtplekken op muren, schimmelvorming en ongedierte te voorkomen.  · Menselijke activiteiten zoals ademen, douchen en koken dragen bij aan de meeste vochtigheid in huis, maar de algehele staat van het huis speelt ook een rol.  · Daarom is dagelijkse ventilatie essentieel. In sommige gevallen is ventilatie alleen niet voldoende en biedt een ontvochtiger een effectieve oplossing.  · Met een luchtontvochtiger zorg je voor een gezonde omgeving voor jezelf, je bezittingen en je leefruimte.  
"
288,TROTEC Peltier luchtontvochtiger TTP 10 E,,Trotec,,"3,0",2,"84,95",,https://www.bol.com/nl/nl/p/trotec-peltier-luchtontvochtiger-ttp-10-e/9200000091234271/,7,"
Peltier luchtontvochtiger TTP 10 EComfortabele ontvochtiging voor kleine ruimtesDe compacte Peltier luchtontvochtiger TTP 10 E combineert zijn aantrekkelijke droogprestaties met ingetogen ontwerp, te gebruiken in elke omgeving. Dankzij de innovatieve thermo-elektrische technologie houdt het apparaat op betrouwbare wijze ruimtes tot 10 m² droog in de ruimtes met een ontvochtingscapaciteit van 750 ml per dag.De ontvochtiger is optimaal te gebruiken in bijvoorbeeld inloopkasten, voorraadruimtes, en in kleine sanitaire ruimtes zonder raam. Bij deze bijzonder vochtgevoelige plekken in het huis verwijdert het effectief overtollig vocht uit de lucht, vermindert het de condensatie en voorkomt schimmelgroei.Het geïntegreerde waarschuwingslampje waarschuwt u indien het waterreservoir vol dreigt te raken en schakelt automatisch uit en verhindert zo overlopen van het waterreservoir met een inhoud van 2 liter. Dankzij de luchtreinigingsfunctie filtert de TTP 10 E dierenharen, pluisjes en stof. Het uitneembare luchtfilter is eenvoudig te reinigen.De werking van de TTP 10 E is energiezuinig geoptimaliseerd en dankzij het Peltier-element ook fluisterstil - zodat het apparaat de nachtrust niet verstoort. Bovendien scoort de Peltier-eenheid punten bij het ontvochtigen met zijn eenvoudige bediening: steek de stekker in het stopcontact, schakel in en u bent klaar. Een draaggreep vergemakkelijkt het transport of de verandering van de plaats van gebruik.Praktische details van de TTP 10 EVoor het drooghouden van slecht geventileerde ruimtes, zoals bijvoorbeeld inloopkasten, kleine sanitaire ruimtes of voorraadkastenHoge flexibiliteit door extra compacte bouwwijzeModern thermo-elektrisch Peltier-element (zonder compressor en koelmiddel)Luchtreinigungsfunctie – filtert dierenharen, pluisjes en stofWaarschuwingslampje bij vol waterreservoirUitneembaar luchtfilterAutomatische uitschakeling bij vol waterreservoirAantrekkelijk, compact designMet transparant waterreservoirBedrijfswaarschuwingslampjeFluisterstille werkingEnergiezuinigDe gedetailleerde technische gegevens:Ontvochtichtingscapaciteit max. (l/24h): 0,75Aanbevolen voor ruimtes: 10 m² / 25 m³Netaansluiting: 220 - 240 V/50 - 60 HzNominaal stoomverbruik: 2,5 AOpgenomen vermogen: 70 WKabellengte: 1,4 mWaterreservoir (Inhoud): 2 lGeluidsniveau (Afstand 1m): 45 dB(A)Afmetingen (LxBxH): 130 x 220 x 370 mmGewicht: 2 kg
Let op: specificaties kunnen zonder opgave van redenen in het belang van een lopende productverbetering door de fabrikant worden gewijzigd.
Aan de afbeeldingen van producten en eventueel getoonde specificaties of keurmerken kunnen geen rechten worden ontleend

 
"
289,Equivera Luchtontvochtiger - Luchtontvochtiger Slaapkamer - Luchtontvochtigers - Dehumidifier - Luchtontvochtiger Badkamer - Luchtontvochtiger Woonkamer - Luchtontvochtiger Huis,,Merkloos,,,,"323,95",,https://www.bol.com/nl/nl/p/equivera-luchtontvochtiger-luchtontvochtiger-slaapkamer-luchtontvochtigers-dehumidifier-luchtontvochtiger-badkamer-luchtontvochtiger-woonkamer-luchtontvochtiger-huis/9300000165816556/,8,"
Bent u op zoek naar een efficiënte manier om uw leefruimte vochtvrij en comfortabel te houden? Ontdek de kracht van de Cosi Home Stille Luchtontvochtiger, uw nieuwe partner in het creëren van een fris en droog thuis! Super Stil & Energiezuinig Geniet van een rustige omgeving met de Cosi Home luchtontvochtiger. Uitgerust met een zeer efficiënte compressor, werkt deze ontvochtiger fluisterstil en is daarbij uiterst energiezuinig. De ingebouwde automatische sensor houdt de luchtvochtigheid nauwlettend in de gaten en schakelt het apparaat uit zodra uw ingestelde niveau is bereikt, waardoor u zonder zorgen kunt besparen op uw energierekening. Verwijdert 12 Liter Water Per Dag Tackle vochtproblemen met gemak! Met een royaal waterreservoir van 2,5 liter verwijdert deze krachtpatser tot wel 12 liter water uit de lucht per dag. In een handomdraai zorgt de Cosi Home ervoor dat uw ruimte sneller droger en comfortabeler aanvoelt, wat hem onderscheidt van andere luchtontvochtigers. LED Display Met 5 Instellingen Met het gebruiksvriendelijke LED-display past u eenvoudig de instellingen aan om de ideale luchtvochtigheid voor uw woning te bereiken. Kies uit 3 modi - continu, automatisch of relatief - en pas de snelheid aan met 2 standen voor optimaal comfort tussen 30-90% luchtvochtigheid. Compact & Portable Deze draagbare ontvochtiger is niet alleen krachtig, maar ook ontworpen voor uw gemak. Dankzij de 4 wielen verplaatst u het apparaat moeiteloos van kamer naar kamer, en met het slanke design past hij naadloos in elk interieur. De bijgeleverde lange slang van 1 meter maakt continue afvoer mogelijk voor onbezorgd gebruik. Perfecte Bescherming Bescherm uw huis tegen de nadelige effecten van overtollig vocht. Schimmel, raamcondensatie en vochtproblemen behoren tot het verleden met de Cosi Home Luchtontvochtiger. Door het absorberen van water uit de lucht, verbetert het apparaat niet alleen de luchtkwaliteit, maar zorgt het ook voor een gezondere ademhaling voor uw hele gezin. Specificaties:  Ultra-stille werking Energie-efficiënte compressor 12L waterverwijdering per dag 2,5L waterreservoir Gebruiksvriendelijk LED-display 5 instellingen, inclusief 3 modi en 2 snelheden Compact ontwerp met 4 wielen Inclusief 1m afvoerslang   Ideaal voor thuis of op kantoor  Adem dieper, leef beter. Kies voor een gezonder thuis met de Cosi Home Stille Luchtontvochtiger. Bestel nu en ervaar zelf de voordelen van een drogere, comfortabelere leefomgeving.
"
290,Equivera Luchtontvochtiger - Luchtontvochtiger Slaapkamer - Luchtontvochtigers - Dehumidifier - Luchtontvochtiger Badkamer - Luchtontvochtiger Woonkamer - Luchtontvochtiger Huis,,Merkloos,,,,"235,95",,https://www.bol.com/nl/nl/p/equivera-luchtontvochtiger-luchtontvochtiger-slaapkamer-luchtontvochtigers-dehumidifier-luchtontvochtiger-badkamer-luchtontvochtiger-woonkamer-luchtontvochtiger-huis/9300000165847552/,6,"
Heeft u last van hoge vochtigheidsniveaus thuis die leiden tot condens, schimmelgroei, of een klam gevoel in uw woonruimte? Maak kennis met de geavanceerde luchtontvochtiger, uw oplossing voor het handhaven van een optimaal binnenklimaat!  Geavanceerde halfgeleider condensatietechnologie Handhaaft luchtvochtigheid onder de 45% Uitgerust met 7-kleuren LED-verlichting Stille werking (onder 30 dB) Compact en draagbaar ontwerp   Voorkomt groei van schimmel en nare geurtjes  Innovatieve Ontvochtiging Onze luchtontvochtiger maakt gebruik van state-of-the-art halfgeleider condensatietechnologie die efficiënt en stil vocht uit de lucht verwijdert. Geschikt voor slaapkamers tot garages, deze unit werkt onvermoeibaar om een ideale luchtvochtigheid van onder de 45% te handhaven, waardoor uw ruimte comfortabel en gezond blijft. Sfeervolle LED-verlichting Creëer een rustgevende ambiance met de ingebouwde 7 kleuren LED-verlichting. Of u nu een romantische setting wenst of een kalmerende kleur voor ontspanning, onze luchtontvochtiger biedt zowel functionaliteit als sfeer. Stil en Snel Met twee modi om uit te kiezen, biedt onze ontvochtiger een snelle ontvochtiging zonder uw rust te verstoren. Kies de stille modus voor ongestoorde slaap of concentratie tijdens het studeren. Compact en Draagbaar De luchtontvochtiger is ontworpen met het oog op gemak en mobiliteit. Zijn compacte formaat maakt hem uiterst geschikt voor gebruik in verschillende kamers en de draagbaarheid zorgt ervoor dat u hem moeiteloos kunt meenemen, waar u ook gaat. Bescherm Uw Huis Vocht kan de vijand zijn van uw gezonde huis, leidend tot onaangename geurtjes en potentieel schadelijke schimmel. Onze luchtontvochtiger pakt deze problemen aan door overtollig vocht op te vangen, en zorgt voor een frisse en schone omgevingslucht. Specificaties: Kleur: [ Wit ] Vermogen: [Watt] Geluidsniveau: ≤ 30-40 dB Afmetingen: [Afmetingen] Capaciteit watertank: [Capaciteit] Geschikt voor ruimtes: [Aanbevolen ruimtegrootte] In de doos: 1x Luchtontvochtiger 1x Gebruikershandleiding 1x Voedingskabel Wacht niet langer en zeg vaarwel tegen vochtproblemen in uw huis. Plaats vandaag nog uw bestelling en adem de frisheid in met onze stijlvolle en efficiënte luchtontvochtiger!
"
291,TROTEC Industriële ontvochtiger DH 145 SH,,Trotec,,,,"8599,95",,https://www.bol.com/nl/nl/p/trotec-industriele-ontvochtiger-dh-145-sh/9300000075056108/,6,"
Vochtschade in de industrie kan een kostbare aangelegenheid worden. Dure installaties en machines moeten vooral ook worden beschermd tegen voch om condens- en roestvorming tegen te gaan. De DH 145 SH is zeer geschikt voor dit doel en ideaal voor toepassing in ruimten tot 4.500 m³.Onze professionele ontvochtiger biedt de optimale klimatologische omstandigheden in grotere installaties en hallen, bijvoorbeeld om te voorkomen dat kartonnen verpakkingen week worden en hun stevigheid verliezen.Bovendien beschikt deze krachtige industriële ontvochtiger, in tegenstelling tot vergelijkbare in de handel verkrijgbare apparaten, over een ingebouwde condenspomp.* Ingebouwde condenspomp* Extreem onderhouds- en service-vriendelijke constructie en aansprekend design* Stille en effectieve ontvochtiging* Optimale gewicht-prestatieverhouding* Voorkomen van schimmel en het tegengaan van corrosieschade* Lagere verwarmingskosten door geoptimaliseerde luchtvochtigheid* Bescherming tegen vochtschade van inventaris en productie-installaties* Verhinderen van condensvorming* Bescherming tegen vochtschade bij bouwmaterialen* Vermindering van storende geuren* Bescherming tegen verhoogde kiemvorming in levensmiddelen* Verbetering van de luchtkwaliteit - bescherming van de gezondheid* Verbeteren van de uitvalzekerheid van elektronische apparaten* Luchtdroging voor procesoptimalisering in de industrie* Bescherming en behoud van waardevolle goederen
"
292,Klarstein DryFy Grand Smart 70 - Luchtontvochtiger - WiFi - Compressie - 70 l/d - 60-90 m² - Wit,,Klarstein,,,,"489,99",,https://www.bol.com/nl/nl/p/klarstein-dryfy-grand-smart-70-luchtontvochtiger-wifi-compressie-70-l-d-60-90-m-wit/9300000165668658/,7,"
Je beter voelen met de juiste luchtvochtigheid: De  Klarstein DryFy Grand Smart 70 luchtontvochtiger bestrijdt vochtige lucht in een handomdraai en zorgt voor een vrije ademhaling evenals voor droge lucht na bouw- en renovatiewerkzaamheden of waterschade. Hij onttrekt tot 70 liter vocht per dag uit de lucht. Daarmee is de  Klarstein DryFy Grand Smart 70 luchtontvochtiger ideaal voor ruimtes van 60 tot 90 m². Een grote tank met 8 liter volume vangt het water op. Dankzij de wifi-interface kun je het apparaat handig via de Klarstein app bedienen en comfortabel met de 24-uurs timer programmeren. Het is gemakkelijker dan ooit om de perfecte luchtvochtigheid te bereiken. De Klarstein DryFy Grand Smart 70 luchtontvochtiger zorgt ervoor dat je de beste lucht inademt.  Eigenschappen:  Ideale luchtvochtigheid: 70 liter / 24 uur ontvochtigingsvermogen  Gaat lang mee: dankzij grote watertank van 8 liter  Veilig: met alarmfunctie en automatische uitschakeling als de tank vol is  Smart Home: wifi interface voor eenvoudige bediening via Klarstein app  Veel functies: instelbare doelvochtigheid en timer tussen 1 en 24 uur Omvang Levering:   1 x Luchtontvochtiger 1 x Waterafvoerslang Meertalige gebruikershandleiding  Afmetingen:   Afmetingen: ca. 46 x 71 x 30,5 cm (BxHxD) Lengte kabel: ca. 180 cm Gewicht: ca. 28,5 kg  Artikelnummer: 10045545
  "
293,Haleps Goods Vochtvreters voor in huis - Luchtontvochtiger Met Afstandsbediening - Luchtreinigers 2 in 1 - 1200Ml,,Haleps Goods,,,,"114,95",Op voorraad,https://www.bol.com/nl/nl/p/haleps-goods-vochtvreters-voor-in-huis-luchtontvochtiger-met-afstandsbediening-luchtreinigers-2-in-1-1200ml/9300000166667871/,13,"
Zoekt u naar een efficiënte en handige oplossing om uw binnenklimaat te verbeteren? Dan is de Haleps Goods elektrische luchtontvochtiger en luchtreiniger is de perfecte keuze voor mensen die behoefte hebben aan een betere luchtkwaliteit en een aangenamer leefklimaat. Met zijn geavanceerde functies en veelzijdigheid, zal dit apparaat zeker aan uw behoeften voldoen. Belangrijkste Kenmerken:  Krachtige Luchtontvochtiging: Deze luchtontvochtiger is in staat om tot maar liefst 600 ml vocht per dag uit de lucht te verwijderen. De maximale capaciteit van de tank is 1200 ml Hierdoor wordt overtollig vocht geëlimineerd, wat problemen zoals: schimmelvorming, condensatie en muffe geuren kan voorkomen. Luchtreinigingsfunctie: Naast ontvochtigen heeft dit apparaat ook een ingebouwde luchtreiniger. Het filtert stofdeeltjes, allergenen en andere verontreinigingen uit de lucht, waardoor de luchtkwaliteit wordt verbeterd en u kunt genieten van frisse en schone lucht in uw leefruimte. Afstandsbediening: Met de meegeleverde afstandsbediening kunt u de luchtontvochtiger en luchtreiniger eenvoudig bedienen vanaf uw favoriete zitplaats. Pas de instellingen aan, schakel tussen modi en beheer de ventilatorsnelheid zonder op te staan. Externe Afvoerpijp: Voor extra gemak biedt dit apparaat de mogelijkheid om te worden gebruikt met een externe afvoerpijp. Hierdoor kunt u het condenswater direct afvoeren naar een afvoersysteem, wat handig is voor langdurig gebruik zonder regelmatig leegmaken van het waterreservoir. Geschikt voor Verschillende Ruimtes: Of het nu in uw woonkamer, slaapkamer, kelder, keuken of badkamer is, deze luchtontvochtiger en luchtreiniger past naadloos in verschillende ruimtes en is geschikt voor gebruik in woningen, kantoren, en meer. Energiezuinig en Stil: Het apparaat is ontworpen met energie-efficiëntie in gedachten en werkt stil, zodat u kunt genieten van een comfortabel en vredig binnenklimaat zonder veel energiekosten of lawaai. Nachtmodus: De nachtmodus van onze luchtontvochtiger creëert een rustige en ontspannen omgeving terwijl u slaapt. Met het uitschakelen van het displaylicht blijft uw slaapkamer donker, waardoor uw nachtrust niet wordt verstoord. De nachtmodus biedt ook continu 24-uurs werking, zodat het apparaat onopvallend en effectief blijft, zelfs terwijl u rust. Bovendien zorgt een lagere windsnelheid voor een subtielere luchtstroom, waardoor u kunt genieten van een stille en vredige slaapomgeving zonder concessies te doen aan de prestaties van de luchtontvochtiger. Ervaar een ongestoorde nachtrust terwijl de luchtontvochtiger in de nachtmodus zijn werk doet voor een frisse en comfortabele atmosfeer.    Kortom, onze elektrische luchtontvochtiger en luchtreiniger biedt een uitstekende oplossing voor mensen die last hebben van vochtproblemen en een betere luchtkwaliteit willen. Verbeter uw leefomgeving, adem gemakkelijker en geniet van een comfortabeler en gezonder huis met dit handige apparaat. Bestel de uwe vandaag nog en maak een positieve verandering in uw leefomgeving.
"
294,TROTEC Adsorptiedroger TTR 250,,Trotec,,,,"2319,95",,https://www.bol.com/nl/nl/p/trotec-adsorptiedroger-ttr-250/9300000074849275/,6,"
Tot de standaarduitrusting van deze aansluitklare adsorptieluchtontvochtiger behoort, behalve een geïntegreerde warmteterugwinning, ook een zelfregelende elektrische regeneratieluchtverwarming van thermistor-elementen (PTC), waarbij het opgenomen vermogen wordt aangepast aan de luchtinlaattemperatuur en het regeneratieluchtvolume.
Het voordeel van deze oplossing is aan de ene kant de optimale aanpassing van de capaciteit en aan de andere kant is hierdoor oververhitting onmogelijk, zodat geen veiligheidsthermostaten nodig zijn.Proceslucht* Luchthoeveelheid: 250 m³/h* Ext. drukverhoging: 100 Pa* Ontvochtiging: 1,1 kg/hRegeneratielucht* Luchthoeveelheid: 50 m³/h* Ext. drukverhoging: 100 PaElektrische aansluiting* Totaal: 1,3 kW* Verwarming: 1,1 kW* Motor: 0,2 kW* Voorzekering: 16 AWerkbereik* Luchtvochtigheid max.: 100 % r.v.* Temperatuur: -20 °C tot +35 °CLet op de op de foto afgebeelde luchtslang en de hygrostaat worden niet meegeleverd!
"
295,Lucht Ontvochtiger - Auto Ontvochtiger - Indicator -  Universeel - Herbruikbaar - 30 x 25 x 5 CM - Zwart,,Vintag,,"1,0",1,"19,99",Op voorraad,https://www.bol.com/nl/nl/p/lucht-ontvochtiger-auto-ontvochtiger-indicator-universeel-herbruikbaar-30-x-25-x-5-cm-zwart/9300000123736931/,2,"
    De perfecte oplossing voor beslagen ruiten en andere vochtproblemen in jouw auto,camper of boot. Deze auto-ontvochtiger trekt het vocht als een magneet uit de lucht en houdt het veilig vast. Neemt tot wel 40% van zijn gewicht in vocht op. Lekt niet en laat geen vlekken achter die schade kunnen veroorzaken aan het interieur van uw auto. Te plaatsen in het voetenruimte, het dashboard, onder de stoelen, in het opbergvaak in de deur etc. Herlaadbaar in de magnetron, 6 minuten op 600W en daarna steeds weer opnieuw te gebruiken.VOORDELEN Herbruikbaar Compact Verzekerd een veilige en droge reis Multifunctioneel Milieuvriendelijk Fraai en onopvallend designMet het Zomerseizoen achter de rug benadert regen ons sneller dan je denkt. Wees voorbereid en koop de Vintag Luchtontvochtiger nu!
"
296,TROTEC Luchtontvochtiger TTK 95 E & CO2-luchtkwaliteitsmonitor BZ25,,Trotec,,,,"334,95",,https://www.bol.com/nl/nl/p/trotec-luchtontvochtiger-ttk-95-e-co2-luchtkwaliteitsmonitor-bz25/9200000093574273/,8,"
TROTEC Luchtontvochtiger TTK 95 E & CO2-luchtkwaliteitsmonitor BZ25 TROTEC Luchtontvochtiger TTK 95 E Vakkundige droogmethode voor grote kantoor- en woonruimtes Hij houdt ruimten tot 90 m² vakkundig en betrouwbaar droog en condenseert hierbij dagelijks maximaal 30 liter vocht uit lucht. Hierbij werkt de hygrostaatgeregelde ontvochtigingsautomaat nauw samen met de streefwaardevoorkeuze tussen 30 en 90 % r.v. in stappen van 5 %. zodra de gewenste vochtigheidswaarde is bereikt, schakelt de automaat de compressor, om energie te besparen, uit – en weer in, als de vochtigheidswaarde weer wordt overschreden. Bij dit proces draait de ventilator overigens gewoon door en blijft ook de weergave op het digitale display actief. Zo is bijvoorbeeld op elk moment de actuele status van de relatieve luchtvochtigheid af te lezen. De timerfunctie, een wasdroogfunctie, een waarschuwingslampje bij vol waterreservoir, evenals de overloopbeveiliging met automatische uitschakeling maken de comfortuitrusting van de TTK 95 E compleet. Bovendien maakt het geïntegreerde, uitwasbare luchtfilter extra luchtreiniging mogelijk door het filteren van stof of dierenhaar en maakt de aansluiting voor een externe condensafvoer een langdurig onbeheerd gebruik mogelijk. Dankzij wieltjes en de praktische, inklapbare handgreep is de TTK 95 E ook zeer geschikt voor het wisselen van de gebruikslocatie. Optimale luchtcirculatie in de ruimte dankzij de swingfunctie De krachtige Luchtonvochtiger TTK 95 E levert een luchthoeveelheid van 185 m³ per uur. De luchtcirculatie kan via twee ventilatorsnelheden, de swingfunctie en de instelbare uitblaasrichting optimaal worden aangepast aan elk type ruimte. De gelijkmatig draaiende luchtklep opent en sluit in een hoek van 90 ° en zorgt er zo voor dat de ontvochtigde lucht gelijkmatig in de ruimte wordt verspreid. Veilig was drogen met behulp van een luchtontvochtiger Behalve voor het ontvochtigen van de lucht in een ruimte kan een luchtontvochtiger ook eenvoudig worden ingezet voor het drogen van was - ter ondersteuning of compleet ter vervanging van een gebruikelijke wasdroger. De wasdroog-functie (ook wel textieldroog-modus of superdry-functie genoemd) is vergelijkbaar met het traditioneel drogen van de was in de buitenlucht. Luchtontvochtigers hebben als voordeel dat de was net als in de buitenlucht op een veilige manier wordt gedroogd. Kleuren blijven behouden en de kleding blijft langer mooi dan bij het gebruik van wasdrogers en daarbij wordt ook nog eens minder energie verbruikt. Bovendien kunnen wol, zijde of fijne synthetische stoffen zonder problemen gedroogd worden. In tegenstelling tot het drogen van de was buiten blijft de was zachter en voelt prettiger aan op de huid. Was kan ook gedroogd worden met luchtontvochtigers zonder wasdroog-functie. De luchtvochtigheidswaarde moet dan als volgt worden ingesteld: Kastdroog: 46 % relatieve luchtvochtigheid Strijkdroog: 58 % relatieve luchtvochtigheid Licht gedroogd: 65 % relatieve luchtvochtigheid Propaan (R290) als milieuvriendelijk koudemiddel in luchtonvochtigers Jaarlijks worden door het gebruik van synthetische koudemiddelen miljoenen tonnen milieu-onvriendelijk C02 (broeikasgassen) uitgestoten. Daarom is het gebruik van alternatieve koelmiddelen voor ons het voornaamste doel. Doordat er bij deze luchtontvochtiger gebruik wordt gemaakt van propaan (R290) als koudemiddel wordt er een waardevolle bijdrage geleverd aan de bescherming van het milieu. Het natuurlijke koudemiddel propaan (R290) is een organische verbinding en behoort tot de koolwaterstoffen. In tegenstelling tot synthetische koudemiddelen zorgt het milieuvriendelijke propaan (R290) noch voor aantasting van de ozonlaag (ODP = 0) noch voor een toename van het broeikas-effect (GWP = 3). Nog een extra voordeel voor het milieu: dankzij de voortreffelijke thermodynamische eigenschappen is propaan (R290) een zeer energie-efficiënt koudemiddel waardoor aanzienlijk wordt bespaard op de kosten voor elektriciteit. Voordelen in de praktijk: * Hygrostaatgeregelde ontvochtigingsautomaat met streefwaardevoorkeuze tussen 30 en 90 % r.v. in stappen van 5 % * Zodra de gewenste luchtvochtigheid is bereikt, schakelt de compressor vanzelf weer uit. De ventilator draait door. De weergave blijft aan. Bij overschrijding wordt het apparaat automatisch weer geactiveerd. * Waarschuwingslampje bij vol waterreservoir * Overloopbeveiliging met automatische uitschakeling * Circulatie-ontdooiautomaat * Aansluiting voor externe condensafvoer * Goed afleesbaar display met verlichting * Weergave van de relatieve luchtvochtigheid * Wasdroogfunctie * Timerfunctie * 2 ventilatiestanden * Swingfunctie voor gelijkmatige verspreiding van de lucht * Snoeropwikkeling =============================================================== TROTEC CO2-luchtkwaliteitsmonitor BZ25 Als tafelplaten hoofden aantrekken als magneten, als er aan het gapen geen einde komt en geconcentreerd werken niet mogelijk schijnt te zijn, is CO2 hier meestal schuldig aan: het leidt tot vermoeidheid en concentratieverlies. Concentratie-killer CO2 ontmaskeren: Ideaal voor kantoor, scholen, peuterspeelzalen... Met de CO2-luchtkwaliteitsmonitor BZ25 is dat geen probleem: Hij meet om de 2 seconden het CO2-gehalte in de ruimtelucht. Een indicator bij het oriënteren - is deze waarde al kritisch? Dan betekent dit: Ramen open en ventileren! Dat wordt op kantoor en op school nog wel eens vergeten. De BZ25 helpt bij het denken hieraan. Het kleine apparaat kan overigens nog meer: Hij meet ook de ruimtetemperatuur en relatieve luchtvochtigheid en geeft deze waarden tegelijk met de CO2-waarde aan op het goed afleesbare display. Optimaal voor: * Bewaking van de luchtkwaliteit in binnenruimten (hoge CO2-concentraties leiden tot vermoeidheid, concentratieverlies, prestatieverlies; Oudere mensen en kinderen kunnen schade aan de gezondheid oplopen) * Productielocaties, werkplekken - ARBO * Scholen, peuterspeelzalen, woonruimten Technische details: Kooldioxide * CO2-sensor: NDIR-sensor (niet dispersief infrarood) * Meetbereik: 0 tot 9.999 ppm CO2 * Resolutie (nauwkeurigheid) CO2: 1 ppm (±75 ppm of ±5 % van meetwaarde) Temperatuur * Meetbereik: -5 °C tot +50 °C * Resolutie (nauwkeurigheid): 0,1 °C (±0,5 °C) Relatieve luchtvochtigheid * Meetbereik: 0,1 % r.v. tot 99,9 % r.v. * Resolutie: 0,1 % r.v. (max. ±3 % r.v.) Overige gegevens: * Meetinterval: 2 seconden * Functies: Weergave van realtime, maximale en minimale waarde van CO2, temperatuur en luchtvochtigheid; Weergave van datum, tijd en CO2-indicator; CO2-alarmfunctie; Temperatuurweergave in °C en °F; Display met achtergrondverlichting * Voedingsbron: 230 V-netdeel * Afmetingen / gewicht: 110 x 105 x 61 mm / 74 g * Leveromvang: Meetapparaat, netdeel, bedieningshandleiding   Let op: specificaties kunnen zonder opgave van redenen in het belang van een lopende productverbetering door de fabrikant worden gewijzigd. Aan de afbeeldingen van producten en eventueel getoonde specificaties of keurmerken kunnen geen rechten worden ontleend
"
297,Lucht Ontvochtiger - Ontvochtiger Huis - Ontvochtiger en Luchtreiniger - Ontvochtiger Badkamer,,Merkloos,,,,"139,40",,https://www.bol.com/nl/nl/p/lucht-ontvochtiger-ontvochtiger-huis-ontvochtiger-en-luchtreiniger-ontvochtiger-badkamer/9300000160135506/,6,"
Ontmoet onze krachtige en veelzijdige luchtontvochtiger - jouw oplossing voor een comfortabelere leefomgeving! Onze luchtontvochtiger maakt gebruik van geavanceerde halfgeleider-condensatietechnologie om effectief vocht uit de lucht te verwijderen, waardoor de luchtvochtigheid wordt gehouden onder de ideale 45%. Of je nu in de slaapkamer, keuken, badkamer, kledingkast, caravan of andere ruimtes bent, onze ontvochtiger kan het allemaal aan . Onze luchtontvochtiger maakt gebruik van slimme technologie waardoor hij bijna geruisloos werkt, zodat je kunt slapen, studeren of ontspannen zonder gestoord te worden. Kies voor de snelle modus (30-40 dB) voor effectieve ontvochtiging, of schakel over naar de stille modus (minder dan 30 dB) om ongestoord te slapen of studeren. Naast het wegwerken van vochtproblemen, helpt de Auronic Luchtontvochtiger ook om schimmels, bacteriën en allergenen te verminderen. De ingebouwde filter houdt de lucht en het water schoon, zonder vervelende geurtjes achter te laten. Maar dat is niet alles! Onze ontvochtiger voegt een vleugje elegantie toe aan je ruimte met zijn 7-kleuren LED-verlichting. Creëer een ontspannen en romantische sfeer terwijl je de luchtvochtigheid in je huis regelt. Pas de kleuren naar wens aan voor de perfecte ambiance. Onze ontvochtiger is compact en draagbaar, waardoor hij ideaal is voor verschillende ruimtes zoals keuken, badkamer, slaapkamer, kelder en garage. Je kunt hem moeiteloos verplaatsen en overal gebruiken waar je maar wilt.  
"
298,TROTEC Luchtontvochtiger TTK 165 ECO,,Trotec,,,,"589,95",,https://www.bol.com/nl/nl/p/trotec-luchtontvochtiger-ttk-165-eco/9200000085207495/,9,"
    De TTK 165 ECO beschikt over een ontvochtigingscapaciteit van maximaal 52 liter per dag, bij een uitgestoten luchthoeveelheid van 350m³/h. Alle TTK-ECO-luchtontvochtigers beschikken over een massieve staalconstructie, die geen probleem hebben met de barre omstandigheden op bouwplaatsen.Met behulp van de greep-beugelstang en de grote transportwielen overwindt de TTK 165 ECO ook moeilijk terrein of traptredes.Het onderhoud van de ontvochtiger is voor de gebruiker geen groter probleem, want de uitwasbare luchtfilter is makkelijk te bereiken en snel te reinigen.Op de achterkant van de TTK 165 ECO bevindt zich een handige voorrichting voor het veilig bevestigen van de stroomkabel.Voordelen in de praktijk van de luchtontvochtiger TTK 165 ECO in een overzicht:    Aansluiting van de afvoerslang voor een continue-ontvochtiging    Makkelijk toegankelijke luchtfilter    Heel mobiel door transportwielen en greep-beugelstang    Bijzonder economische oplossing voor typische ontvochtigingen binnen het zakelijke bereik    Hoge ontvochtigingscapaciteit ook bij lage temperaturen    Robuuste staalconstructie    Dankzij rolkolvencompressor in elke positie te transporteren en te bewarenHier enkele technische details van de TTK 165 ECO in een overzicht:    Ontvochtigingscapaciteit max./ 24h: 52 liter    Geschikt voor ruimtes tot: 90M²/230M³    Werkbereik temperatuur: 5° - 32°C    Werkbereik vochtigheid: 30 tot 90% r.v.    Luchthoeveelheid max.: 350 m³/h    Dauwautomaat: heetgas    Aansluitspanning: 230V (50Hz)    Capaciteitsopname max.: 0,9 kW    Waterreservoir: 6,6 liter    Geluidsniveau dB (A) (Afstand 1 m): 56    Lengte: 495 mm    Breedte: 455 mm    Hoogte: 900 mm    Gewicht: 31 kg
  "
299,Eeese Emil 12L Luchtontvochtiger,,Eeese,,,,"209,-",,https://www.bol.com/nl/nl/p/eeese-emil-12l-luchtontvochtiger/9300000074367529/,7,"
Als het om het geluidsniveau gaat, onderscheidt de Eeese Emil 12L Luchtontvochtiger zich. Met een geluidsniveau van slechts 36 dB(A) en het stijlvolle ontwerp past Emil 12L perfect in de kleinere woonruimte, de bijkeuken, een hal en de verwarmde kelder.
Wifi - bedien de ontvochtiger via de telefoon of Google Assistant. Deze ontvochtiger is uitgerust met WiFi waardoor u het apparaat via de mobiele telefoon kunt bedienen. Hij is slim, flexibel en innovatief. De ontvochtiger is ook compatibel met Google Assistant.

Tot 50 m², Max. 12 ltr/dag
Wifi, te bedienen met smartphone en tablet: Compatibel met Google Assistant
Mogelijkheid voor permanente afvoer
Extreem stille werking
Wasdroogmodus voor natte kleding
Eenvoudige vochtigheidsinstelling

"
300,Luchtontvochtiger 3 Liter - Ontvochtigd 1000ml Per Dag - Geschikt voor Babykamer & Slaapkamer - 3L - Huis & Kantoor - LED - Wit,,Golden Goods,,"3,0",4,"86,95",Op voorraad,https://www.bol.com/nl/nl/p/luchtontvochtiger-3-liter-ontvochtigd-1000ml-per-dag-geschikt-voor-babykamer-slaapkamer-huis-kantoor-led-wit/9300000145547385/,10,"
Voorkom vochtplekken, bacteriën en schimmels in huis en gebruik de krachtige luchtontvochtiger / luchtreiniger van GoldenGoods. Per dag filter je maar liefst 1000 ml vocht uit de lucht! Dankzij een extra groot waterreservoir van 3 liter hoef je hem maar eens in de drie dagen te legen. Deze luchtontvochtiger schakelt automatisch uit voordat hij vol zit en het rode licht knippert in de watertank. Voor het beste resultaat plaats je de ontvochtiger in ruimtes tot 30 m2 met een temperatuur tussen de 20ºC en 40ºC.   Hoge capaciteit De GoldenGoods ontvochtiger haalt minimaal 1Liter water uit de lucht per dag, zodat je in no-time een schone en pure lucht in huis hebt. Het apparaat is geschikt voor gebruik bij een oppervlakte tot 30 m2 en werkt dan ook perfect in bijna elke omgeving.   3 Liter ontvochtigen In tegenstelling tot andere ontvochtigers heeft dit waterreservoir een capaciteit van 3 Liter. Hierdoor hoeft hij maar één keer in de drie dagen geleegd te worden. Is het apparaat vol? Geen probleem hij schakelt zichzelf automatisch uit. De indicator in de watertank geeft door middel van een rode verlichting aan dat hij vol is en geleegd kan worden.   Let op: Voor het beste resultaat dient de temperatuur van de ruimte 20 graden of hoger te zijn.   360° Airflow en Was-droog functie Deze lucht ontvochtiger beschikt over 360° Airflow, dit betekent dat de ruimte volledig ontvochtigd wordt door luchtcirculatie. De vochtige lucht wordt via filters aan de achterkant aangezogen en uitgeblazen aan de zijkanten. De schone en pure lucht zal hierdoor de was sneller drogen.   Eenvoudig te bedienen Plug & Play is het principe van de GoldenGoods ontvochtiger. Nadat de stekker in het stopcontact is gedaan druk je eenvoudig op de knop en gaat deze krachtige machine direct aan het werk voor je.   Multifunctioneel Door het stijlvolle ontwerp komt deze luchtontvochtiger in elke ruimte tot zijn recht. In de woonkamer en in de keuken, in de badkamer en op kantoor. Ondanks zijn krachtige motor is hij eenvoudig te verplaatsen door de handige handgrepen en het lichte gewicht.       Muisstil Door de stille modus van <40dB is hij ideaal voor de babykamer en de slaapkamer. Tijdens de nacht werkt hij dan gewoon door. Hierdoor is de GoldenGoods luchtontvochtiger ook geschikt voor kantoor.   Verpakkingsinhoud: 1x Luchtontvochtiger 1x Handleiding   Specificaties: • Merk: GoldenGoods • Model: YP2118 • Capaciteit: 3 Liter per sessie • Materiaal: ABS • Ruimte: Tot 30 m2 • Beste temperatuur: 20°-40°C • Ontvochtigen: 1 Liter per Dag • Waterniveau-indicator: Ja • Kleur: Wit • Garantie: 1 Jaar •Geluid: 45dB max. Stil <40dB • Capaciteit waterreservoir: 3 liter • Afmeting: 200 x 145 x 364 mm • Methode: Condensatie ontvochtiging • Gewicht: 2,79 kg • Veiligheid: Automatische uitschakeling watertank • Led-Verlichting: Keuze uit 7 kleuren • Effectiviteit: 360° Airflow • Vermogen: 60W • Voltage: 220V • Overig: De was droogt sneller   Conclusie: de Golden Goods Luchtontvochtiger is uw ultieme oplossing voor een gezonder en comfortabeler binnenklimaat. Met een indrukwekkende CADR-waarde van 210 en geavanceerde functies zoals automatische uitschakeling en een extra grote tank, biedt dit apparaat een ongeëvenaarde efficiëntie in het verwijderen van vocht, schimmel en verwerpelijke bacteriën. Maak de verstandige keuze vandaag nog en investeer in de Golden Goods Luchtontvochtiger voor een optimaal klimaat in huis. Zoek niet verder voor luchtkwaliteitsverbetering en luchtvochtigheidsbeheersing; u hebt uw oplossing al gevonden.
"
301,"1000 ML - Luchtontvochtiger - Automatische Uitschakeling - Ledlampje - Mini-Luchtontvochtiger voor Schimmel en Vocht Verwijderen in de Keuken, Slaapkamer, Badkamer, Garage - Ontvochtiger Kelder",,Merkloos,,,,"119,95",,https://www.bol.com/nl/nl/p/pro-breeze-1000-ml-luchtontvochtiger-automatische-uitschakeling-ledlampje-mini-luchtontvochtiger-voor-schimmel-en-vocht-verwijderen-in-de-keuken-slaapkamer-badkamer-garage-ontvochtiger-kelder/9300000160549439/,8,"
Ben je het zat om je zorgen te maken over vochtproblemen in je huis? De Pro Breeze Mini Luchtontvochtiger is hier om je te helpen! Dankzij zijn compacte formaat en krachtige prestaties is dit de ideale oplossing om vocht te bestrijden en de luchtkwaliteit in jouw huis te verbeteren. Krachtige Luchtontvochtiging: Deze mini luchtontvochtiger is klein van formaat maar groots in prestaties. Hij verwijdert effectief vocht uit de lucht en helpt bij het voorkomen van schimmel, geurtjes en allergenen. Zo zorg je voor een gezondere en comfortabelere leefomgeving. Compact en Draagbaar: Met zijn slanke ontwerp past deze luchtontvochtiger gemakkelijk in kleine ruimtes zoals slaapkamers, badkamers, kasten en zelfs in je auto of caravan. Neem hem mee waar je hem nodig hebt en geniet overal van droge lucht. Automatische Uitschakeling: De ingebouwde automatische uitschakeling schakelt de luchtontvochtiger uit wanneer het waterreservoir vol is, waardoor je je geen zorgen hoeft te maken over overlopen. Het reservoir is eenvoudig te legen, zodat de luchtontvochtiger snel weer aan het werk kan. Stil en Efficiënt: De Pro Breeze Mini Luchtontvochtiger werkt fluisterstil, zodat je kunt genieten van een rustige en vredige omgeving terwijl hij zijn werk doet. Het is perfect voor gebruik in slaapkamers en studeerkamers.    Verban vochtige lucht uit je huis met de premium Pro Breeze luchtontvochtiger. Het compacte formaat van 1000 ML is perfect voor elke ruimte in huis. Met het handige ledlampje zie je in één oogopslag wanneer de ontvochtiger vol is. Geniet van een frisse en gezonde leefomgeving dankzij de efficiënte werking. Bespaar energie dankzij de automatische uitschakelfunctie wanneer de tank vol is. Verminder allergieën en schimmelproblemen met deze krachtige ontvochtiger. Profiteer van de stille werking en slaapcomfort, zelfs tijdens het gebruik 's nachts. Geen gedoe met filters vervangen, de Pro Breeze luchtontvochtiger is onderhoudsvriendelijk.    Bestel Nu: Verbeter de luchtkwaliteit in je huis en zeg gedag tegen vochtproblemen met de Pro Breeze Mini Luchtontvochtiger. Klik nu op de bestelknop en zorg voor een comfortabeler en gezonder leefklimaat in jouw huis. Bestel nu en adem opgelucht!   Veelgestelde vragen over de Luchtontvochtiger van Pro Breeze op bol.com Hoe werkt de luchtontvochtiger van Pro Breeze?De luchtontvochtiger van Pro Breeze werkt door middel van een efficiënt en energiezuinig Peltier-koelingssysteem. Dit systeem vermindert de luchtvochtigheid in de ruimte door waterdamp uit de lucht te condenseren. Is de luchtontvochtiger van Pro Breeze makkelijk te gebruiken?Ja, absoluut! De luchtontvochtiger is heel eenvoudig te gebruiken. Plaats hem gewoon in de ruimte waar je de lucht wilt ontvochtigen en zet hem aan. Je kunt zelfs de gewenste luchtvochtigheid instellen en de timerfunctie gebruiken om hem automatisch uit te schakelen. Voor wie is de luchtontvochtiger van Pro Breeze geschikt?Deze luchtontvochtiger is geschikt voor iedereen die te maken heeft met een te hoge luchtvochtigheid in huis. Het is ideaal voor mensen met vochtige kelders, schimmelproblemen, allergieën of astma, maar ook gewoon voor mensen die een aangename en gezonde leefomgeving willen creëren. Kan ik de luchtontvochtiger van Pro Breeze ook 's nachts gebruiken?Ja, dat kan zeker! De luchtontvochtiger produceert weinig geluid, dus je kunt hem gerust in je slaapkamer gebruiken terwijl je slaapt. Bovendien is er een stille modus beschikbaar, waardoor het geluidsniveau nog verder wordt verminderd. Heeft de luchtontvochtiger van Pro Breeze een groot bereik?Ja, de luchtontvochtiger van Pro Breeze heeft een bereik van maximaal 20 vierkante meter. Dit maakt het perfect voor gebruik in kleine tot middelgrote kamers, zoals slaapkamers, woonkamers, kantoren, badkamers en keukens.
"
302,ShopbijStef - Ontvochtiger - Vocht Absorber - Huishoudelijke - Mute - Afstandsbediening,,ShopbijStef,,,,"126,95",,https://www.bol.com/nl/nl/p/shopbijstef-ontvochtiger-vocht-absorber-huishoudelijke-mute-afstandsbediening/9300000171155026/,9,"
ShopbijStef Ontvochtiger: Creëer een Comfortabel en Gezond Binnenklimaat Zeg Vaarwel tegen Vochtige Lucht in Huis Op zoek naar een oplossing voor vochtige lucht in huis? De ShopbijStef Ontvochtiger is precies wat je nodig hebt! Met zijn stille en huishoudelijke design past hij perfect in elke slaapkamer of kelder. De handige afstandsbediening en timing functie maken het gebruik nog gemakkelijker. Verminder vochtige lucht in een handomdraai met deze betrouwbare vocht absorber van ShopbijStef. Stijlvolle Specificaties  Bereik werktemperatuur: 5-32 graden Ventilatorsnelheid: 1e versnelling Afmetingen (L x B x H): 245 x 137 x 375mm Dekgebied: 0-30 vierkante voet Capaciteit: 1.5 liter per 24 uur Toepassing: geschikt voor ruimtes met een temperatuur van 21-30 graden Dehumidificatie volume: minder dan 1.1 liter per uur Capaciteit waterreservoir: 1.1-2.5 liter Functie: voorzien van LED-display Type: koelende ontvochtiger Voltage: 220V Vermogen: 90W Oorsprong: origineel uit Frankrijk Ontvochtigingstechnologie: thermo-elektrische koeling Power: 90W Ontvochtigingscapaciteit: 0.06 liter per uur Waterreservoir capaciteit: 2.2 liter Toepassingsgebied: geschikt voor ruimtes tot 30 vierkante voet Spanning: 220V-240V  Uitblinkende Kenmerken (USP's) ShopbijStef Ontvochtiger - Verminder vochtige lucht in huis en geniet van een comfortabel en gezond binnenklimaat Met de ShopbijStef Ontvochtiger kunt u eenvoudig teveel vochtige lucht in uw huis verminderen. Dit zorgt niet alleen voor een comfortabeler binnenklimaat, maar helpt ook bij het voorkomen van schimmelvorming en allergieën. Met de meegeleverde afstandsbediening kunt u de ontvochtiger gemakkelijk vanuit uw luie stoel bedienen. Vocht Absorber - Krachtige capaciteit om vocht op te nemen en luchtkwaliteit te verbeteren De ShopbijStef Ontvochtiger heeft een capaciteit van 1.5 liter per dag, waarmee het moeiteloos vocht uit de lucht kan verwijderen. Het thermoelectric cooling systeem zorgt voor maximale efficiëntie en minimaliseert geluidsoverlast. Dit maakt het ideaal voor gebruik in slaapkamers, kelders en andere ruimtes waar vochtproblemen voorkomen. Huishoudelijke Mute - fluisterstille werking voor ongestoorde nachtrust en rustige werkomgeving De ShopbijStef Ontvochtiger is ontworpen met een mute-functie die zorgt voor een fluisterstille werking. Dit betekent dat u kunt genieten van een ongestoorde nachtrust en een rustige werkomgeving, zonder gestoord te worden door lawaai van de ontvochtiger. De compacte afmetingen en het stijlvolle design maken het ook een mooie aanvulling op elk interieur. Voordelen  Met de ShopbijStef Ontvochtiger creëer je de perfecte luchtvochtigheid in huis. Vergeet een vochtige slaapkamer dankzij de Vocht Absorber van ShopbijStef. De ShopbijStef Ontvochtiger is perfect voor huishoudelijk gebruik. Geniet van een stille nachtrust met de Mute functie van de Ontvochtiger. Bedien de Ontvochtiger gemakkelijk met de bijgeleverde afstandsbediening. Dankzij de handige timing functie kun je de Ontvochtiger precies instellen zoals jij wilt. Sluit de Ontvochtiger aan op een externe waterleiding voor nog meer gemak. Investeer in de ShopbijStef Ontvochtiger en zeg vaarwel tegen vochtproblemen in je kelder.  FAQ   Hoe groot is het bereik van de ShopbijStef Ontvochtiger?  De ShopbijStef Ontvochtiger heeft een dekgebied van 0-30 vierkante voet.    Wat is de capaciteit van de waterreservoir van de ShopbijStef Ontvochtiger?  De ShopbijStef Ontvochtiger heeft een capaciteit van 1.1-2.5 liter.    Welke ventilatorsnelheid heeft de ShopbijStef Ontvochtiger?  De ShopbijStef Ontvochtiger heeft één ventilatorsnelheid in de eerste versnelling.    Welke technologie wordt gebruikt in de ShopbijStef Ontvochtiger?  De ShopbijStef Ontvochtiger maakt gebruik van de Thermoelectric Cooling technologie.    Is de ShopbijStef Ontvochtiger voorzien van een LED-display?  Ja, de ShopbijStef Ontvochtiger is voorzien van een LED-display waarop je de instellingen en het huidige vochtigheidsniveau kunt aflezen.   
"
303,Eeese Emma 20L Wifi - Luchtontvochtiger,,Eeese,,,,"289,-",,https://www.bol.com/nl/nl/p/eeese-emma-20l-wifi-luchtontvochtiger/9300000157161274/,6,"
Eeese Emma 20L Wifi - Luchtontvochtiger Emma is een elegante en compacte luchtontvochtiger met veel functies die overtollig vocht in ruimtes tot 100 m2 effectief vermindert. Emma is erg stil voor een luchtontvochtiger van dit formaat. Emma heeft ingebouwde Wi-Fi, waardoor het eenvoudig en flexibel is om de luchtvochtigheid volledig te regelen via een app. Met de extra aanschaf van een HEPA-filter kan Emma worden geüpgraded naar een 2-in-1 hybride model, dat de mogelijkheid biedt om effectieve ontvochtiging te combineren met luchtzuivering in HEPA-kwaliteit. Ook is het mogelijk om Emma als losse luchtontvochtiger of luchtreiniger te gebruiken. Emma's praktische kledingdroogfunctie droogt kleding extra snel.   Productbeschrijving: Eeese Emma 20L Wifi - Luchtontvochtiger Emma's bijzondere talenten  Optie voor 2-in-1 luchtontvochtiger en luchtreiniger Wi-Fi - Compatibel met Tuya en Google Assistent HEPA-filter als optie Laag geluidsniveau Laag energieverbruik Wasmodus - Efficiënt en beter voor het milieu Aan/Uit Ingebouwde ionisator (optioneel) Automatische stop bij volle watertank 24-uurs timer (uit)  Optie voor 2-in-1 luchtontvochtiger en luchtreiniger Maak optimaal gebruik van uw luchtontvochtiger, met de mogelijkheid om effectieve ontvochtiging te combineren met luchtzuivering in HEPA-kwaliteit. Met de extra aankoop van een HEPA-filter kan Emma worden geüpgraded naar een 2-in-1 hybride model. Emma kan dus zowel de luchtvochtigheid verlagen als de lucht zuiveren van stofdeeltjes, pollen en andere allergenen. HEPA filter Met een HEPA-filter voeg je de mogelijkheid toe om de luchtkwaliteit in de ruimte te verbeteren. Een HEPA-filter helpt tegen ophoping van stof, pollen en andere allergenen en vermindert allergische reacties. Daarnaast verwijdert het filter schimmelsporen, bacteriën en virussen uit de lucht. Wifi - bedien de luchtontvochtiger via de telefoon of Google Assistant Emma is uitgerust met Wi-Fi, waardoor je het apparaat kunt bedienen en de volledige luchtvochtigheid kunt regelen via een app op je mobiele telefoon, waar je ook bent. Het is slim, flexibel en innovatief! De app van de machine is compatibel met TUYA en Google Assistant. Een zeer laag geluidsniveau en stroomverbruik Emma is een stille luchtontvochtiger die kan werken tot een geluidsniveau van slechts 40 dB(A), wat stil is voor een luchtontvochtiger van dit formaat. Daarnaast heeft Emma een laag stroomverbruik van slechts 250W en met Emma's praktische timerfunctie stel je eenvoudig in wanneer de luchtontvochtiger zichzelf moet uitschakelen, waardoor je stroom bespaart. Kledingdroogfunctie – efficiënt, beter voor het milieu en goedkoper in elektriciteit In veel huishoudens kan het nodig zijn om de wasdroger te gebruiken om de kleding van het gezin snel droog te krijgen. Emma kan deze taak ook gemakkelijk oplossen. De luchtontvochtiger heeft een slimme ingebouwde droogfunctie voor kleding die eenvoudig te bedienen is via het functionele display. Met slechts één klik wordt de zeer praktische kledingdroogfunctie gestart, die de kleding extra snel droogt. Omdat het stroomverbruik slechts 250W is, is Emma een veel goedkoper en beter alternatief voor een wasdroger. Ingebouwde ionisator Emma's ingebouwde ionisator (optioneel) creëert negatieve ionen die zich binden aan positief geladen moleculen zoals stof, bacteriën, pollen, rook en andere allergenen. Deze moleculen binden zich aan elkaar en worden grotere moleculen die niet in de lucht kunnen zweven en daardoor als stofdeeltjes op de grond vallen. Ze kunnen dan gemakkelijk worden opgeveegd of gestofzuigd. Eenvoudige instelling van de luchtvochtigheid Emma is voorzien van een slim led-display met softkey waarmee je eenvoudig de gewenste luchtvochtigheid instelt. Emma stopt dan vanzelf als het vochtgehalte is bereikt en start automatisch weer als het vochtgehalte wordt overschreden. De temperatuur en luchtvochtigheid in de ruimte zijn erg belangrijk in relatie tot het aantal liters vocht dat per dag kan worden verwerkt. Makkelijk te gebruiken Met slechts 12,2 kg is Emma gemakkelijk te verplaatsen - afhankelijk van de ruimte waarin je hem moet gebruiken. De luchtontvochtiger is voorzien van een praktische handgreep die mooi is geïntegreerd in het design. Bovendien kan Emma gemakkelijk worden verplaatst met de meegeleverde 360 graden wielen. Mogelijkheid tot continu legen - Automatische stop Een luchtontvochtiger heeft een ingebouwde watertank om het water uit het vocht in de lucht op te vangen. Met de aansluiting van een losse afvoerslang heeft u de mogelijkheid om het water direct in de afvoer te laten lopen, in plaats van de watertank te moeten legen. Hierdoor kan de luchtontvochtiger continu draaien, wat vooral in kelders of tuinhuizen een goede oplossing is. Kies je ervoor om geen afvoerslang aan te sluiten, dan heeft Emma een automatische uitschakelfunctie met een vol-tank indicator, die de luchtontvochtiger automatisch uitschakelt als de tank vol is. Emma is uitgerust met een watertank die tot 4,2 liter kan bevatten. Emma – een kwaliteitsproduct van eeese luchtverzorging Emma maakt deel uit van de populaire serie luchtontvochtigers van eeese air care. Alle luchtontvochtigers in deze serie zijn gemaakt op basis van het doel van de perfecte synergie tussen gedegen kennis van het Europese klimaat en milieu, stijlvol
"
304,Luchtontvochtiger slaapkamer - Luchtontvochtiger en luchtreiniger - Vochtvreter elektrisch - 1.2L,,Merkloos,,,,"172,95",,https://www.bol.com/nl/nl/p/luchtontvochtiger-slaapkamer-luchtontvochtiger-en-luchtreiniger-vochtvreter-elektrisch-1-2l/9300000166901175/,6,"
  Effectieve Ontvochtiging: onze ontvochtiger maakt gebruik van halfgeleidercondensatietechnologie en is geschikt voor gebruik in slaapkamers, keukens, badkamers, kasten, caravans en andere ruimtes. Het houdt de luchtvochtigheid onder de 45% en zorgt voor een effectieve Ontvochtiging.   7 kleuren LED-Licht: onze ontvochtiger heeft 7 kleuren LED-verlichting, die zorgen voor een ontspannen en romantische sfeer. De kleuren kunnen ook stevig worden ingesteld. Zo kunt u een aangename omgeving creëren terwijl u de luchtvochtigheid in uw huis regelt.   Stille en snelle Ontvochtiging: onze ontvochtiger heeft twee werkmodi, snelle modus (30-40 dB) en stille modus (minder dan 30 dB). De snelle modus is effectief in het verminderen van de luchtvochtigheid en de stille modus stoort u niet tijdens het slapen of studeren.   Compact en draagbaar: onze ontvochtiger is compact en draagbaar, perfect voor gebruik in verschillende gebieden zoals keuken, badkamer, slaapkamer, kelder en garage. U kunt het ook gemakkelijk vervoeren en op verschillende plaatsen gebruiken.   Preventie van schimmel en vochtigheid: als de luchtvochtigheid meer dan 50% is, kunnen onaangename geuren en schimmels optreden. Onze luchtontvochtiger start automatisch bij een luchtvochtigheid van meer dan 45% om vocht op te vangen en frisse lucht af te geven, zodat u kunt genieten van een gezonde en comfortabele omgeving.  
"
305,Luchtontvochtiger slaapkamer - Luchtontvochtiger en luchtreiniger - Vochtvreter elektrisch - 1L,,Merkloos,,,,"190,95",,https://www.bol.com/nl/nl/p/luchtontvochtiger-slaapkamer-luchtontvochtiger-en-luchtreiniger-vochtvreter-elektrisch-1l/9300000166875802/,4,"
  Vochtverwijdering: innovatieve ontvochtigingstechnologie verwijdert overtollig vocht met één druk op de knop. De elegante, compacte elektrische luchtontvochtiger is de oplossing voor ongewenste geuren en vocht. Onze huishoudelijke ontvochtiger heeft een reservoir van 1000 ml en absorbeert 250 ml water per dag. Met veel doordachte functies, zoals drie ontvochtigingsniveaus, is overmatige luchtvochtigheid verleden tijd.   Stijlvol DESIGN: onze Elektrische luchtontvochtiger heeft een minimalistische uitstraling en past daarom in elke leefomgeving. In tegenstelling tot de omvangrijke apparaten van de concurrentie is de ontvochtiger compact en modern. De muurbeugel maakt ruimtebesparende installatie mogelijk. De functionele LED-verlichting in het reservoir licht blauw op bij normaal gebruik. Rood licht geeft aan dat het reservoir vol is. De VIDA kan ook ' s nachts aan blijven staan.   Automatische schakelaar & drie Ontvochtigingswijzen: onze ontvochtiger is elektrisch en heeft 3 werkende wijzen: Turbo voor hoge ontvochtigingsintensiteit in bijzonder vochtige ruimten. Daarnaast is de normale modus voor dagelijks gebruik. En de nachtmodus, waarin de VIDA nog werkt, maar de verlichting is gedimd. De Vida 2S verbruikt weinig elektriciteit en werkt zeer stil.   Instructies voor gebruik: onze ruimteontvochtiger is perfect voor kleine, afgesloten ruimtes en ruimtes tot een oppervlakte van 30 m2. Instructies voor gebruik: onze ruimteontvochtiger is perfect voor kleine, afgesloten ruimtes en ruimtes tot een oppervlakte van 30 m2. Plaats de luchtdroger in wasruimtes, badkamers, zolders, kelders, caravans en bijna elke andere afgesloten ruimte. De vida 2 wordt geleverd met een optionele slang die in een afvoer, gootsteen of uit het raam kan worden opgehangen.   250 ML absorptie PER dag: onze Elektrische ontvochtiger verwijdert tot 250 ml water per dag uit de lucht om een frisse en droge omgeving te garanderen. Voor bijzonder vochtige gebieden en plaatsen die niet regelmatig worden gebruikt, bijvoorbeeld vakantiehuizen, raden we aan de meegeleverde slang te gebruiken en het apparaat continu te legen. -   
"
306,Luchtontvochtiger - Luchtontvochtiger Slaapkamer - Luchtontvochtigers - Dehumidifier - Luchtontvochtiger Badkamer - Luchtontvochtiger Woonkamer - Luchtontvochtiger Huis,,Merkloos,,,,"171,95",,https://www.bol.com/nl/nl/p/equivera-luchtontvochtiger-luchtontvochtiger-slaapkamer-luchtontvochtigers-dehumidifier-luchtontvochtiger-badkamer-luchtontvochtiger-woonkamer-luchtontvochtiger-huis/9300000165831775/,8,"
Zoek je naar een manier om je leefomgeving comfortabeler te maken, vrij van overtollig vocht en de ongemakken die dat met zich mee kan brengen? Maak kennis met de vernieuwde, krachtige luchtontvochtiger met geavanceerde Peltier-technologie, exclusief beschikbaar bij Bol.com. Of je nu strijdt tegen vocht in de badkamer, keuken of elke andere kamer in je huis, deze slimme ontvochtiger is ontworpen om jou een frisser en droger huis te geven.  Geavanceerde dubbele halfgeleidertechnologie Drie werkingsmodi voor persoonlijke aanpassing Timerfunctie en automatische uitschakeling voor gemak Grote, afneembare watertank van 2,3 liter   Hogere geluidsniveaus in bepaalde modi  Dubbele Ontvochtigingseffect Met onze innovatieve dubbele Peltier halfgeleidertechnologie biedt deze ontvochtiger een dubbele slag tegen vocht. Waar traditionele modellen tekortschieten, verdubbelt dit model zijn effectiviteit, zodat je huis sneller en efficiënter droog wordt. Intelligente Ontdooifunctie Maak je geen zorgen over gebruik in koudere omstandigheden. Onze ontvochtiger detecteert en smelt automatisch ijsvorming op het halfgeleideroppervlak, waarna hij onmiddellijk hervat met ontvochtigen. Aanpasbare Modusselectie Kies uit de krachtige STRONG MODE, de stille SLAAPMODUS voor ongestoorde nachten, of de AUTOMATISCHE MODUS die zorgt voor een constante, ideale luchtvochtigheid zonder overmatig werk. Slimme Timer en Veiligheid Met onze handige timerfunctie kun je de werktijd van je ontvochtiger vooraf instellen, en dankzij de automatische uitschakelfunctie hoef je je geen zorgen te maken over wateroverlast of energieverspilling. Ruim Waterreservoir Dankzij de ruime watertank van 2,3 liter en de dagelijkse capaciteit van 800 ml (27 oz), hoef je niet constant het reservoir te legen, wat je tijd en moeite bespaart. Geluidsbeheersing Hoewel de efficiënte ontvochtiging in de STRONG en AUTO-modi met een hoger geluidsniveau komt, biedt de SLAAPMODUS een rustige werking, zodat je in vrede kunt ontspannen of slapen. Met de uitgebreide ervaring van Bol.com in huishoudelijke apparatuur, kun je erop vertrouwen dat dit product aan de hoogste eisen voldoet. Geniet van een gezonder, comfortabeler huis met deze gebruiksvriendelijke luchtontvochtiger. Productspecificaties: Merk: Exclusief bij Bol.com Capaciteit Watertank: 2,3 liter Ontvochtigingscapaciteit: 800 ml/dag Geluidsniveau: Variabel Afmetingen: [ 30.5 x 15.3 x 22.3 cm ] Kleur: [ Wit ] Inclusief: 1x Luchtontvochtiger, 1x Handleiding Maak nu de stap naar een aangenamer huis en bestel jouw luchtontvochtiger vandaag nog bij Bol.com!
"
307,Equivera Luchtontvochtiger - Luchtontvochtiger Slaapkamer - Luchtontvochtigers - Dehumidifier - Luchtontvochtiger Badkamer - Luchtontvochtiger Woonkamer - Luchtontvochtiger Huis,,Merkloos,,,,"164,95",,https://www.bol.com/nl/nl/p/equivera-luchtontvochtiger-luchtontvochtiger-slaapkamer-luchtontvochtigers-dehumidifier-luchtontvochtiger-badkamer-luchtontvochtiger-woonkamer-luchtontvochtiger-huis/9300000165876078/,4,"
Heb je last van vocht in je huis, kantoor of waar je ook bent? Het kan nu verleden tijd zijn met deze krachtige en stille ontvochtiger. Of het nu gaat om het beschermen van je gezondheid, het behouden van je bezittingen of gewoon om comfort, deze ontvochtiger is ontworpen om je ruimte tot 25 m² droog en fris te houden, zonder enige overlast. Maximale Efficiëntie: Met een ontvochtigingsvermogen tot 750ml per dag, biedt deze ontvochtiger een krachtige aanpak tegen vochtproblemen. Hij vermindert niet alleen de vochtigheid in de lucht aanzienlijk, maar zorgt ook voor een gezondere omgeving door het verminderen van schimmel en mijten. Groot en Transparant Reservoir: Dit toestel is voorzien van een ruim, verwijderbaar en transparant 2-liter reservoir, waardoor je gemakkelijk kunt zien wanneer het tijd is om het te legen, zonder onnodige controles. Dit maximaliseert je comfort en minimaliseert het onderhoud. Ultra Stil: Zijn geruisloze werking maakt deze ontvochtiger ideaal voor gebruik in elke omgeving, zelfs als baby's rustig moeten slapen. Je hoeft je geen zorgen te maken over storende geluiden die je nachtrust of werk verstoren. Ideaal voor Elke Ruimte: Perfect voor ruimtes tot 25 m², zoals kantoren, woonkamers en eetkamers. Met een verwijderbaar en wasbaar filter behoud je moeiteloos de ontvochtigingscapaciteit en kwaliteit van het toestel. Slimme Automatische Uitschakeling: Dankzij de automatische uitschakelfunctie bij een vol reservoir, voorkom je overstromingen en verminder je tegelijkertijd het energieverbruik. Dit slimme systeem zorgt ervoor dat je apparaat alleen werkt wanneer het nodig is. Stijlvol Ontwerp: Een strak en gestroomlijnd ontwerp met vloeiende lijnen en subtiele verlichting zorgt ervoor dat deze ontvochtiger in elke kamer opvalt. Het lage gewicht en handige handvat maken het dragen een fluitje van een cent. Transformeer je vochtige omgeving in een droge, comfortabele ruimte met deze essentiële ontvochtiger. Bestel nu en adem weer opgelucht! Productspecificaties:  Ontvochtigingsvermogen: Tot 750ml/dag Capaciteit reservoir: 2 liter Geschikt voor ruimtes: Tot 25 m² Geluidsniveau: Zeer stil Filter: Verwijderbaar en wasbaar Veiligheid: Automatische uitschakeling Ontwerp: Strak en gestroomlijnd met handvat Extra's: Energiezuinig, Lichtgewicht  In de doos:  1x Efficiënte Ontvochtiger 1x Handleiding  Zorg voor een drogere en gezondere omgeving, vandaag nog met deze stille en krachtige ontvochtiger.
"
308,PINGI XTREME - 3X speed 35M3,,Pingi ®,,,,"23,-",,https://www.bol.com/nl/nl/p/pingi-xtreme-3x-speed-35m3/9200000009909192/,2,"
    Pingi heeft de traditionele luchtontvochtiger opnieuw uitgevonden, het resultaat: de  Pingi Xtreme.  Bij  Pingi Xtreme draait alles om performance! Zijn aparte design  gecombineerd  met een krachtige ventilator dragen zorg voor de toename van de  ontvochtigings snelheid met een factor 3 ten opzichte van de traditionele producten  verkrijgbaar in de markt.                         „Onze Pingi Xtreme werkt tot 3 x sneller t.o.v. de traditionele producten“    De Pingi Xtreme maakt gebruik van Premium kristallen om het vocht uit de omgeving te  onttrekken.
  "
309,Luchtontvochtiger Slaapkamer - Luchtontvochtiger en Luchtreiniger - Vochtvreter Elektrisch - 1.2L,,Merkloos,,,,"159,99",,https://www.bol.com/nl/nl/p/luchtontvochtiger-slaapkamer-luchtontvochtiger-en-luchtreiniger-vochtvreter-elektrisch-1-2l/9300000171993077/,6,"
Ben je het zat om 's nachts wakker te worden in een vochtige slaapkamer? Zoek niet verder! Onze luchtontvochtiger slaapkamer is de oplossing die je nodig hebt. Het werkt niet alleen als een luchtontvochtiger, maar ook als luchtreiniger. Deze elektrische vochtvreter kan maar liefst 1.2L vocht absorberen en zorgt ervoor dat je kunt genieten van een frisse en gezonde slaapomgeving. Zeg vaarwel tegen vochtige nachten en hallo tegen comfort!  Geschikt voor gebruik in de slaapkamer Werkt zowel als luchtontvochtiger als luchtreiniger Verwijdert vocht uit de lucht voor een gezonder binnenklimaat Inhoud van de watertank is 1.2 liter Eenvoudig te bedienen met gebruiksvriendelijke knoppen Stil in gebruik, zodat je ongestoord kunt slapen Compact formaat, neemt weinig ruimte in beslag Met modern en stijlvol design  Efficiënt en krachtig: Luchtontvochtiger slaapkamer Deze luchtontvochtiger is speciaal ontworpen voor gebruik in de slaapkamer. Met zijn krachtige werking verwijdert hij moeiteloos vocht uit de lucht, waardoor jij kunt genieten van een frisse en droge slaapomgeving. Dubbele functie: Luchtontvochtiger en luchtreiniger Naast het ontvochtigen van de lucht, heeft deze luchtontvochtiger ook een ingebouwde luchtreiniger. Hierdoor worden niet alleen vochtproblemen aangepakt, maar ook allergenen, stof en nare geuren effectief verwijderd. Zo adem je altijd schone en gezonde lucht in je slaapkamer. Krachtig en compact: Vochtvreter elektrisch - 1.2L Ondanks zijn krachtige werking is deze vochtvreter elektrisch toch compact van formaat. Met een inhoud van 1.2 liter is hij perfect voor gebruik in kleinere ruimtes, zoals de slaapkamer. Zo kun je hem gemakkelijk plaatsen en discreet genieten van de voordelen van een droge en schone lucht.
"
310,"Ontvochtiger Cecotec BigDry 9000 Professional Connected 4,5 L",,Cecotec,,,,"179,-",,https://www.bol.com/nl/nl/p/cecotec-bigdry-9000-professional-connected-380-w-365-mm-340-mm-570-mm-15-kg/9300000095377346/,6,"
    Als je op zoek bent naar huishoudelijke apparaten tegen de beste prijzen, mis dan de Ontvochtiger Cecotec BigDry 9000 Professional Connected 4,5 L niet, samen met een uitgebreide selectie van kleine huishoudelijke apparaten!   Eigenschappen: LED-scherm Vermogen:  250 m3/h 4,5 L  Bereik: 90 m² Kleur: Wit Gewicht: 14 Kg 
"
311,Equivera Luchtontvochtiger - Luchtontvochtiger Slaapkamer - Luchtontvochtigers - Dehumidifier - Luchtontvochtiger Badkamer - Luchtontvochtiger Woonkamer - Luchtontvochtiger Huis,,Merkloos,,,,"748,95",,https://www.bol.com/nl/nl/p/equivera-luchtontvochtiger-luchtontvochtiger-slaapkamer-luchtontvochtigers-dehumidifier-luchtontvochtiger-badkamer-luchtontvochtiger-woonkamer-luchtontvochtiger-huis/9300000165877206/,5,"
Zeg vaarwel tegen vochtproblemen in uw huis met de De'Longhi AriaDry Light DNS 65. Dit krachtige apparaat is uw nieuwe bondgenoot in het creëren van een gezonder en comfortabeler woonklimaat, geschikt voor ruimtes tot wel 80 vierkante meter. Of het nu de badkamer is na een hete douche of de wasruimte om uw kleding sneller te laten drogen, de AriaDry Light staat voor u klaar.  Efficiënte ontvochtiging tot 6 liter per dag Ionisator voor schone lucht en antibacterieel filter Speciale wasfunctie voor sneller drogen van kleding Gemakkelijk te verplaatsen met inklapbare handgreep Softtouch LCD-bedieningspaneel voor temperatuur en vochtcontrole  Fluisterstil Comfort Met een geluidsniveau van slechts 34 decibel, is deze luchtontvochtiger zo stil dat u hem zelfs in de slaapkamer kunt gebruiken zonder uw nachtrust te verstoren. Geniet van ononderbroken comfort dag en nacht. Veilig en Slim Dankzij het innovatieve ""Tank Control System"" is het apparaat uiterst veilig in gebruik, ook wanneer u niet thuis bent. Het systeem zorgt ervoor dat het apparaat automatisch stopt zodra het waterreservoir vol is. Adem Gezond De ingebouwde ionisator en het antibacteriële filter werken samen om niet alleen vocht te verwijderen, maar ook om uw leefomgeving te verrijken met schone, zuivere lucht, vrij van bacteriën en allergenen. Intuïtieve Bediening Het LCD-bedieningspaneel met softtouchknoppen maakt het beheren van de kamertemperatuur en de vochtigheidsgraad eenvoudiger dan ooit. Stel het apparaat in naar uw voorkeur en laat de AriaDry Light voor de rest zorgen. Productspecificaties: Merk: De'Longhi Model: AriaDry Light DNS 65 Capaciteit waterreservoir: [Voeg capaciteit toe] Geluidsniveau: 34 dB Ontvochtigingscapaciteit: 6 liter/24 uur Geschikt voor ruimtes: Tot 80 m² Extra functies: Ionisator, antibacterieel filter, wasfunctie Bediening: LCD-paneel met softtouchknoppen Handgreep: Inklapbaar voor gemakkelijk verplaatsen In de doos: 1x De'Longhi AriaDry Light DNS 65 Luchtontvochtiger 1x Gebruiksaanwijzing Bevrijd uw huis van overtollig vocht en adem een nieuwe frisheid in met de De'Longhi AriaDry Light DNS 65. Een gezonde lucht en een droog huis liggen binnen handbereik!
"
312,Luchtontvochtiger slaapkamer - Luchtontvochtiger en luchtreiniger - Vochtvreter elektrisch - 0.5L,,Merkloos,,,,"127,95",,https://www.bol.com/nl/nl/p/luchtontvochtiger-slaapkamer-luchtontvochtiger-en-luchtreiniger-vochtvreter-elektrisch-0-5l/9300000166873231/,4,"
  SMART: met de luchtontvochtiger kunt u overtollig vocht nu nog beter uit de lucht verwijderen. Het filtert tot 220 ml water per dag uit de lucht en verzamelt het in zijn 0,5 liter opvangbak.   Economisch: door het gebruik van een Peltier-element is de Shetland 600 uiterst zuinig, het apparaat verbruikt slechts 22 watt. Twee LED ' s geven duidelijk aan of het apparaat werkt en of de watertank moet worden geleegd.   SENSOR: het apparaat werkt totdat een sensor detecteert dat het waterreservoir vol is, waarna het automatisch wordt uitgeschakeld. Zodra de put is geleegd - bijvoorbeeld als irrigatiewater voor kamerplanten - gaat deze weer in bedrijf.   Prestaties: Gebruik de luchtontvochtiger om het klimaat in kleine, moeilijk te ventileren ruimtes effectief te verbeteren. Het verwijdert ongewenste waterdamp en helpt schimmelvlekken en condensatie te voorkomen.   Ontwerp: het beproefde, schone en elegante ontwerp luchtontvochtiger past zonder tegenspraak met zijn compacte afmetingen van ca. 15 x 21,5 x 12 cm (bxhxd) en een gewicht van ca. 1800 g in elke woon-en werkomgeving.-   
"
313,"Vochtvreter voor in Huis met Oceaan Geur - Inclusief Vochtmagneet Vulling - Vochtvanger voor Binnen - voor Badkamer, Woonkamer of Slaapkamer",,Family Pound,,,,"18,95",Op voorraad,https://www.bol.com/nl/nl/p/vochtvreter-voor-in-huis-met-oceaan-geur-inclusief-vochtmagneet-vulling-vochtvanger-voor-binnen-voor-badkamer-woonkamer-of-slaapkamer/9300000166304463/,2,"
 Luchtontvochtiger voor verlaging van de luchtvochtigheid. De korrels in het apparaat voorkomen condensatie van vocht en schimmelvorming en zorgen zo voor een hygiënische omgeving in huis.   Uitstekende, snelle efficiëntieHoog vochtabsorberend vermogenCompacte maatOceaan geur   Capaciteit: 500 ml / 250 gGeur: OceaangeurAfmeting: 150 x 85 x 105 mm 
"
314,VivaAir Kleine Huishoudelijke Luchtontvochtiger - Stille Vochtbestendige Droger - In Slaapkamer Kelder Kantoor - Wit,,VivaAir,,,,"74,95",,https://www.bol.com/nl/nl/p/vivaair-kleine-huishoudelijke-luchtontvochtiger-stille-vochtbestendige-droger-in-slaapkamer-kelder-kantoor-wit/9300000171521059/,7,"
VivaAir Kleine Huishoudelijke Luchtontvochtiger - Oplossing voor Vochtproblemen Kamp je met vochtige ruimtes in je slaapkamer, kelder of kantoor? Maak je geen zorgen meer! De VivaAir Kleine Huishoudelijke Luchtontvochtiger is hier om je te redden. Met zijn stille, vochtbestendige droogtechnologie biedt dit witte apparaat een oplossing voor al je vochtproblemen. Adem eindelijk gemakkelijk in een droge en aangename ruimte. Belangrijkste Kenmerken:  Geschikt voor gebruik in de slaapkamer, kelder en kantoor. Helpt bij het verminderen van vocht in de lucht. Werkt stil en zal je nachtrust niet verstoren. Bestand tegen vochtigheid, zodat je het in vochtige ruimtes kunt plaatsen. Heeft een stijlvolle witte kleur. Gemaakt door het merk VivaAir, een betrouwbaar merk in de huishoudelijke apparaten. Een compact formaat, waardoor het gemakkelijk te plaatsen en te verplaatsen is. Eenvoudig te gebruiken en te onderhouden.  Voordelen in een Oogopslag:  Eenvoudig en effectief: Verbeter de luchtkwaliteit in je huis met de VivaAir luchtontvochtiger! Hoog rendement: Zeg vaarwel tegen vochtige ruimtes en schimmel met deze stille vochtbestendige droger. Stil en compact: De compacte grootte maakt het perfect voor gebruik in de slaapkamer, kelder of kantoor. Gezondere leefomgeving: Geniet van een gezondere leefomgeving dankzij de efficiënte vochtverwijdering. Geen zorgen over overtollig vocht: Met de VivaAir luchtontvochtiger hoef je je nooit zorgen te maken over overtollig vocht. Bescherming tegen schade: Bescherm je meubels, kleding en waardevolle spullen tegen schade veroorzaakt door vocht. Stijlvol design: Het elegante witte design past moeiteloos bij elk interieur. Betrouwbaarheid van VivaAir: Profiteer van de betrouwbaarheid en kwaliteit van het merk VivaAir bij je aankoop.  Veelgestelde Vragen: Vraag 1: Wat zijn de belangrijkste kenmerken van de VivaAir Kleine Huishoudelijke Luchtontvochtiger? Antwoord: De VivaAir Kleine Huishoudelijke Luchtontvochtiger is een stille en vochtbestendige droger die ideaal is voor gebruik in slaapkamers, kelders en kantoren. Het product is wit van kleur en komt van het merk VivaAir. Het heeft een compact formaat en is gemakkelijk te verplaatsen naar waar je het het meest nodig hebt. Vraag 2: Hoe werkt de VivaAir Kleine Huishoudelijke Luchtontvochtiger? Antwoord: De luchtontvochtiger zuigt vochtige lucht in, condenseert het vocht en verzamelt het in een waterreservoir. Het vocht wordt uit de lucht verwijderd, waardoor de luchtvochtigheid in de ruimte wordt verminderd. Dit helpt bij het voorkomen van schimmel, muffe geur en condensatieproblemen. Vraag 3: Hoe stil is de VivaAir Kleine Huishoudelijke Luchtontvochtiger? Antwoord: De VivaAir luchtontvochtiger is ontworpen om stil te werken, zodat je niet wordt gestoord tijdens je slaap, werk of andere activiteiten. Het geluidsniveau varieert tussen de 30-45 decibel, vergelijkbaar met een rustig kantoor of een fluisterende stem. Vraag 4: Hoe groot is het bereik van de VivaAir Kleine Huishoudelijke Luchtontvochtiger? Antwoord: De luchtontvochtiger is geschikt voor ruimtes tot ongeveer 15 vierkante meter. Het is ideaal voor gebruik in kleine kamers zoals slaapkamers, kelders of kantoren. Voor grotere ruimtes wordt aanbevolen om meerdere luchtontvochtigers te gebruiken voor een efficiënte werking. Vraag 5: Hoe vaak moet het waterreservoir worden geleegd? Antwoord: Het waterreservoir heeft een capaciteit van 500 ml en moet regelmatig worden geleegd, afhankelijk van de luchtvochtigheid in de ruimte en de intensiteit van het gebruik. Gemiddeld kan het reservoir om de 1-2 dagen geleegd worden, maar dit kan variëren. Er is een indicator op de luchtontvochtiger die aangeeft wanneer het reservoir vol is.
"
315,"VBZ Luchtontvochtiger Badkamer - Draagbare Lucht Ontvochtiger Slaapkamer – Luchtreiniger met Stille Werking – Wit - 14,6 x 14,6 x 22,7 cm",,VBZ,,,,"139,95",,https://www.bol.com/nl/nl/p/vb-luchtontvochtiger-badkamer-draagbare-lucht-ontvochtiger-slaapkamer-luchtreiniger-met-stille-werking-wit-14-6-x-14-6-x-22-7-cm/9300000165962419/,7,"
Deze Luchtontvochtiger is de perfecte oplossing om vochtproblemen in je huis aan te pakken. Met zijn geavanceerde technologie en stijlvolle ontwerp biedt deze luchtontvochtiger een comfortabele en gezonde leefomgeving.   Efficiëntie en prestaties: Deze Luchtontvochtiger is uitgerust met geavanceerde ontvochtigingstechnologie die snel en efficiënt overtollig vocht uit de lucht verwijdert. Of je nu te maken hebt met vochtige kelders, schimmelproblemen, of condensatie op ramen, deze luchtontvochtiger levert indrukwekkende prestaties om je huis droog en comfortabel te houden.   Stil en energiezuinig: Deze Luchtontvochtiger is ontworpen met jouw comfort in gedachten. Dankzij zijn ultrasone technologie werkt hij fluisterstil, wat betekent dat je hem kunt gebruiken in slaapkamers, kantoren, of andere rustige ruimtes zonder dat het storend is. Bovendien is deze luchtontvochtiger energiezuinig en helpt hij je energierekening laag te houden terwijl hij effectief vocht verwijdert.   Compact en stijlvol ontwerp: Het moderne en compacte ontwerp van deze Luchtontvochtiger maakt hem geschikt voor elke ruimte in je huis. Het past moeiteloos in kleine hoeken en is voorzien van een elegant displaypaneel en touchbediening voor eenvoudige instellingen. Het is ook draagbaar, zodat je het gemakkelijk van de ene kamer naar de andere kunt verplaatsen.   Productspecificaties: · Kleur: Wit · Afmeting: 14,6 x 14,6 x 22,7 cm · Gewicht: 1 KG · Capaciteit: 600ML · Dekkingsgebied: 10-20 vierkante meter · Werk capaciteit: 300 ml/d   Comfortabeler leefomgeving: Het verminderen van vochtigheid in huis zorgt voor een comfortabelere leefomgeving. Het voorkomt dat je kleren klam aanvoelen, elimineert condens op ramen en voorkomt onaangename geuren die vaak geassocieerd worden met vochtige omstandigheden.   Energie-efficiëntie: Deze Luchtontvochtiger is energiezuinig, wat betekent dat je de luchtkwaliteit kunt verbeteren zonder je zorgen te hoeven maken over hoge energiekosten.   Stil en gemakkelijk in gebruik: Deze luchtontvochtiger werkt fluisterstil en heeft een gebruiksvriendelijk bedieningspaneel, waardoor hij in elke ruimte van je huis kan worden geplaatst zonder overlast te veroorzaken.   Modern ontwerp: Het stijlvolle en compacte ontwerp van deze Luchtontvochtiger past goed in elke interieurstijl en neemt weinig ruimte in beslag.   Kortom, deze Luchtontvochtiger biedt een krachtige en discrete oplossing voor vochtproblemen in huis. Geniet van een comfortabele en gezonde leefomgeving met deze betrouwbare luchtontvochtiger. Bestel de jouwe vandaag en adem gemakkelijk!
"
316,Nueva Vida - Ontvochtiger 2in1 - Luchtreiniger - Inhoud 1L - Led Sfeerverlichting - Verbeterde Luchtkwaliteit - Slaapkamer/Huiskamer - Compact - Wit,,Merkloos,,,,"76,95",,https://www.bol.com/nl/nl/p/nueva-vida-ontvochtiger-2in1-luchtreiniger-inhoud-1l-led-sfeerverlichting-verbeterde-luchtkwaliteit-slaapkamer-huiskamer-compact-wit/9300000172096180/,8,"
Creëer een Frisse Atmosfeer met de Nueva Vida 2-in-1 Ontvochtiger en Luchtreiniger Duik in een wereld van zuivere lucht en rust met de Nueva Vida 2-in-1 Ontvochtiger en Luchtreiniger. Deze compacte, witte eenheid is de perfecte metgezel voor jouw slaapkamer of huiskamer, en biedt niet alleen een verbeterde luchtkwaliteit maar ook een vleugje sfeer met de ingebouwde led-sfeerverlichting. Een Adem van Frisheid: Laat de Nueva Vida 2-in-1 Ontvochtiger en Luchtreiniger een frisse bries brengen in jouw leefruimte. Deze stijlvolle eenheid is ontworpen om overtollig vocht te verminderen en de lucht te zuiveren, waardoor je kunt genieten van een gezondere ademhaling. Kenmerken en Voordelen:   Dubbele Functionaliteit: Ontvochtig en reinig de lucht in jouw slaapkamer of huiskamer voor een optimaal binnenklimaat.   Led Sfeerverlichting: Creëer een rustgevende ambiance met de instelbare led-sfeerverlichting. Pas de kleur aan op jouw stemming en geniet van een ontspannen sfeer.   Compact en Efficiënt: Met een royale inhoud van 1 liter is deze ontvochtiger/luchtreiniger compact genoeg om discreet elke ruimte aan te vullen.  Energiezuinig: Met een verbruik van 36W is hij ook zeer energiezuinig. Je kunt de luchtontvochtiger dus zonder zorgen 24/7 aan laten staan!  Technische Details:  Inhoud: 1 liter Kleur: Wit Led-sfeerverlichting met instelbare kleuren Geluidsniveau: <35 dB  Inbegrepen Accessoires:  Nueva Vida ontvochtiger Stroomkabel voor gemakkelijke aansluiting Handleiding voor een moeiteloze installatie    Verhoog het comfort en de gezondheid van jouw leefruimte met de Nueva Vida 2-in-1 Ontvochtiger en Luchtreiniger. Bestel nu en ervaar de voordelen van een verbeterde luchtkwaliteit en sfeervolle verlichting. Investeer in jouw welzijn en bestel de Nueva Vida 2-in-1 Ontvochtiger en Luchtreiniger vandaag nog!
"
317,"Kleyn - Kleine luchtontvochtiger - 1000 ML - voor Thuis, Slaapkamer, Badkamer - Mini Draagbare Luchtontvochtiger met Automatische Uitschakeling - 7 Kleuren Nachtlampjes - Ultra Stil voor Camper en Auto",,Merkloos,,,,"119,95",,https://www.bol.com/nl/nl/p/kleyn-kleine-luchtontvochtiger-1000-ml-voor-thuis-slaapkamer-badkamer-mini-draagbare-luchtontvochtiger-met-automatische-uitschakeling-7-kleuren-nachtlampjes-ultra-stil-voor-camper-en-auto/9300000160552265/,7,"
Optimaliseer de Luchtvochtigheid in Jouw Hele Huis met de Krachtige Luchtontvochtiger Is een vochtige omgeving in je huis een constante bron van ongemak? De Luchtontvochtiger biedt de perfecte oplossing om vochtproblemen in je hele huis aan te pakken. Dit compacte apparaat is ontworpen om de luchtvochtigheid te reguleren, zowel in de slaapkamer als in andere kamers, en zorgt voor een comfortabele en gezonde leefomgeving. Belangrijkste Kenmerken:   Efficiënte Luchtontvochtiging: Deze luchtontvochtiger is krachtig genoeg om snel overtollig vocht uit de lucht te verwijderen, waardoor je huis droger en comfortabeler wordt.   Automatische Uitschakeling: Met de ingebouwde vochtsensor schakelt de ontvochtiger automatisch uit wanneer de gewenste luchtvochtigheid is bereikt, waardoor energie wordt bespaard en je geen zorgen hoeft te maken over overmatig drogen van de lucht.   Sfeervolle Nachtlampjes: De luchtontvochtiger is uitgerust met sfeervolle nachtlampjes die een zachte gloed in je kamers verspreiden. Dit zorgt voor een rustgevende sfeer en maakt het een perfecte aanvulling op elke ruimte.   Compact en Stil: Met zijn compacte formaat past deze ontvochtiger gemakkelijk in elke kamer. Bovendien werkt hij fluisterstil, zodat hij je dagelijkse activiteiten niet verstoort.   Eenvoudig in Gebruik: De bediening van de ontvochtiger is eenvoudig met één knop. Vul het waterreservoir, zet hem aan en laat hem zijn werk doen.   Verbeter de Kwaliteit van Je Leefomgeving: Bestel Nu! Laat vochtige lucht geen spelbreker zijn voor je comfort in huis. Bestel nu de Luchtontvochtiger en geniet van een gezondere en meer comfortabele leefomgeving in je hele huis. Klik op de knop ""Bestel Nu"" en zorg ervoor dat vochtproblemen verleden tijd worden!
"
318,Black+Decker BXDH20E -Luchtontvochtiger,,BLACK+DECKER,,,,"€379,00",,https://www.bol.com/nl/nl/p/black-decker-bxdh20e-luchtontvochtiger/9300000045273808/,6,"
    De 2-in-1 luchtontvochtiger en luchtreiniger BXDH20E van BLACK+DECKER is het ideale hulpmiddel bij het zorgen voor schone en gezonde lucht in huis. De luchtreiniger filtert verontreinigde deeltjes, zoals pollen, stof, virussen, bacteriën, haar en huidschilfers, uit de lucht. De luchtontvochtiger voorkomt een te hoge luchtvochtigheid, waardoor schimmels kunnen ontstaan die negatieve gevolgen kunnen hebben voor de gezondheid. Denk hierbij aan het verergeren van astma- en reumaklachten of het doen ontstaan van allergieën. 
GEZONDE LUCHTDankzij het nylon en HEPA13 filter, worden 99,97% van de deeltjes tegengehouden. Dit zorgt voor een gezondere lucht in je woning. Hij is perfect voor ruimtes tot ongeveer 20m2. Hij produceert maximaal 43 dB, wat hem geschikt maakt voor de slaapkamer.
VOORKOM VOCHTIGHEID IN HUISJe kunt zelf instellen hoe hoog je de luchtvochtigheid in je huis wilt door hem in te stellen op een niveau tussen de 30% en 80%. Bovendien heeft het apparaat een kledingdroogfunctie, zodat je natte wasgoed sneller droogt en geen nare luchtjes veroorzaakt. De maximale ontvochtigingscapaciteit is 20 liter per 24 uur. 
BIJKOMENDE VOORDELENHet grote opvangreservoir heeft een inhoud van 4 liter en heeft een raampje, zodat je het waterpeil kunt controleren. Vanwege de grote capaciteit van de tank hoeft hij minder vaak geleegd te worden. Er wordt ook een afwateringsslang meegeleverd, voor een continue afvoer in de gootsteen. Programmeer de timer van de zuiverende luchtontvochtiger, van 1 tot 24 uur, zodat hij aan- en uitgaat, wanneer jij dat wilt. Bovendien heeft hij kinderslotfunctie waarmee alle knoppen op het bedieningspaneel worden geblokkeerd. De BXDH20E maakt gebruik van R290-koelgas dat een beperkte impact op het milieu. De HEPA filters zijn verwijderbaar en vervangbaar.Om het verplaatsen van het apparaat gemakkelijker te maken, heeft de luchtontvochtiger een handvat en vier wielen.
  "
319,Luchtontvochtiger slaapkamer - Luchtontvochtiger en luchtreiniger - Vochtvreter elektrisch - 0.8L,,Merkloos,,,,"140,95",,https://www.bol.com/nl/nl/p/luchtontvochtiger-slaapkamer-luchtontvochtiger-en-luchtreiniger-vochtvreter-elektrisch-0-8l/9300000166911989/,6,"
  Automatische uitschakeling   Stille werking   Draagbaar   
"
320,MSW Commerciële luchtontvochtiger - 158 L / 24 u - 120 m2 - LED,,MSW,,,,"859,-",,https://www.bol.com/nl/nl/p/msw-commerciele-luchtontvochtiger-158-l-24-u-120-m2-led/9300000032398080/,10,"
De bouwdroger verwijdert snel en betrouwbaar vocht uit ruimtes Of het nu gaat om nieuwbouw of tijdens renovatiewerkzaamheden, met de MSW-DEH2000A bouwdroger van MSW, uw partner voor professionele handelsbehoeften, krijgt u droge muren. Met de luchtontvochtiger voorkom je schimmelvorming op vochtige muren, wat kostbaar nawerk met zich mee zou brengen. Daarnaast kunt u veel eerder beginnen met vervolgwerkzaamheden zoals stukadoors- of schilderwerk. Product hoogtepunten  Vermogen: 158 l / 24 h Kamergrootte: 120m2 Lucht: 1.100 m 3 /h Vermogen: 1.650 W Led scherm   De bouwdroger ontvochtiger haalt tot 158 liter vocht per dag uit de lucht, die anders in de muren zou blijven hangen. Hiervoor wordt tot 1.100 m³/h lucht gecirculeerd en gekoeld met behulp van de krachtige 1.650 W compressor. De gecondenseerde vloeistof wordt opgevangen in het apparaat en via een slang afgevoerd. De luchtontvochtiger is perfect voor ruimtes tot 120 m². Het droogapparaat is uitgerust met een LED-display waarop u alle gewenste waarden kunt instellen en controleren. Het is uitgerust met een 24-uurs timer voor gebruik. Daarnaast heeft de bouwdroger een automatische uitschakeling. De geïntegreerde automatische ontdooiing maakt een ontvochtiging tot 5 °C mogelijk. Daarnaast start het apparaat automatisch als de luchtvochtigheid in de ruimte te hoog is. Daarnaast is de luchtontvochtiger uitgerust met een sensorfoutindicator, wat de betrouwbaarheid van de luchtontvochtiger verhoogt. Het ingebouwde luchtfilter kan eenvoudig worden verwijderd en is wasbaar voor herhaald gebruik.
"
321,AG Commerce - Ontvochtiger - Luchtreiniger - Draagbare Ontvochtiger - Lucht Droger - Premium Ontvochtiger,,AG Commerce,,,,"79,99",,https://www.bol.com/nl/nl/p/ag-commerce-ontvochtiger-luchtreiniger-draagbare-ontvochtiger-lucht-droger-premium-ontvochtiger/9300000167370064/,6,"
Introductie Op zoek naar de perfecte compacte luchtontvochtiger? Zoek niet verder! De 2-in-1 Draagbare Premium Ontvochtiger en Luchtreiniger van AG Commerce is de ideale oplossing. Deze stille en draagbare ontvochtiger verwijdert effectief vocht, schimmel en vochtigheid uit de lucht. Perfect voor kleine ruimtes zoals de keuken, slaapkamer of kantoor. Met automatische uitschakeling en een LED-indicator bij volle capaciteit. Vergeet niet dat dit een geweldige aankoop voor jou kan zijn! Specificaties    Materiaal: ABS       Ingangsspanning: 100-240v       Water tank capaciteit: 1000ml       Geluidsniveau: minder dan 35dB       Verpakking accessoires: 1 * mini ontvochtiger, 1 * power adapter, 1 * Engels handleiding       Kenmerk: stille, draagbare en compacte luchtontvochtigers kunnen effectief vocht, schimmel en vocht uit de lucht verwijderen. Geschikt voor gebruik in kleine gebieden zoals keuken, garderobe, berging, slaapkamer, woonkamer, kantoor of andere vochtgevoelige plaatsen.       Automatische uitschakeling en LED-indicator wanneer volledig opgeladen. Absorbeert tot 300 ml/dag met een waterreservoir van 1000 ml en verwijderbare lade.       Eenvoudig in gebruik met een aan/uit knop. Het geruisloze apparaat maakt gebruik van natuurlijke technologie en is klein, draagbaar en licht van gewicht.       Afmetingen (L x B x H): 13.5*15.2*25cm       Dehumidificatie Volume: <1.1L/h       Capaciteit waterreservoir: <1L       Functionaliteit: LED-display, Bucket Full Indicator Light, Automatische uitschakeling bij volle emmer       Type: Refrigeratieve ontvochtiger       Voltage: Anders       Vermogen: 40w       Oorsprong: CN       Het product wordt gebruikt door mensen die op zoek zijn naar een compacte luchtontvochtiger.    USP's Compacte 2-in-1 luchtreiniger en ontvochtiger voor thuis De AG Commerce Nieuwe Draagbare Premium Ontvochtiger En Luchtreiniger 2 In 1 is een compacte oplossing voor het verwijderen van vocht, schimmel en vocht uit de lucht. Perfect voor kleine ruimtes zoals keukens, kasten, slaapkamers en kantoren. Automatische uitschakeling en LED-indicator voor gemak Met de AG Commerce Ontvochtiger hoef je je geen zorgen te maken over het legen van de waterbak. Zodra de capaciteit is bereikt, schakelt het apparaat automatisch uit en wordt dit aangegeven met een LED-lampje. Met een waterreservoir van 1000 ml en een verwijderbare lade is het apparaat eenvoudig te onderhouden. Stil en draagbaar ontwerp voor gemakkelijk gebruik Deze ontvochtiger is niet alleen stil, maar ook draagbaar en licht van gewicht. Dankzij de compacte afmetingen van 13,5 * 15,2 * 25 cm kan het apparaat gemakkelijk worden verplaatst naar elke gewenste locatie. Ideaal voor mensen die op zoek zijn naar een handige en betrouwbare luchtontvochtiger. Voordelen   1. Geniet van een stille en compacte ontvochtiger en luchtreiniger in één, perfect voor thuis! 2. Verwijder effectief vocht, schimmel en vochtigheid uit de lucht in kleine ruimtes zoals de keuken, slaapkamer en woonkamer. 3. De automatische uitschakeling en LED-indicator zorgen ervoor dat je altijd weet wanneer de ontvochtiger vol is en leeg gemaakt moet worden. 4. Met een water tank capaciteit van 1000ml hoef je je geen zorgen te maken over het regelmatig legen van de lade. 5. Deze draagbare ontvochtiger is gemakkelijk te gebruiken met een eenvoudige aan/uit knop en een lichtgewicht ontwerp. 6. Het geluidsniveau is minder dan 35dB, dus je kunt genieten van een stille en comfortabele omgeving. 7. De AG Commerce Nieuwe Draagbare Premium Ontvochtiger En Luchtreiniger is gemaakt van duurzaam ABS-materiaal, waardoor het lang meegaat. 8. Creëer een gezonde en schone leefomgeving met deze 2 in 1 draagbare ontvochtiger en luchtreiniger van AG Commerce. FAQ Veelgestelde vragen 1. Is deze draagbare ontvochtiger en luchtreiniger geschikt voor gebruik in kleine ruimtes zoals de keuken of de slaapkamer? Ja, deze draagbare ontvochtiger en luchtreiniger is zeer geschikt voor gebruik in kleine gebieden, zoals de keuken, garderobe, berging, slaapkamer, woonkamer, kantoor of elke andere plaats gevoelig voor vochtige lucht. 2. Hoe werkt de automatische uitschakeling en LED-indicator wanneer de tank vol is? Zodra de capaciteit van 1000 ml is bereikt, schakelt de ontvochtiger automatisch uit en geeft de LED-indicator aan dat de tank vol is. Dit zorgt ervoor dat u geen water morst en dat de ontvochtiger veilig blijft werken. 3. Is deze ontvochtiger gemakkelijk te gebruiken? Ja, deze ontvochtiger is voorzien van een eenvoudige aan/uit-knop. Het apparaat is geruisloos en maakt gebruik van natuurlijke technologie, waardoor het gemakkelijk te bedienen is. Bovendien is het compact, draagbaar en licht van gewicht. 4. Hoeveel vocht kan deze ontvochtiger per dag verwijderen? Deze ontvochtiger kan tot 300 ml vocht per dag absorberen. Met een capaciteit van 1000 ml in de water tank, hoeft u zich geen zorgen te maken over frequent legen. 5. Voor welke mensen is dit product voornamelijk geschikt? Dit product is voornamelijk geschikt voor mensen die op zoek zijn naar een compacte luchtontvochtiger. Of u nu in een kleine ruimte woont of gewoon een draagbare ontvochtiger nodig heeft, dit product is perfect voor u.
"
322,Industriële bouwdroger PE 70L/dag met pomp MW Tools BDP70,,MW Tools,,,,"947,37",,https://www.bol.com/nl/nl/p/industriele-bouwdroger-pe-70l-dag-met-pomp-mw-tools-bdp70/9300000159989007/,13,"
Industriële bouwdroger 70 l/dag in PE met afvoerpomp. Schokbestendige behuizing in Polyetheen. Troeven:  Impactbestendige Polyetheen behuizing van hoge kwaliteit. PE roest niet, is bijzonder sterk en blijft er steeds goed uitzien zelfs na jaren van gebruik. Deze bouwdroger heeft een lange levensduur dankzij de hoge afwerkingsgraad van de in rotatie gegoten PE behuizing Capaciteit ontvochtigen: 70 liter per 24 h Ingebouwde opvoerpomp met 5 m slang meegeleverd. De pomp kan het condenswater 5 m omhoog pompen, waardoor deze drogers perfect inzetbaar zijn in kelders en ondergrondse ruimtes zonder rioolaansluiting Geen ingebouwde tank, en dus geen problemen met volle of overlopende waterbakken. De droger kan dus 24/24 blijven werken, en het condens permanent blijven afvoeren Automatische ontdooifunctie (defrost) in temperaturen onder 10 °C, garandeert een werking in lagere temperaturen Milieuvriendelijk koelgas R290. Deze bouwdroger bevat geen schadelijke gassen; de koelcompressor is gebouwd volgens de recentste technologie in de koeltechniek. Automatische werking met hygrostaat Stevige stalen vast handvat Digitaal display met eenvoudige bediening Uitwasbare en herbruikbare luchtfilter  Toepassingen:  Op bouwwerven: pleister, beton, dekvloeren, chape, ... Bij vochtproblemen na waterlek of overstroming Verbeteren van luchtkwaliteit in permanent vochtige ruimtes: kelders, wasruimtes Bij vochtgevoelige materialen zoals papier, metaalwaren, houtvoorraad, enz Deze kunststof modellen roesten niet, dus zijn ideaal voor gebruik aan de zee of bij een zwembad Deze sterke en robuuste PE modellen zijn ook perfect geschikt voor verhuur of als deze veelvuldig verplaatst moeten worden  Voordelen van deze bouwdrogers:  Tijdbesparend: sneller drogen van pleisters, chapes en beton, vooral in koude en vochtige omstandigheden Laat uw bouwplaatsen vele malen sneller uitdrogen Kostenbesparend: geen lange wachttijden meer op de werf Sneller werven, vloeren, parket leggen, ... zonder risico op restvocht Vermijd vocht- en schimmelproblemen Optimaal resultaat in combinatie met een MV mobiele ventilator Voorgemonteerd in de verpakking  De capaciteit van bouwdrogers is opgegeven voor verwarmde ruimtes. Warmere lucht kan meer waterdamp bevatten, zodat de efficiëntie van de bouwdroger hoger ligt. Bij hele lage temperaturen ligt de afgifte capaciteit lager.
"
323,VANTUBO ECOCOMFORT Luchtontvochtiger Ventilator met warmteterugwinning Ventilatie,,VANTUBO,,,,"458,-",,https://www.bol.com/nl/nl/p/vantubo-ecocomfort-luchtontvochtiger-ventilator-met-warmteterugwinning-ventilatie/9300000023089263/,8,"
Decentrale puntventilatiesysteem met warmteterugwinning.

Vereist geen plaatsing van ventilatiekanalen in het gebouw.

Installatie vereist slechts één gat met een diameter van 160 mm in de buitenmuur met een dikte van 24 tot 53 cm.
Het apparaat /de apparaten die in elke kamer op de buitenmuur zijn gemonteerd, zorgen voor een thermisch effectief ventilatiesysteem.
De geïntegreerde keramische ""honingraat'' warmtewisselaar recupereert tot 90% van de warmte uit de lucht die naar buiten wordt geworpen en voert deze terug naar de kamer met de lucht die van buiten naar binnen stroomt.
Bediend met een afstandbediening.
Uitgerust met temperatuur-, vochtigheids- en helderheidssensoren die de werking van het apparaat aanpassen aan veranderende omstandigheden.
Drie ventilatorsnelheden, aangedreven door een borstelloze, ultrastille elektromotor met minimaal energieverbruik.
Handmatige modus haalt lucht van buitenaf (max. 30 minuten).
Handmatige modus om lucht naar buiten af ​​te voeren (max. 30 minuten).
Automatische modus inlaat 45 seconden / uitlaat 45 seconden.
Het apparaat zorgt voor voldoende ventilatie van ruimtes met een oppervlakte tot 50 m2 (hoogte tot 2,7 m).

Aanbevolen oppervlakte: _tot*50 m2_

Filters: G3, 

Thermisch rendement: tot 90% 
Sensoren: Temperature, vocht, helderheids


Luchtdebiet sleep/min/med/max.: 15/28/48/68 m3/h

Stroomverbruik min/med/max: 2/3,8/6,6 W
Geluidsdruk min/med/max: 27/32/38 db(A) ( afstand 1,5 m )

"
324,"Argoclima ARGO DRY PURY EVO WF 17, 300 W, 220 - 240 V, 50 Hz, 5 - 35 °C, 305 mm, 235 mm",,Argoclima,,,,"163,95",,https://www.bol.com/nl/nl/p/argoclima-argo-dry-pury-evo-wf-17-300-w-220-240-v-50-hz-5-35-c-305-mm-235-mm/9300000160902445/,2,"
    Argoclima ARGO DRY PURY EVO WF 17. Stroomverbruik (typisch): 300 W, AC-ingangsspanning: 220 - 240 V, AC-ingangsfrequentie: 50 Hz. Breedte: 305 mm, Diepte: 235 mm, Hoogte: 495 mm
  "
325,Luchtontvochtiger slaapkamer - Luchtontvochtiger en luchtreiniger - Vochtvreter elektrisch - 0.5L,,Merkloos,,,,"127,95",,https://www.bol.com/nl/nl/p/luchtontvochtiger-slaapkamer-luchtontvochtiger-en-luchtreiniger-vochtvreter-elektrisch-0-5l/9300000166912081/,8,"
  Verwijdert vocht-Perfect voor het verwijderen van vocht en schimmel in uw huis, keuken, badkamer, slaapkamer, caravan, garage of kelder.   Klein en compact: lichtgewicht, compact en draagbaar. Verwijdert tot 250 ml vloeistof per dag met een waterreservoir van 500 ml.   Muis-stil en efficiënt: Peltier thermo-elektrische technologie (geen compressor vereist) maakt zeer stille werking mogelijk, waardoor het ideaal is voor gebruik in slaapkamers en kantoren.   Automatische uitschakeling: ontworpen met een automatische uitschakelfunctie, die werkt wanneer de watertank vol is en u laat weten wanneer deze moet worden afgevoerd. Leeg het waterreservoir met de eenvoudig te gebruiken afvoer en plaats het vervolgens terug in de ontvochtiger.   Allergy Relief: helpt de luchtkwaliteit te verbeteren door schimmelsporen en huisstofmijt te verwijderen, die veel problemen veroorzaken voor allergiepatiënten en mensen met ademhalingsproblemen.   
"
326,"Luchtontvochtiger voor 30 m² (2,5 liter) voor, slaapkamer en andere kleine ruimtes met automatische uitschakelfunctie - 2 bedrijfsmodi en 7 kleuren LED-licht (grijs)",,Merkloos,,,,"209,99",,https://www.bol.com/nl/nl/p/luchtontvochtiger-voor-30-m-voor-slaapkamer-en-andere-kleine-ruimtes-met-automatische-uitschakelfunctie-2-bedrijfsmodi-en-7-kleuren-led-licht/9300000170474449/,7,"
Wil jij ook genieten van een frisse en vochtvrije omgeving in jouw huis? De luchtontvochtiger van OZIZOO is dé oplossing voor een gezond binnenklimaat. Met zijn uiterst efficiënte werking en stijlvolle design is dit de perfecte toevoeging aan jouw interieur. De luchtontvochtiger van OZIZOO is uitgerust met geavanceerde technologieën om overtollig vocht en schimmel in jouw kamers te bestrijden. Hij verwijdert moeiteloos vocht uit de lucht en verbetert de luchtkwaliteit, waardoor allergenen en nare geurtjes worden verminderd. Zo creëer je een optimale omgeving voor gezond ademen en bescherm je jouw meubels en elektronica tegen vochtschade. Met zijn intuïtieve bedieningspaneel is deze luchtontvochtiger eenvoudig in te stellen op basis van jouw behoeften. Kies uit meerdere bedrijfsmodi, zoals de normale modus voor dagelijks gebruik, de slaapmodus voor een rustige en stille werking gedurende de nacht of de turbo-modus voor een snelle ontvochtiging. Zo pas je de prestaties van de luchtontvochtiger aan jouw specifieke situatie aan. De OZIZOO luchtontvochtiger is niet alleen effectief, maar ook energiezuinig. Dankzij de automatische uitschakelfunctie schakelt de luchtontvochtiger zichzelf uit wanneer het gewenste vochtigheidsniveau is bereikt. Zo bespaar je energie en verminder je jouw ecologische voetafdruk. Daarnaast is hij voorzien van een indicator die aangeeft wanneer het tijd is om het waterreservoir te legen. Met zijn compacte formaat en moderne uitstraling past deze luchtontvochtiger perfect in elke ruimte. Of je nu wilt genieten van een vochtvrije badkamer, slaapkamer of kantoor, de OZIZOO luchtontvochtiger biedt altijd uitkomst. Twijfel niet langer en zorg vandaag nog voor een fris en gezond binnenklimaat met de luchtontvochtiger van OZIZOO! Bestel hem nu en voel direct het verschil in jouw huis.
"
327,Luchtontvochtiger slaapkamer - Luchtontvochtiger en luchtreiniger - Vochtvreter elektrisch - 16L,,Merkloos,,,,"631,95",,https://www.bol.com/nl/nl/p/luchtontvochtiger-slaapkamer-luchtontvochtiger-en-luchtreiniger-vochtvreter-elektrisch-16l/9300000166874574/,6,"
  Afstandsbediening: bedien uw apparaat op afstand met de app.   Ontvochtigingscapaciteit tot 16 liter / dag.   Zeer rustig voor maximaal comfort.   Elektronische besturing voor het regelen van het ontvochtigingsniveau.   Timer voor automatische ontsteking.-   
"
328,Luchtontvochtiger slaapkamer - Luchtontvochtiger en luchtreiniger - Vochtvreter elektrisch - 1L,,Merkloos,,,,"115,95",,https://www.bol.com/nl/nl/p/luchtontvochtiger-slaapkamer-luchtontvochtiger-en-luchtreiniger-vochtvreter-elektrisch-1l/9300000166902009/,5,"
  Upgraded geüpgraded Dual Semiconductors】Czoele ontvochtiger heeft dual semiconductor koeling technologie creëren van een dubbele Ontvochtiging effect. Verwijdert veilig en efficiënt vocht in ruimtes tot 20㎡.   【Draagbaar Ontvochtigingstoestel】5.9*4.7*9.4 in Compact formaat maakt deze kleine kast ontvochtiger flexibel voor waar u maar wilt. Perfect voor kleine ruimtes met een hoge luchtvochtigheid, zoals keuken, badkamer, slaapkamer, camper, kleine aanhangwagen, kast, kast, muur en raam.   【Ultrastil】 de fluisterstille ontvochtiger is slechts ongeveer 40dB, werkt volgens het Peltier-principe en zonder compressor om ervoor te zorgen dat de ontvochtigers stil werken. Het is klein en lichtgewicht, je kunt het gemakkelijk van kamer naar kamer dragen. Het is veel comfortabeler en gezonder voor u en uw gezin.   【Ontdooi functie】bij gebruik in de winter is het onvermijdelijk dat er ijs ontstaat. Het is raadzaam om de ontdooiingsmodus te openen als de temperatuur lager is dan 15 ° C. In deze modus stopt de ontvochtiger elke 30 minuten gedurende 5 minuten om condensatie en ijsvorming in de werkomgeving met lage temperaturen te voorkomen.   【Auto Uitgeschakeld & kleurrijk Nachtlampje】wordt geleverd met een 1000ml watertank die snel en effectief tot 1000ml (34oz, temperatuur:86°F vochtigheid: 80% RH) vocht per dag uit de lucht kan verwijderen.Wanneer de watertank vol is, wordt deze automatisch uitgeschakeld.Het lampje brandt rood als het reservoir leeg moet zijn.En het is heel eenvoudig om het reservoir te installeren, te verwijderen en te vervangen in de ontvochtiger.-  
"
329,Ontvochtiger Huis - Draagbare Luchtontvochtiger - 16 l/dag - Timer 24 uur - Digitale Led-Display - Continue Drainagefunctie - max. 25 m² - Wit,,Merkloos,,,,"399,95",,https://www.bol.com/nl/nl/p/ontvochtiger-huis-draagbare-luchtontvochtiger-16-l-dag-timer-24-uur-digitale-led-display-continue-drainagefunctie-max-25-m-wit/9300000146417620/,6,"
Deze luchtontvochtiger is een uitstekende oplossing voor het bestrijden van vochtproblemen in je huis. Met een capaciteit van 600 ml per dag kan deze luchtontvochtiger effectief vocht uit de lucht halen, waardoor het risico op schimmelvorming en allergenen wordt verminderd. Deze luchtontvochtiger heeft een stijlvol ontwerp en is uitgerust met een transparante watertank van 1500 ml, waardoor je het waterniveau gemakkelijk kunt zien en kunt bijvullen wanneer dat nodig is. Bovendien is deze luchtontvochtiger voorzien van een automatische uitschakelfunctie wanneer de watertank vol is, wat de veiligheid van het apparaat verhoogt en het risico op lekkages vermindert. Een ander voordeel van deze luchtontvochtiger is de ontvochtigingsfunctie. Hiermee kun je de gewenste luchtvochtigheid instellen en de luchtontvochtiger doet de rest. Dit maakt het gebruik van de luchtontvochtiger nog efficiënter en gemakkelijker. Al met al is deze luchtontvochtiger een betaalbare en effectieve oplossing voor het bestrijden van vochtproblemen in je huis, met de toegevoegde voordelen van een stijlvol ontwerp, een transparante watertank en een handige ontvochtigingsfunctie. Zorg voor een gezonde en schone lucht in huis met deze handige luchtontvochtiger. Bestel hem nu en geniet van het comfort en de voordelen van een vochtvrije omgeving!
"
330,Equivera Luchtontvochtiger - Luchtontvochtiger Slaapkamer - Luchtontvochtigers - Dehumidifier - Luchtontvochtiger Badkamer - Luchtontvochtiger Woonkamer - Luchtontvochtiger Huis,,Merkloos,,,,"276,95",,https://www.bol.com/nl/nl/p/equivera-luchtontvochtiger-luchtontvochtiger-slaapkamer-luchtontvochtigers-dehumidifier-luchtontvochtiger-badkamer-luchtontvochtiger-woonkamer-luchtontvochtiger-huis/9300000165849701/,6,"
Op zoek naar een effectieve en milieuvriendelijke manier om de vochtigheid in uw huis te beheersen? De Olimpia Splendid Aquaria Luchtontvochtiger is dé oplossing voor ruimtes tot 45 m³. Ontdek een frisser, gezonder huis met deze krachtige ontvochtiger die dagelijks tot 10 liter vocht uit de lucht haalt, voor een comfortabel en aangenaam binnenklimaat.  Ontvochtigt tot 10 liter per dag Geschikt voor ruimtes tot 45 m³ Milieuvriendelijk R290 koelmiddel Compact en eenvoudig te verplaatsen Semi-transparante tank van 2 liter Continue waterafvoer mogelijk Veilig door automatische ontdooifunctie  Milieubewust Ontvochtigen: De Olimpia Splendid Aquaria is niet alleen krachtig, maar ook ontworpen met het milieu in gedachten. Het gebruikt het natuurlijke koelmiddel R290, dat een bijna verwaarloosbare impact heeft op de opwarming van de aarde (GWP=3), waardoor u uw huis kunt ontvochtigen zonder schade aan de planeet. Compact en Draagbaar: Met zijn slanke ontwerp, slechts 185 mm diep, is deze ontvochtiger niet alleen een discrete aanvulling op uw interieur, maar ook ongelooflijk handig in gebruik. Verplaats het apparaat moeiteloos naar waar het nodig is voor een optimale luchtvochtigheidscontrole. Gemaakt voor Gemak: De semi-transparante tank van 2 liter laat u gemakkelijk zien hoeveel water er verzameld is en wanneer het tijd is om te legen. Of kies voor de continue waterafvoer, zodat u nooit meer handmatig water hoeft te verwijderen – ideaal voor langdurig gebruik zonder zorgen. Veiligheid en Controle: Veiligheid is een prioriteit met de Olimpia Splendid Aquaria. Het apparaat is voorzien van een automatisch ontdooisysteem dat werkt bij lagere temperaturen en een volledig zichtbare watertank zodat u altijd de controle houdt. Haal vandaag nog de Olimpia Splendid Aquaria Luchtontvochtiger in huis en adem de opluchting van een vochtvrij huis. Productspecificaties: Merk: Olimpia Splendid Model: Aquaria Capaciteit ontvochtiging: 10 L/dag Geschikte ruimte: Tot 45 m³ Koelmiddel: R290 Diepte: 185 mm Watertank: 2 liter, semi-transparant Veiligheidsfuncties: Automatisch ontdooisysteem Inhoud bestelling: 1x Olimpia Splendid Aquaria Luchtontvochtiger 1x Handleiding
"
331,m² - Dehumidifier - 2 ontvochtigingsstanden - 24 uur programmeerbare timer - Zwart - DRYZONE XL-CUBIC,,Create,,,,"129,95",,https://www.bol.com/nl/nl/p/create-luchtontvochtiger-10-l-dag-40m-zwart-dryzone-xl-cubic/9300000167210661/,9,"
    DRYZONE XL-CUBIC InformatieOntvochtiger, 10 liter per dag, met capaciteit om het vocht te verwijderen in ruimtes tot 40 m². Met 2 ontvochtigingsniveaus, spiegel-aanraakscherm, 24-uurs timer, veiligheidssysteem met waarschuwing en wasbaar filter. Bovendien gemakkelijk te verplaatsen, dankzij de vier wielen en de draaggreep. Ideaal voor ruimtes tot 40 m² Vermindert de luchtvochtigheid van de ruimte met 80%. Bedoeld voor ruimtes met hogere vochtigheidsconcentratie zoals woonkamers, kantoren, badkamers, was- en droogruimtes. Verbetert de luchtkwaliteit Verwijdert allergenen, schimmelsporen en stof, die zich verzamelen in vochtige omgevingen. Perfect voor mensen met allergie of luchtwegproblemen. Verwijdert dagelijks tot 10 liter vocht Met groot reservoir van 2,5 liter en tot 24 uur programmeerbare timer. Bovendien zeer stil in elke modus. Spiegel-aanraakscherm Daarop regel je alle parameters om het teveel aan vocht te verwijderen. De aanraakbediening werkt eenvoudig en intuïtief. 2 ontvochtigingsstanden Met sensoren die vocht, temperatuur en vulniveau meten. Eenvoudig te verplaatsen Dankzij de wielen en de draaggreep kun je het apparaat gemakkelijk verplaatsen en in een andere ruimte zetten.  Timer 24h Werktemperatuur 5 ° C - 5 ° C Beveiligingssysteem ja Vermogen 220W-205W display LED-display, Soft Touch-paneel Thermostaten ja Werkoppervlak 105 m³ / u (40m²) Tankcapaciteit 2.5L Controle Elektronisch / digitaal Frequentie 50-60 Hz ontvochtiging 10L Druk / temperatuur indicator ja Afmetingen 509x198x288 mm filter wasbaar Programmable ja snelheden 2 Gewicht 9,8 kg Modi / Functies 2 Spanning/Voltage 220 ~ 240V AC Koelmiddel / vulling R290 Geluidsniveau 46 dB Certificaten CE & RoHS Druk- / temperatuurregelaar ja Garantie 2 jaar 
"
332,"Supra DU100RESPIRE, 265 W, 295 mm, 210 mm, 420 mm, 10,7 kg, 350 mm",,Supra,,,,"358,82",,https://www.bol.com/nl/nl/p/supra-du100respire-265-w-295-mm-210-mm-420-mm-10-7-kg-350-mm/9300000053439918/,1,"
    Supra DU100RESPIRE. Stroomverbruik (typisch): 265 W. Breedte: 295 mm, Diepte: 210 mm, Hoogte: 420 mm. Breedte verpakking: 350 mm, Diepte verpakking: 195 mm, Hoogte verpakking: 4900 mm
  "
333,Equivera Luchtontvochtiger - Luchtontvochtiger Slaapkamer - Luchtontvochtigers - Dehumidifier - Luchtontvochtiger Badkamer - Luchtontvochtiger Woonkamer - Luchtontvochtiger Huis,,Merkloos,,,,"334,95",,https://www.bol.com/nl/nl/p/equivera-luchtontvochtiger-luchtontvochtiger-slaapkamer-luchtontvochtigers-dehumidifier-luchtontvochtiger-badkamer-luchtontvochtiger-woonkamer-luchtontvochtiger-huis/9300000165815822/,7,"
Op zoek naar een effectieve oplossing om uw huis vochtvrij en comfortabel te houden? Ontdek de kracht van de Pro Breeze Luchtontvochtiger, uw nieuwe bondgenoot tegen vocht, condens en schimmel in huis. Deze robuuste ontvochtiger haalt tot wel 12 liter water per dag uit de lucht, ideaal voor gebruik in ruimtes die strijden tegen vochtigheid zoals garages, badkamers of uw gehele huis.  Efficiënte vochtopname (12 liter per dag) Automatische luchtvochtigheidssensor Fluisterstille werking (<38 dB) Digitaal LED scherm met timer Groot waterreservoir (2 liter) Eenvoudig te verplaatsen met wielen  Slimme Vochtdetectie Met de ingebouwde luchtvochtigheidssensor houdt de Pro Breeze de luchtvochtigheid in uw huis automatisch in de gaten en toont deze op een duidelijk LED-display. U kunt eenvoudig uw ideale luchtvochtigheidsniveau instellen tussen 30-80%, waarna de ontvochtiger zelf de werking aanpast om energie te besparen zodra het gewenste niveau is bereikt. Geruisloze Werking De Pro Breeze is ontworpen om minder dan 38 dB geluid te produceren, wat zorgt voor een ongestoorde rust in uw huis. Of u nu werkt, leest of slaapt, deze luchtontvochtiger doet zijn werk zonder u te storen. Gebruiksvriendelijk Ontwerp Stel met de digitale 24-uurs timer uw ontvochtiger in om aan of uit te gaan op elk gewenst moment, dag of nacht. Bedien gemakkelijk de 3 werkingsmodi, inclusief de automatische, continue en slaapstand, allemaal weergegeven op een gebruikersvriendelijk LED-scherm. Continu Gemak Dankzij het royale 2 liter waterreservoir en de mogelijkheid voor continue afvoer via een meegeleverde slang, kan deze Pro Breeze unit tot 12 liter vocht per dag verwerken zonder dat u zich zorgen hoeft te maken over het legen van het reservoir. Plus, met de handige wielen verplaatst u de ontvochtiger zonder enige moeite door uw huis. Pro Breeze is een naam die staat voor kwaliteit en efficiëntie in huiscomfort. Kies voor een gezonder thuisomgeving en ervaar zelf de voordelen van de Pro Breeze Luchtontvochtiger. Productspecificaties: Merk: Pro Breeze Capaciteit waterreservoir: 2 liter Vochtopname: 12 liter per dag Geluidsniveau: <38 dB Afmetingen: [Voeg afmetingen toe] Kleur: [Voeg kleur toe] In de verpakking: 1x Pro Breeze Luchtontvochtiger 1x Continue afvoerslang 1x Gebruikershandleiding Wielen voor eenvoudige verplaatsing Bied uw gezin het comfort dat het verdient en zeg vaarwel tegen overtollig vocht met de Pro Breeze Luchtontvochtiger. Bestel nu en geniet van een drogere, frissere en gezondere leefruimte!
"
334,Industriële bouwdroger PE 90L/dag met pomp MW Tools BDP90,,MW Tools,,,,"1112,53",,https://www.bol.com/nl/nl/p/industriele-bouwdroger-pe-90l-dag-met-pomp-mw-tools-bdp90/9300000159988999/,15,"
Industriële bouwdroger 90L/dag in PE met afvoerpomp. Schokbestendige behuizing in Polyetheen. Troeven:  Impactbestendige Polyetheen behuizing van hoge kwaliteit. PE roest niet, is bijzonder sterk en blijft er steeds goed uitzien zelfs na jaren van gebruik. Deze bouwdroger heeft een lange levensduur dankzij de hoge afwerkingsgraad van de in rotatie gegoten PE behuizing Capaciteitontvochtigen: 90 liter per 24 h Ingebouwde opvoerpomp met 5 m slang meegeleverd. De pomp kan het condenswater 5 m omhoog pompen, waardoor deze drogers perfect inzetbaar zijn in kelders en ondergrondse ruimtes zonder rioolaansluiting Geen ingebouwde tank, en dus geen problemen met volle of overlopende waterbakken. De droger kan dus 24/24 blijven werken, en het condens permanent blijven afvoeren Automatische ontdooifunctie (defrost) in temperaturen onder 10 °C, garandeert een werking in lagere temperaturen Milieuvriendelijk koelgas R290. Deze bouwdroger bevat geen schadelijke gassen; de koelcompressor is gebouwd volgens de recentste technologie in de koeltechniek. Automatische werking met hygrostaat Stevige stalen vast handvat Digitaal display met eenvoudige bediening Uitwasbare en herbruikbare luchtfilter  Toepassing:  Op bouwwerven: pleister, beton, dekvloeren, chape, ... Bij vochtproblemen na waterlek of overstroming Verbeteren van luchtkwaliteit in permanent vochtige ruimtes: kelders, wasruimtes Bij vochtgevoelige materialen zoals papier, metaalwaren, houtvoorraad, enz. Deze kunststof modellen roesten niet, dus zijn ideaal voor gebruik aan de zee of bij een zwembad. Deze sterke en robuuste PE modellen zijn ook perfect geschikt voor verhuur of als deze veelvuldig verplaatst moeten worden  Voordelen van deze bouwdrogers:  Tijdbesparend: sneller drogen van pleisters, chapes en beton, vooral in koude en vochtige omstandigheden Laat uw bouwplaatsen vele malen sneller uitdrogen Kostenbesparend: geen lange wachttijden meer op de werf Sneller werven, vloeren, parket leggen, ... zonder risico op restvocht Vermijd vocht- en schimmelproblemen Optimaal resultaat in combinatie met een MV mobiele ventilator Voorgemonteerd in de verpakking  De capaciteit van bouwdrogers is opgegeven voor verwarmde ruimtes. Warmere lucht kan meer waterdamp bevatten, zodat de efficiëntie van de bouwdroger hoger ligt. Bij hele lage temperaturen ligt de afgifte capaciteit lager.
"
335,TROTEC Bouwdroger TTK 900 MP,,Trotec,,,,"3939,95",,https://www.bol.com/nl/nl/p/trotec-bouwdroger-ttk-900-mp/9300000073885239/,22,"
Een industriële luchtontvochtiger is nog niet per definitie een bouwdroger. Een bouwdroger is meer: het apparaat moet een groot luchtdebiet hebben, geschikt zijn voor continu gebruik, op de werkplaats, in een koude omgeving. Bouwdrogers zijn hun investering niet waard wanneer ze permanent in de opslagruimte staan en al helemaal niet als ze in reparatie zijn.Daarom zijn de bouwdrogers uit de TTK-serie in alle opzichten ontworpen voor een hoog ontvochtigingsvermogen en een lange gebruiksduur. De apparaten functioneren ook op de bouw betrouwbaar en zonder onderbreking – en mocht het toch nodig zijn dan is onderhoud snel gepleegd:De elektronica is niet alleen speciaal ingekapseld waardoor hij op betrouwbare wijze beschermd is tegen schadelijke invloeden – ze is bovendien modulair ontworpen en de afzonderljke elektronicamodulen zijn onderhoudsvriendelijk met elkaar verbonden. De uitwisseling van afzonderlijke modules gaat derhalve snel en probleemloos, zelfs op de standplaats: stekker eruit, module wisselen, stekker weer insteken – klaar. Onderbrekingen in verband met onderhoud kunnen zo tot een minimum worden teruggebracht. Voordelen in de praktijk:  Ontwikkeling, design, productie: 100 % Trotec Hoog ontvochtigingsvermogen – ook bij temperaturen onder 15 °C VarioDry-techniek – wereldwijd uniek: keuzeschakelaar voor bouwdroging of waterschadesanering – altijd automatisch de optimale setup voor maximale droogprestaties Innovatief warmtewisselaarontwerp –geoptimaliseerd voor een groot temperatuur-luchtvochtigheidsbereik Krachtige radiale EC-ventilator met aan weerszijden een uitblaasopening voor hoge luchtcirculatiewaarden Aangenaam stil bij een tegelijkerltijd duidelijk hogere energie-efficiëntie t.o.v. de TTK 800 Professionele heetgas-ontdooi-automaat met bypass-proces Tweepunts heetgasontdooiing voor extreem verkorte ontdooitijden en dus aanzienlijk langere droogcycli Innovatief centraal chassis voor snelle reiniging en inspectie Bijzonder onderhoudsvriendelijk: elektronische insteekmodules, eenvoudig te vervangen zonder gereedschap Ruimtebesparend te stapelen – neemt weinig plaats in bij opslag Robuust en uiterst mobiel met grote wielen – staand en liggend te transporteren Aansluiting voor externe hygrostaat Verstelbare beugelgreep – horizontaal of verticaal Seriematig voorzien van bedrijfsurenteller  Let op: specificaties kunnen zonder opgave van redenen in het belang van een lopende productverbetering door de fabrikant worden gewijzigd. Aan de afbeeldingen van producten en eventueel getoonde specificaties of keurmerken kunnen geen rechten worden ontleend
"
336,Klarstein DryFy Connect 50 - Luchtontvochtiger - WiFi - Compressie 50l/d - 45-55m² - Wit,,Klarstein,,"5,0",1,"661,99",,https://www.bol.com/nl/nl/p/dryfy-connect-50-luchtontvochtiger-wifi-compressie-50l-d-45-55m-wit/9300000011823502/,11,"
De eenvoudige weg naar de ideale luchtvochtigheid: de Klarstein DryFy Connect 50 luchtontvochtiger met WIFI-aansluiting droogt vochtige ruimtes na de bouw, renovatie en waterschade of regelt probleemloos de luchtvochtigheid in de keuken, badkamer of slaapkamer.Met de juiste luchtvochtigheid je meteen veel beter voelen: de Klarstein DryFy Connect 50 Dehumidifier verwijdert vochtige lucht in een handomdraai en zorgt voor bevrijd ademhalen in de keuken, badkamer of slaapkamer en voor het snel drogen na bouw- of renovatiewerkzaamheden. Met een luchtcirculatie van 360 m³ per uur onttrekt hij tot 50 liter vochtigheid per dag uit de lucht - daarmee is de Klarstein DryFy Connect 50 luchtontvochtiger ideaal voor ruimtes van 45 tot 55 m². Een grote 5 liter tank verzamelt het water en kan dankzij alarmfunctie en automatische uitschakeling bij volle tank altijd op tijd worden geleegd. Dankzij een WIFI-aansluitingsmogelijkheid kan het apparaat in het thuisnetwerk worden aangemeld en probleemloos via de Klarstein-app worden bediend. Dat is nog niet alles, want de Klarstein DryFy Connect 50 wordt door de geïntegreerde actieve koolfilter een luchtreiniger die naast stof en luchtjes ook fijnstof en kiemen uit de licht filtert en zo in één apparaat het ruimteklimaat dubbel verbetert. Praktisch is ook het hoge bedieningsgemak: met de display aan de bovenkant wordt de DryFy Connect 50 met slechts een paar knoppen voor zijn opgave geprogrammeerd. Zo kan de beoogde luchtvochtigheid net zo worden ingesteld als de per uur programmeerbare timer.Zo eenvoudig als nooit tevoren naar perfecte luchtvochtigheid. De Klarstein DryFy Connect 50 Dehumidifier zorgt voor de beste ademlucht. Eigenschappen:  Ideale luchtvochtigheid: 50 liter / 24 uur ontvochtigen om binnenruimtes te drogen na bouw- en renovatiewerkzaamheden of om de luchtvochtigheid in de keuken, de badkamer of slaapkamer te regelen.  Smart Home: comfortabel via de Klarstein app besturen, geheel compatibel met Alexa  Eenvoudige bediening: Wifi-aansluiting voor comfortabele bediening met de Klarstein-app  Veel functies: met instelbare gewenste luchtvochtigheid en een timer tussen 1 en 24 uur  Fluisterstil: dankzij een bijzonder geluidsarme, stationaire werking Omvang Levering:   1 x apparaat 1 x waterafvoerslang Duitstalige gebruiksaanwijzing (andere talen: Engels)  Afmetingen:   Afmetingen: ca. 37 x 61,5 x 26 cm (BxHxD) Stroomkabellengte: ca. 180 cm Gewicht: ca. 18 kg  Artikelnummer: 10034435
  "
337,Set Bouwdroger BDP70 + ventilator MV500PPL MW Tools BD70PSETA,,MW Tools,,,,"1158,27",,https://www.bol.com/nl/nl/p/set-bouwdroger-bdp70-ventilator-mv500ppl-mw-tools-bd70pseta/9300000159988983/,11,"
Pack BDP70 bouwdroger en MV500PPL ventilator. Industriële bouwdroger BDP70 Kenmerken:  Impactbestendige Polyetheen behuizing van hoge kwaliteit. PE roest niet, is bijzonder sterk en blijft er steeds goed uitzien zelfs na jaren van gebruik. Deze bouwdroger heeft een lange levensduur dankzij de hoge afwerkingsgraad van de in rotatie gegoten PE behuizing Capaciteit ontvochtigen: 70 liter per 24 h Ingebouwde opvoerpomp met 5 m slang meegeleverd. De pomp kan het condenswater 5 m omhoog pompen, waardoor deze drogers perfect inzetbaar zijn in kelders en ondergrondse ruimtes zonder rioolaansluiting Geen ingebouwde tank, en dus geen problemen met volle of overlopende waterbakken. De droger kan dus 24/24 blijven werken, en het condens permanent blijven afvoeren Automatische ontdooifunctie (defrost) in temperaturen onder 10 °C, garandeert een werking in lagere temperaturen Milieuvriendelijk koelgas R290. Deze bouwdroger bevat geen schadelijke gassen; de koelcompressor is gebouwd volgens de recentste technologie in de koeltechniek. Automatische werking met hygrostaat Stevige stalen vast handvat Digitaal display met eenvoudige bediening Uitwasbare en herbruikbare luchtfilter  Ventilator MV500PPL  Grote blaashoek, droogt grote delen van de ruimte in 1x zonder verplaatsing Blaasrichting instelbaar (kantelbaar op optionele voet) 2 snelheden, steeds de optimale luchtdebiet Schokbestendige behuizing in polyetheen van hoge densiteit Volledig in kunststof, roest nooit Vermogen 200 W 500 mm diameter 106/90 m³/min 
"
338,Luchtontvochtiger slaapkamer - Luchtontvochtiger en luchtreiniger - Vochtvreter elektrisch - 20L,,Merkloos,,,,"457,95",,https://www.bol.com/nl/nl/p/luchtontvochtiger-slaapkamer-luchtontvochtiger-en-luchtreiniger-vochtvreter-elektrisch-20l/9300000166900925/,6,"
  Voorkom vochtvorming-dankzij continue en automatische werking, waarbij de luchtvochtigheid vrij instelbaar is tussen 30-90%.   Vermogen: max. 20 liter in 24 uur voor ruimtes tot 20 m2/30 m3   Eenvoudig te gebruiken: LED touch display, 24-uurs timer en 3 bedrijfsmodi maken de bediening aangenaam en gemakkelijk   Multifunctioneel: praktische geheugenfunctie en droogtrommel functie voor directe ontvochtiging van textiel.   Praktische accessoires: 6 liter watertank met waarschuwingssignaal en een alternatieve aansluitmogelijkheid voor een afvoerslang van ca. CA. 30 cm-  
"
339,Equivera Luchtontvochtiger - Luchtontvochtiger Slaapkamer - Luchtontvochtigers - Dehumidifier - Luchtontvochtiger Badkamer - Luchtontvochtiger Woonkamer - Luchtontvochtiger Huis,,Merkloos,,,,"136,95",,https://www.bol.com/nl/nl/p/equivera-luchtontvochtiger-luchtontvochtiger-slaapkamer-luchtontvochtigers-dehumidifier-luchtontvochtiger-badkamer-luchtontvochtiger-woonkamer-luchtontvochtiger-huis/9300000165816283/,7,"
Bent u op zoek naar een effectieve oplossing voor vochtproblemen in uw huis? De Pro Breeze Luchtontvochtiger biedt u een geavanceerde en stille manier om overtollig vocht aan te pakken. Perfect voor gebruik in de keuken, badkamer, slaapkamer en meer! Voortreffelijke Vochtabsorptie  Verwijdert tot 450 ml vocht per dag Thermo-elektrische Peltier technologie voor stille werking Ideaal voor slaapkamers en kantoren  Uitzonderlijk Waterreservoir  Groot 1000 ml reservoir Compact en draagbaar ontwerp Geschikt voor ruimtes die consequente vochtbeheersing vereisen  Slimme Tijdschakelaar  Programmeerbare 4-uur timer Automatische uitschakelfunctie voor energiebesparing Fluisterstille werking, ideaal voor nachtelijk gebruik  Geavanceerde Automatische Uitschakeling  Veiligheid gegarandeerd met intelligente uitschakeling Rood signaallicht voor waterreservoir vol-indicatie Eenvoudig te legen en onderhoudsarm  Stijlvolle LED Sfeerverlichting  6 verschillende LED kleuren voor ambiance Perfect als nachtlampje of decoratief element Optioneel uitschakelbaar voor ongestoorde nachtrust  De Pro Breeze Luchtontvochtiger, met zijn moderne design en efficiënte werking, is een onmisbaar apparaat voor elk huishouden dat kampt met vochtigheid. Het grote waterreservoir en de eenvoudige bediening zorgen voor gemak en effectiviteit. Productspecificaties: Merk: Pro Breeze Capaciteit waterreservoir: 1000 ml Dagelijkse vochtverwijdering: 450 ml Geluidsniveau: Ultra-stil Automatische uitschakeling: Ja LED kleuren: 6 opties Timer: Tot 4 uur Afmetingen: Compact en draagbaar In de doos: 1x Pro Breeze Luchtontvochtiger 1x Handleiding Zorg voor een gezondere omgeving en bestrijd vocht op een stille en effectieve manier met de Pro Breeze Luchtontvochtiger. Bestel nu en voel het verschil in uw thuisomgeving!
"
340,Equivera Luchtontvochtiger - Luchtontvochtiger Slaapkamer - Luchtontvochtigers - Dehumidifier - Luchtontvochtiger Badkamer - Luchtontvochtiger Woonkamer - Luchtontvochtiger Huis,,Merkloos,,,,"509,95",,https://www.bol.com/nl/nl/p/equivera-luchtontvochtiger-luchtontvochtiger-slaapkamer-luchtontvochtigers-dehumidifier-luchtontvochtiger-badkamer-luchtontvochtiger-woonkamer-luchtontvochtiger-huis/9300000165832920/,11,"
Bent u klaar om afscheid te nemen van vochtige ruimtes en de daarbij horende schimmel en muffe geuren? De Comfee MDDF-16DEN7-WF luchtontvochtiger is uw bondgenoot in het creëren van een fris en comfortabel huis. Of het nu uw badkamer, kelder of keuken is, deze krachtige machine is ontworpen voor ruimtes tot maar liefst 80 m³ (32 m²), waarbij hij tot 16 liter vocht per 24 uur kan verwijderen.  Efficiënte ontvochtiging (max. 16 liter/24 uur) Geschikt voor ruimtes tot ca. 80 m³ (32 m²) App-connectiviteit voor bediening op afstand Intelligente automatische vochtregulering (45-55%) Compatibel met Alexa voor spraakbediening  Intelligente Vochtbestrijding Met de Comfee luchtontvochtiger hoeft u zich geen zorgen meer te maken over de luchtvochtigheid. Dankzij de intelligente ontvochtigingsmodus past het apparaat zich automatisch aan de kamertemperatuur aan, waarbij het de luchtvochtigheid binnen een comfortabel bereik van 45 tot 55 procent houdt. Smart Home Geïntegreerd Dit apparaat is niet zomaar een ontvochtiger; het is een slimme hub voor uw huis. Met de handige app kunt u de ontvochtiger overal en altijd monitoren en bedienen. Stel u voor dat u op de terugweg van werk bent en u wilt dat uw huis comfortabel en droog is bij thuiskomst – met een paar tikken op uw smartphone is het geregeld. Bovendien is de ontvochtiger compatibel met Alexa, wat betekent dat uw stem het commando is. Een Gezonde Keuze Met zijn krachtige prestaties maakt de Comfee MDDF-16DEN7-WF luchtontvochtiger het leven voor mensen met allergieën en ademhalingsproblemen een stuk aangenamer. Schimmelsporen en huisstofmijt krijgen geen kans, wat de luchtkwaliteit ten goede komt en het welzijn bevordert. Productspecificaties: Merk: Comfee Model: MDDF-16DEN7-WF Ontvochtigingscapaciteit: 16 L/24 uur Geschikt voor ruimtes: tot 80 m³ (32 m²) Connectiviteit: Wi-Fi, Compatibel met Alexa Vochtregulering: 45-55% automatisch Perfect voor:  Badkamers Kelders Wasruimtes Keukens Slecht geventileerde ruimtes  Zorg voor een gezond binnenklimaat met de Comfee luchtontvochtiger. Haal hem vandaag nog in huis en ervaar het verschil in luchtzuiverheid en comfort!
"
341,Mobiele ontvochtiger 50L/dag MW Tools BD50H,,MW Tools,,,,"439,17",,https://www.bol.com/nl/nl/p/mobiele-ontvochtiger-50l-dag-mw-tools-bd50h/9300000159988984/,6,"
Mobiele luchtontvochtiger met hoge capaciteit van 50 liter per dag Voor het ontvochtigen van lokalen met hoge luchtvochtigheid (kelders, waslokaal, zwembad), of na waterschade (vloeren, tapijten, wanden) Ook geschikt voor het sneller drogen van bouwwerken (pleisterwerk, vloeren) Kenmerken:  Hoge capaciteit: 50 liter per 24 h Geluidsarm: slechts 55 dB Timer functie 0-24 h Tank van 6 liter, kan uitgenomen worden voor het leegmaken. Een alarm gaat af bij volle tank en de ontvochtiger zal zichzelf automatisch uitschakelen Functie ‘Waslokaal’ voor het snel drogen van kledij die boven de ontvochtiger opgehangen wordt Automatische werking met hygrostaat Roterende compressor Digitaal display met aanduiding van de actuele en gewenste luchtvochtigheid Automatische ontdooifunctie (defrost) in temperaturen onder 10°C Compacte afmetingen, kan discreet in de ruimte opgesteld worden Milieuvriendelijk koelmiddel R290 Aansluiting voor afvoerslang. Dit laat toe om de tank continu leeg te maken, en het droogproces niet te moeten onderbreken voor een volle tank Met 4 wielen en draagbeugel Kinderslot  De capaciteit van bouwdrogers is opgegeven voor verwarmde ruimtes. Warmere lucht kan meer waterdamp bevatten, zodat de efficiëntie van de bouwdroger hoger ligt. Referentiecapaciteit opgegeven bij 30 °C. Bij lage temperaturen ligt de afgiftecapaciteit lager.
"
342,Lescha LDH 300 bouwdroger - 30-50 m2 - 700W,,Lescha,,,,"749,-",,https://www.bol.com/nl/nl/p/lescha-ldh-300-bouwdroger-30-50-m2-700w/9300000142566163/,0,"
LDH 300 bouwdroger De Lescha LDH 300 bouwdroger is uitgerust met een digitale programmeerbare display en eenvoudig in gebruik. Geschikt voor een werkruimte van 30-50 m2. Specificaties van de LDH 300:  Zeer stille droger Hygrostaat gestuurde ontvochtiger Roterende compressor CFK-vrij Milieuvriendelijk koelmiddel R-407C Hoog werkbereik Met hydrometer  Motor (V/Hz) 230/50 Vermogen (W) 700 Luchtopbrengst (m³/u) 350 Werkruimte (m²) 30-50 Werkbereik (˚C) 5-32 Droogcap 30˚/80˚ (l/u) 30/24 Capaciteit waterbak (l) 5.0 Gewicht (kg) 27
"
343,Luchtontvochtiger slaapkamer - Luchtontvochtiger en luchtreiniger - Vochtvreter elektrisch,,Merkloos,,,,"765,95",,https://www.bol.com/nl/nl/p/luchtontvochtiger-slaapkamer-luchtontvochtiger-en-luchtreiniger-vochtvreter-elektrisch/9300000166912857/,4,"
  Ontvochtigingscapaciteit tot 40 liter per dag + WLAN-besturing (Tuya Smart)!   Elektrische hygrostaat (LED) voor het regelen en aanpassen van de gewenste luchtvochtigheid + helder display incl. Toon huidige temperatuur, huidige vochtigheid en status samenvatting!   Timerfunctie, om de automatische verrichtingstijd tussen 1-24 uren te selecteren + geschikt voor ononderbroken verrichting / ononderbroken Ontvochtiging !   Twee niveaus van ventilator / luchtcirculatie (zwak + sterk) + automatische professionele ontdooi functie!   Uitgerust met een zeer efficiënte roterende compressor (een van de krachtigste compressoren op de markt) + stroomverbruik van slechts max. 495 Watt!   Vochtigheidsregeling van 30% tot 90% + automatische functie, d.w.z. het apparaat schakelt automatisch uit incl. ventilator na het bereiken van de gewenste luchtvochtigheid en schakelt ook automatisch weer in wanneer het demper krijgt!   Verwijderbare condenswatertank + aansluitmogelijkheid van een slang voor eindeloze afvoer van het condenswater (slang is inbegrepen)!   Werking waarschuwingslampje + volledig onderhoudsvrij / geen aparte of vernieuwde koelvloeistof nodig (gesloten circuit)!   Zeer gemakkelijk te verplaatsen dankzij draaghandvat en zwenkwielen + Wasbaar antibacterieel luchtfilter + Modern design en aantrekkelijke uitstraling!  
"
344,Nueva Vida - Ontvochtiger 2in1 - Luchtreiniger - Inhoud 1L - Led Sfeerverlichting - Verbeterde Luchtkwaliteit - Slaapkamer/Huiskamer - Compact - Zwart,,Merkloos,,,,"76,95",,https://www.bol.com/nl/nl/p/nueva-vida-ontvochtiger-2in1-luchtreiniger-inhoud-1l-led-sfeerverlichting-verbeterde-luchtkwaliteit-slaapkamer-huiskamer-compact-zwart/9300000172093640/,9,"
Creëer een Frisse Leefomgeving met de Nueva Vida 2-in-1 Ontvochtiger en Luchtreiniger Ontdek de perfecte oplossing voor een gezonde en aangename leefruimte met de Nueva Vida 2-in-1 Ontvochtiger en Luchtreiniger. Deze compacte, zwarte eenheid biedt niet alleen verbeterde luchtkwaliteit, maar voegt ook een vleugje sfeer toe met led-sfeerverlichting. Lees verder om te ontdekken hoe deze multifunctionele apparaat jouw slaapkamer of huiskamer kan transformeren. Adem Zuivere Lucht In: Laat de Nueva Vida 2-in-1 Ontvochtiger en Luchtreiniger jouw bondgenoot zijn in het handhaven van een gezonde leefomgeving. Deze stijlvolle en compacte eenheid is ontworpen om overtollig vocht te verminderen en de lucht om je heen te zuiveren, zodat je kunt genieten van een frisse ademhaling. Kenmerken en Voordelen:   Dubbele Functionaliteit: Ontvochtig je ruimte en zuiver tegelijkertijd de lucht voor een optimale leefomgeving, zowel in de slaapkamer als in de huiskamer.   Led Sfeerverlichting: Creëer een ontspannen ambiance met de instelbare led-sfeerverlichting. Pas de kleur aan op je stemming en geniet van een rustgevende atmosfeer.   Compact en Stijlvol Design: Met een inhoud van 1L is deze ontvochtiger/luchtreiniger compact genoeg om overal te passen. Het moderne zwarte design voegt een vleugje elegantie toe aan jouw interieur.  Energiezuinig: Met een verbruik van 36W is hij ook zeer energiezuinig. Je kunt de luchtontvochtiger dus zonder zorgen 24/7 aan laten staan!  Technische Details:  Inhoud: 350 ml Kleur: Zwart Led-sfeerverlichting met instelbare kleuren Geluidsniveau: <30 dB  Inbegrepen:  Nueva Vida luchtontvochtiger Stroomkabel voor eenvoudige aansluiting Handleiding voor een probleemloze installatie    Transformeer jouw leefruimte met de Nueva Vida 2-in-1 Ontvochtiger en Luchtreiniger. Bestel nu en geniet van een gezonde, frisse lucht en een sfeervolle omgeving. Investeer in jouw welzijn en creëer de perfecte leefomgeving. Bestel de Nueva Vida 2-in-1 Ontvochtiger en Luchtreiniger vandaag nog!
"
345,Klarstein AeroDry 10 Luchtontvochtiger - 165 W - 10 l/d - 25 m² - DrySelect - 37 dB - Wit,,Klarstein,,,,"244,99",,https://www.bol.com/nl/nl/p/klarstein-aerodry-10-luchtontvochtiger-165-w-10-l-d-25-m-dryselect-37-db-wit/9300000165432623/,8,"
Schone lucht en de ideale luchtvochtigheid: De Klarstein AeroDry 10 luchtontvochtiger droogt niet alleen vochtige ruimtes na bouwwerkzaamheden, renovatie en waterschade. Hij regelt ook moeiteloos de luchtvochtigheid in keuken, bad- en slaapkamer en bevrijdt de lucht, dankzij het ingebouwde actieve koolfilter, betrouwbaar van stof, bacteriën en onaangename luchtjes! Met een krachtig vermogen van 165 watt en een luchtcirculatie van 265 m³ per uur onttrekt de krachtige luchtontvochtiger tot 10 liter vocht per dag uit de lucht - daarmee is de  Klarstein AeroDry 10luchtontvochtigerideaal voor ruimtes tot 25 m². Een grote tank, van 2,5 liter, vangt het water op en kan moeiteloos worden geleegd. Handig is ook het gebruik: Via het display bovenop wordt de AeroDry 10 met behulp van maar een paar toetsen voor zijn taak geprogrammeerd. Zo kan de doelluchtvochtigheid in stappen van 5 procent, tussen 40 en 80% relatieve luchtvochtigheid worden ingesteld. Bovendien staat een 24-uurs timer en de keuze tussen smart modus en luchtreinigingsmodus tot je beschikking.  Het is gemakkelijker dan ooit om de perfecte luchtvochtigheid te bereiken. De Klarstein AeroDry 10 luchtontvochtiger zorgt voor schone lucht en een aangename luchtvochtigheid.  Eigenschappen:  265 m³/h luchtcirculatie: 10 liter / 24 uur ontvochtigingsvermogen  Snel droog: bevordert het drogen van de schone was  Elegant design: blikvanger door gebogen lijnvoering  Geen kans voor vocht: regelt betrouwbaar de luchtvochtigheid  2,5 liter watertank: voor lange bedrijfsduur zonder legen Omvang Levering:   1 x Luchtontvochtiger Meertalige gebruikershandleiding  Afmetingen:   Afmetingen: ca. 35 x 49 x 19,5 cm (BxHxD) Lengte kabel: ca. 160 cm Gewicht: ca. 10,7 kg  Artikelnummer: 10045548
  "
346,"Deleaboa Luchtontvochtiger - 350ml/dag - Slaapkamer, Badkamer, Woonkamer en Kantoor - Zwart",,Deleaboa,,,,"150,-",,https://www.bol.com/nl/nl/p/deleaboa-luchtontvochtiger-350ml-dag-slaapkamer-badkamer-woonkamer-en-kantoor-zwart/9300000168841268/,9,"
Wil je genieten van een frisse en gezonde lucht in je huis? Deze luchtbevochtiger is precies wat je nodig hebt! Met een strak en modern ontwerp, efficiënte prestaties en een reeks handige functies, zal deze luchtbevochtiger je leefruimte verbeteren op verschillende manieren. Specificaties:   Gewicht: Slechts 1,5 kg, waardoor het gemakkelijk te verplaatsen is naar elke kamer in huis.   Capaciteit: Met een royale capaciteit van 1000 ml kun je langdurige vochtigheid genieten zonder constante bijvulling.   Grootte: Compacte afmetingen van 135x152x250mm, past gemakkelijk op elke tafel of nachtkastje.   Ingangsspanning: Geschikt voor spanningen tussen 100-240V, waardoor het wereldwijd bruikbaar is.   Kleur: Verkrijgbaar in stijlvol wit en zwart om bij je interieur te passen.   Geluid: Fluisterstille werking met een geluidsniveau van ≤ 45db, ideaal voor gebruik in de slaapkamer of op kantoor zonder enige verstoring.   Kenmerken:   Rustig: Geniet van een stille en ontspannende sfeer terwijl de luchtvochtigheid in je ruimte wordt verbeterd.   Draagbaar: Dankzij het lichte gewicht en de compacte afmetingen kun je de luchtbevochtiger gemakkelijk verplaatsen en meenemen naar waar je maar wilt.   Efficiënt: Met zijn grote capaciteit en efficiënte werking zal deze luchtbevochtiger de luchtvochtigheid in je ruimte snel verhogen.   Milieuvriendelijk: Deze luchtbevochtiger is ontworpen met milieuvriendelijke materialen en verbruikt weinig energie, wat goed is voor zowel jou als de planeet.   Anion Zuivering: De ingebouwde anion zuiveringstechnologie helpt bij het verwijderen van schadelijke deeltjes en verbetert de luchtkwaliteit.   Kleurrijke Sfeer Lamp: Creëer een ontspannende sfeer in je huis met de kleurrijke sfeerlamp die verschillende lichtstanden biedt.   Automatische Emmer Volledige Uitschakeling: Maak je geen zorgen over overstromingen. Deze luchtbevochtiger schakelt automatisch uit wanneer de emmer vol is.   Automatisch Ontdooien: Voor probleemloos gebruik in koude omstandigheden, de luchtbevochtiger heeft een automatische ontdooifunctie.   Emmer Volledig Indicatorlicht: Je zult altijd weten wanneer het tijd is om de emmer leeg te maken, dankzij het handige indicatorlicht.   Kortom, deze luchtbevochtiger is de perfecte aanvulling op je huis om de luchtkwaliteit te verbeteren, de sfeer te verfraaien en je te voorzien van een rustige en gezonde leefomgeving. Bestel hem vandaag nog en geniet van alle voordelen die dit geweldige product te bieden heeft!
"
347,Fral Comfort 26 Luchtontvochtigers,,Fral,,,,"495,-",,https://www.bol.com/nl/nl/p/fral-comfort-26-luchtontvochtigers/9200000015464921/,0,"
    Fral Comfort 26 is een eenvoudig verplaatsbare luchtontvochtiger voor ruimtes tot circa 180 m2. Deze ontvochtiger heeft standaard een ontvochtigingscapaciteit van 26 liter per dag, gemeten bij 32 °C en 90 % relatieve vochtigheid.De mobiele luchtontvochtiger is uitgevoerd met een instelbare hygrostaat en voorzien van een koppeling voor een permanente afvoer en een optionele opvoerpomp. Beschikt over een duurzaam en stevig frame en behuizing.
  "
348,TROTEC Luchtontvochtiger TTK 100 E,,Trotec,,"4,0",7,"314,95",,https://www.bol.com/nl/nl/p/trotec-luchtontvochtiger-ttk-100-e/9200000039881301/,7,"
Met de TTK 100 E beschikt u over een trendy luchtontvochtiger, die een geslaagd design combineert met innovatieve gebruiksmogelijkheden.
In vergelijking met analoge bedieningsknoppen met een voorkeuze van minimum- tot maximumbedrijf zonder aanduiding van de eenheid, kunt u bij de TTK 100 E direct de gewenste luchtvochtigheidswaarde via het digitale display invoeren. Een geïntegreerde hygrostaat voert deze waarde vervolgens volledig automatisch door en regelt zelfstandig de capaciteit van de compressor en de tweetraps-ventilator.
De digitale weergave op het overzichtelijke en begrijpelijke bedieningspaneel, toont u o.a. de ingevoerde streefwaarde en de daadwerkelijke relatieve luchtvochtigheid en temperatuur in de ruimte. Verder heeft het apparaat een timerfunctie, een automatisch foutdiagnosesysteem en een memoryfunctie. De geïntegreerde memoryfunctie zorgt ervoor dat de ingestelde luchtvochtigheidswaarde en de bedrijfsmodus ook na uitschakeling opgeslagen blijven. De wasdroogfunctie maakt de functionaliteit van de comfortabele luchtontvochtiger helemaal compleet. De geïntegreerde separate slangaansluiting maakt ook bij onbeheerd continubedrijf het afvoeren van condens mogelijk – de ideale voorwaarde voor permanent gebruik, bijvoorbeeld in hobbyruimten of vakantiewoningen.
Veilig voor uw was: drogen met behulp van een luchtontvochtiger
Behalve voor het ontvochtigen van de lucht in een ruimte kan een luchtontvochtiger ook eenvoudig worden ingezet voor het drogen van was - ter ondersteuning of compleet ter vervanging van een gebruikelijke wasdroger. De wasdroogfunctie (ook wel textieldroog-modus of superdry-functie genoemd) is vergelijkbaar met het traditioneel drogen van de was in de buitenlucht.
Luchtontvochtigers hebben als voordeel dat de was net als in de buitenlucht op een veilige manier wordt gedroogd. Kleuren blijven behouden en de kleding blijft langer mooi dan bij het gebruik van wasdrogers en daarbij wordt ook nog eens minder energie verbruikt.
Bovendien kunnen wol, zijde of fijne synthetische stoffen zonder problemen worden gedroogd. In tegenstelling tot het drogen van de was buiten blijft de was zachter en voelt prettiger aan op de huid.
Was kan ook gedroogd worden met luchtontvochtigers zonder wasdroogfunctie. De luchtvochtigheidswaarde moet dan als volgt worden ingesteld:
Kastdroog: 46 % relatieve luchtvochtigheid
Strijkdroog: 58 % relatieve luchtvochtigheid
Licht gedroogd: 65 % relatieve luchtvochtigheid
 
Propaan (R290) als milieuvriendelijk koudemiddel in luchtonvochtigers
Jaarlijks worden door het gebruik van synthetische koudemiddelen miljoenen tonnen milieu-onvriendelijk C02 (broeikasgassen) uitgestoten. Daarom stellen wij ons ten doel gebruik te maken van alternatieve koelmiddelen. Doordat er bij deze luchtontvochtiger gebruik wordt gemaakt van propaan (R290) als koudemiddel wordt er een waardevolle bijdrage geleverd aan de bescherming van het milieu.
Het natuurlijke koudemiddel propaan (R290) is een organische verbinding en behoort tot de koolwaterstoffen. In tegenstelling tot synthetische koudemiddelen zorgt het milieuvriendelijke propaan (R290) noch voor aantasting van de ozonlaag (ODP = 0) noch voor een toename van het broeikas-effect (GWP = 3).
Nog een extra voordeel voor het milieu: dankzij de voortreffelijke thermodynamische eigenschappen is propaan (R290) een bijzonder energiezuinig koudemiddel waardoor aanzienlijk wordt bespaard op de kosten voor elektriciteit.
Voordelen in de praktijk:

Hygrostaatgeregelde ontvochtigingsautomaat met voorkeuze tussen 30 en 80% r.v. in stappen van 10%. Zodra de gewenste ruimteluchtvochtigheid is bereikt, schakelt de compressor vanzelf weer uit. De ventilator draait door. Bij overschrijding wordt het apparaat automatisch weer geactiveerd.
Continubedrijf
Weergave van de gewenste luchtvochtigheid, de daadwerkelijke luchtvochtigheid en temperatuur in de ruimte
Memoryfunctie
Automatisch foutdiagnosesysteem
Wasdroogfunctie
Gemakkelijk te bereiken luchtfilter, eenvoudig te reinigen. Filtert dierenhaar, pluizen, veertjes, stof en voorkomt bacteriegroei.
Timerfunctie
Automatische heetgas-ontdooiing
Aansluiting voor externe condensafvoer
2 ventilatorsnelheden
Waarschuwingslampje bij vol waterreservoir
Overloopbeveiliging met automatische uitschakeling

"
349,Pingi Navulzakken voor luchtontvochtiger set á 4 zaken van 450 gram,,Pingi ®,,,,"19,95",,https://www.bol.com/nl/nl/p/pingi-navulzakken-voor-luchtontvochtiger-set-a-4-zaken-van-450-gram/9300000082453426/,0,"
Navulling voor luchtontvochters.Geschikt voor Pingi Xtreme / Power dry. Bovendien geschikt voor de meeste andre traditionelr ontvochtigers. Letop plaats uw luchtontvochtiger altijd op een stabiel oppervlakt.  Signaalwoord
Aandacht
GHS / H-gevarenaanduidingen

H 319: Veroorzaakt ernstige oogirritatie. (H 319)

GHS-voorzorgsmaatregelen

P 101: Indien medisch advies nodig is, productverpakking of etiket bij de hand houden. (P101)
P 102: Buiten bereik van kinderen houden (P 102)
P 280: Beschermende handschoenen/beschermende kleding/oogbescherming/gelaatsbescherming dragen. (P280)
P 305+351+338: CONTACT MET DE OGEN: Voorzichtig afspoelen met water gedurende een aantal minuten. Verwijder contactlenzen indien van toepassing/mogelijk. Ga door met spoelen. (P305+351+338)
P 337+313: Bij aanhoudende oogirritatie: een arts raadplegen. (P337+313)

"
350,Equivera Luchtontvochtiger - Luchtontvochtiger Slaapkamer - Luchtontvochtigers - Dehumidifier - Luchtontvochtiger Badkamer - Luchtontvochtiger Woonkamer - Luchtontvochtiger Huis,,Merkloos,,,,"547,95",,https://www.bol.com/nl/nl/p/equivera-luchtontvochtiger-luchtontvochtiger-slaapkamer-luchtontvochtigers-dehumidifier-luchtontvochtiger-badkamer-luchtontvochtiger-woonkamer-luchtontvochtiger-huis/9300000165849000/,5,"
Bent u op zoek naar een doeltreffende en fluisterstille oplossing om overtollig vocht in uw huis aan te pakken? De WDH-DS3 Adsorptie Ontvochtiger biedt u een krachtige ontvochtigingscapaciteit tot 10 liter per dag – en dat allemaal zonder het gebruik van een compressor of koelmiddel, wat hem ideaal maakt voor zowel ecologisch bewuste huishoudens als voor ruimtes waar stilte een prioriteit is.  Efficiënte ontvochtiging bij temperaturen al vanaf 1°C TÜV ""GS"" gecertificeerd voor uw veiligheid en betrouwbaarheid Elektronische hygrostaat voor precieze vochtigheidscontrole Stille werking voor een ongestoorde omgeving Meerdere bedrijfsmodi inclusief automatisch, turbo droogmodus en luchtreiniging*   *Extra HEPA-filter vereist voor luchtreinigingsmodus  Deze hoogwaardige luchtontvochtiger komt met een elektrische hygrostaat voorzien van een LED-display, waardoor u de luchtvochtigheid nauwkeurig kunt reguleren en aanpassen in stappen van 10%, variërend van ca. 40% tot 70%. Voor degenen die constant gebruik vereisen, ondersteunt de WDH-DS3 ook een continu draaimodus. Ontdek de rust van een stille werking zonder in te boeten aan kracht. Deze ontvochtiger werkt discreet op de achtergrond, waardoor hij perfect is voor gebruik in slaapkamers, woonkamers of kantoren waar stilte gewaardeerd wordt. Het apparaat heeft ook een timerfunctie die u toelaat om een automatische looptijd of starttijd tussen 1 en 24 uur te kiezen. Met een overzichtelijk display krijgt u een heldere weergave van de huidige luchtvochtigheid en statusupdates op elk gewenst moment. Flexibiliteit staat centraal met instelbare lamellen voor gerichte luchtstroom, terwijl drie ventilatorinstellingen (laag, normaal, turbo) u toelaten om de werking aan uw behoeften aan te passen. De WDH-DS3 is bovendien SmartHome-compatibel via een Wi-Fi-stekker en kan bediend worden met een externe timer – een functie die op sommige modellen beschikbaar is. Maak deel uit van de toekomst met een slim en efficiënt ontworpen ontvochtiger die aan uw behoeften voldoet. Perfect voor iedereen die te maken heeft met vochtige ruimtes of die de luchtkwaliteit wil verbeteren zonder veel lawaai. Productspecificaties:  Ontvochtigingscapaciteit: tot 10 l/dag Temperatuurbereik: Effectief vanaf 1°C Hygrostaat: Elektrisch met LED-display Bedrijfsmodi: Standaard, Automatisch, Turbo Droogmodus, Luchtreiniging* Timerfunctie: 1-24 uur Display: Huidige luchtvochtigheid en status Luchtstroomrichting: Instelbaar Connectiviteit: SmartHome-compatibel (via Wi-Fi-stekker) Ventilatorsnelheden: Laag, Normaal, Turbo  Neem vandaag nog de controle over uw huiselijke omgeving en geniet van een comfortabel en gezond binnenklimaat met de WDH-DS3 Adsorptie Ontvochtiger.
"
351,Equivera Luchtontvochtiger - Luchtontvochtiger Slaapkamer - Luchtontvochtigers - Dehumidifier - Luchtontvochtiger Badkamer - Luchtontvochtiger Woonkamer - Luchtontvochtiger Huis,,Merkloos,,,,"99,95",,https://www.bol.com/nl/nl/p/equivera-luchtontvochtiger-luchtontvochtiger-slaapkamer-luchtontvochtigers-dehumidifier-luchtontvochtiger-badkamer-luchtontvochtiger-woonkamer-luchtontvochtiger-huis/9300000165815909/,6,"
Zoekt u een stille en energie-efficiënte oplossing om vochtproblemen in uw huis aan te pakken? Ontdek de veelzijdige draagbare luchtontvochtiger die niet alleen uw ruimte beschermt tegen schimmel en vocht maar ook dient als een sfeervol nachtlicht! Met zijn krachtige prestaties elimineert deze compacte ontvochtiger tot 300 ml vocht per dag, ideaal voor ruimtes van 10-15㎡ zoals slaapkamers, kantoren en badkamers. Door te werken binnen een temperatuurbereik van 15-40°C, is hij geschikt voor vrijwel elk klimaat in uw huis.  Energiezuinig met slechts 23W vermogen Automatische uitschakelfunctie voor extra veiligheid Ultra-stille werking (40dB) - slaap, werk en leef ongestoord Compact en draagbaar ontwerp - gemakkelijk overal te plaatsen Veilig automatisch uit-lichtsignaal bij vol reservoir Multicolor nachtlicht met 7 sfeervolle kleuren  Stille Werking & Energiezuinig Deze luchtontvochtiger werkt zo stil dat u nauwelijks zult merken dat hij aan staat. Met een geluidsniveau van slechts 40dB is deze ontvochtiger stiller dan een fluisterend gesprek, waardoor hij perfect is voor gebruik tijdens uw nachtrust of werkdag. Slim & Veilig Ontwerp Dankzij de automatische uitschakelfunctie en het waarschuwingslicht hoeft u zich geen zorgen te maken over het overlopen van het waterreservoir. Het gebruiksgemak wordt verder verhoogd door het eenvoudige afvoersysteem dat zelfs voor ouderen gemakkelijk te hanteren is. Sfeervol Multicolor Nachtlicht Creëer de gewenste sfeer met het unieke 7-kleuren nachtlicht van de luchtontvochtiger. Kies voor een kleur, laat ze roteren of schakel het licht uit terwijl u slaapt. Het licht is ook praktisch wanneer u 's nachts opstaat en subtiel licht nodig heeft. Draagbaar & Handzaam Deze luchtontvochtiger is niet groter dan de grootte van uw handpalm, wat betekent dat hij zonder moeite in elke kamer past of gemakkelijk kan worden meegenomen. Technische Specificaties:  Effectief in ruimtes van: 10-15㎡ Vermogen: 23W Geluidsniveau: ≤40 dB Capaciteit: 300 ml/dag Afmetingen: Compact en draagbaar  Inhoud Van De Verpakking:  1x Energiezuinige Luchtontvochtiger 1x Gebruikershandleiding  Bestel nu en zeg vaarwel tegen vochtproblemen terwijl u geniet van een rustgevende atmosfeer in uw huis.
"
352,Equivera Luchtontvochtiger - Luchtontvochtiger Slaapkamer - Luchtontvochtigers - Dehumidifier - Luchtontvochtiger Badkamer - Luchtontvochtiger Woonkamer - Luchtontvochtiger Huis,,Merkloos,,,,"178,95",,https://www.bol.com/nl/nl/p/equivera-luchtontvochtiger-luchtontvochtiger-slaapkamer-luchtontvochtigers-dehumidifier-luchtontvochtiger-badkamer-luchtontvochtiger-woonkamer-luchtontvochtiger-huis/9300000165834304/,3,"
Heeft u te kampen met allergieën, astma of ongemak veroorzaakt door hoge vochtigheid in uw leefomgeving? Alpina biedt u een adem van verse lucht met de revolutionaire Mini-Ontvochtiger. Met een robuuste ontvochtigingscapaciteit van 330 ml per dag, is dit apparaat uw antwoord op al die moeilijk te verklaren symptomen die uw thuiscomfort aantasten.  Efficiënte ontvochtiging (330 ml/dag) Ultra-stille werking (35 dB) Compact en draagbaar ontwerp Automatische uitschakeling voor veiligheid 800 ml waterreservoir   Ideaal voor kleine ruimtes en optimale werkomstandigheden  Stil & Krachtig: De Alpina Mini-Ontvochtiger maakt gebruik van geavanceerde Peltier thermo-elektrische technologie, waardoor het apparaat efficiënt en stil is - slechts 35 dB. Ideaal voor gebruik in uw slaapkamer, kantoor, of elke andere plek waar stilte goud waard is. Optimaal Klimaatbeheer: Met de capaciteit om tot 330 ml vocht per dag te onttrekken, zorgt deze mini-ontvochtiger voor een optimale luchtvochtigheid in uw ruimte. Geen zorgen meer over schimmelvorming of ademhalingsproblemen; geniet van een comfortabele luchtvochtigheid en een gezonder huis. Slimme Functies: De Alpina Mini-Ontvochtiger is uitgerust met een eenvoudig te begrijpen indicatielampje dat groen oplicht voor normale werking en rood wanneer het waterreservoir vol is. De automatische uitschakelfunctie zorgt voor extra veiligheid en gemak; u hoeft niet constant te controleren of het apparaat nog aan staat. Moeiteloze Bediening: Het plaatsen en bedienen van de ontvochtiger is een fluitje van een cent. Met een eenvoudige druk op de aan-knop en een duidelijk zicht op het waterreservoir, behoudt u de volledige controle over het vochtbeheer in uw ruimte. Compacte Mobiliteit: Dankzij het compacte formaat van 14,5 x 14,5 x 22,5 cm, kunt u de Alpina Mini-Ontvochtiger gemakkelijk verplaatsen waar u maar wilt. Het is de ideale metgezel voor kleine ruimtes en voor diegenen die flexibiliteit in hun vochtbestrijding nodig hebben. Productspecificaties:  Merk: Alpina Type: Thermo-elektrische Peltier Ontvochtiger Maximale Luchtstroom: 42 CFM Geluidsniveau: 35 dB Capaciteit Waterreservoir: 800 ml Aanbevolen Omstandigheden: >15ºC, >40% RV Afmetingen: 14,5 x 14,5 x 22,5 cm Stroomvereisten: 9 V DC, 2,5 A Ingang: 100-240V 50/60Hz 1,0A  Verpakking bevat:  1x Alpina Mini-Ontvochtiger 1x Gebruikershandleiding 1x Voedingsadapter  Investeer in uw gezondheid en comfort met de Alpina Mini-Ontvochtiger en zeg vaarwel tegen de ongemakken van een hoge luchtvochtigheid. Voeg deze stille krachtpatser nu toe aan uw mandje en geniet van een frisser, droger huis.
"
353,Luchtontvochtiger slaapkamer - Luchtontvochtiger en luchtreiniger - Vochtvreter elektrisch - 12L,,Merkloos,,,,"437,95",,https://www.bol.com/nl/nl/p/luchtontvochtiger-slaapkamer-luchtontvochtiger-en-luchtreiniger-vochtvreter-elektrisch-12l/9300000166874546/,5,"
  Ontworpen en vervaardigd voor installatie in Frankrijk   Capaciteit: de Deos 12 heeft een tank van 2,1 liter. Het kan tot 12 liter/dag absorberen, waardoor het perfect is voor ruimtes tot 35 m2.   Geschikt voor u: heeft 3 niveaus van vochtigheidsinstelling: 40%, 50% en 60%. De ideale elektronische vochtigheidsregeling voorkomt het ontstaan van schimmels en bacteriën. CONTINU-modus ontvochtigt totdat de tank vol is, het apparaat stopt automatisch op dat moment.   Gereinigde lucht: zuivert de lucht uit de omgeving waar deze zich bevindt, verwijdert onaangename geuren en vluchtige organische stoffen door het gebruik van filters   Stil: de uiterst efficiënte compressor vermindert trillingen en zorgt voor een minimaal geluidsniveau: 46 dB (A)   Antivriesfunctie: voorkomt bevriezing van de verdamper, waardoor de levensduur van de ontvochtiger wordt verlengd en de energiebesparing wordt verbeterd.   Milieu: Deos 12 maakt gebruik van milieuvriendelijk natuurlijk koudemiddel (R290) met een lage milieu-impact en een hoge energie-efficiëntie   Automatisch herstarten: het apparaat wordt automatisch hervat met de vorige instelling in geval van stroomuitval -  
"
354,Luchtontvochtiger slaapkamer - Luchtontvochtiger en luchtreiniger - Vochtvreter elektrisch - 5L,,Merkloos,,,,"612,95",,https://www.bol.com/nl/nl/p/luchtontvochtiger-slaapkamer-luchtontvochtiger-en-luchtreiniger-vochtvreter-elektrisch-5l/9300000166875339/,0,"
  Ontvochtigingscapaciteit tot 10 l / dag (zonder compressor en zonder koelmiddel) + reeds koud bij 1 °C goede ontvochtigingscapaciteit + stille bedrijfsmodus + TÜV"" GS "" getest   Elektrische hygrostaat (LED) voor het regelen en aanpassen van de gewenste vochtigheid en vochtregulatie in stappen van 10% van ca. 40% tot 70%, bovendien is continu gebruik mogelijk   Naast de standaardmodus zijn er de volgende bedrijfsmodi: automatische modus, droogmodus (turbo) en luchtreinigingsmodus* (extra HEPA-filter vereist) + automatische functie, d.w.z. het apparaat schakelt automatisch uit met ventilator nadat het doelvochtigheidsniveau is bereikt en schakelt automatisch in wanneer het vochtig wordt   Timerfunctie voor het kiezen van de automatische looptijd of starttijd tussen 1 en 24 uur + helder display (display) met actuele vochtigheidsweergave en statusvoorvertoning   Verstelbare blade blade / blaasrichting + ook geschikt voor continu gebruik, continue Ontvochtiging, SmartHome compatibel (via Wi-Fi plug) + kan worden bediend via een externe timer (alleen mogelijk op sommige apparaten) + drie luchtcircuitinstellingen (laag + normaal + turbo) -   
"
355,TROTEC Luchtontvochtiger TTK 171 ECO,,Trotec,,,,"719,95",,https://www.bol.com/nl/nl/p/trotec-luchtontvochtiger-ttk-171-eco/9200000039881295/,23,"
De TTK 171 ECO beschikt over een eenvoudig in te stellen bedieningstableau met digitale weergave van alle functies. Voor een hygrostaatgestuurde automatische werking kunt u het percentage in procenten instellen, die an met de actuele waarde wordt weergegeven. Door middel van een timer kunt u de aan- en uitschakel-tijden instellenen dankzij de geintegreerde geheugenfuncitie blijven deze instellingen ook na een stroomstoring gehandhaafd. Door de mogelijkheid tot aanlsuiten van een externe condensafvoer - eventueel met een optionele pomp, indien van toepassing, is de TTK 171 ECO geschikt, zoals ook alle andere ECO-modellen optimaal geschikt voor langere onbewaakte inzet voor drooghouding. Omdat de TTK 171 ECO van een speciale drukventilator is voorzien, kan deze machine ook voor bouwdroging of voor droging van holle ruimtes worden ingezet, door eenvoudig een luchtslang aan de optioneel verkrijgbare adaptercontactdoos wordt bevestigd.* Hoog ontvochtinginsbereik ook bij lage temperaturen * Robuste staalcontstructie * Dankzij de roterende compressor goed te transporteren en geschikt voor opslag* Timer-functie * Luchtslangaansluiting voor betrouwbare bouwdroging * Elektronische hygrostaat met digitale instelling * Waarschuwingslampje bij vol waterreservoir * Aansluiting voor externe condensafvoer Let op: specificaties kunnen zonder opgave van redenen in het belang van een lopende productverbetering door de fabrikant worden gewijzigd. Aan de afbeeldingen van producten en eventueel getoonde specificaties of keurmerken kunnen geen rechten worden ontleend  
"
356,Argoclima Dry Nature 11 - Luchtontvochtiger - 45 m2 - 45 dB - Wit,,Argoclima,,,,"182,95",,https://www.bol.com/nl/nl/p/argoclima-dry-nature-11-luchtontvochtiger-45-m2-45-db-wit/9200000105157546/,3,"
Luchtontvochtiger Argoclima Dry Nature 11 is een eenvoudige, slanke en gebruiksvriendelijke ontvochtiger. De verplaatsbare luchtdroger is voor vele toepassingen te gebruiken in ruimtes tot 45 m², hij zorgt al voor luchtontvochtiging bij een ruimtetemperatuur vanaf 5°C. Een kleine luchtdroger, dus makkelijk verplaatsbaar en overal inzetbaar.
De ontvochtiger verwijdert tot 11 liter water per dag en is geschikt voor ontvochtiging in veel soorten ruimtes zoals een woonkamer, slaapkamer, kantoor, hobbyruimte of vakantiewoning.

Tot 45 m², Max. 11 ltr/dag
Slanke en compacte luchtontvochtiger
Stijlvol lucht ontvochtigen!
Aansluiting voor continue condensafvoer
Makkelijk verplaatsbaar

"
357,O.S Exclusives Luchtontvochtiger - Luchtontvochtiger En Luchtreiniger Elektrisch - Luchtontvochtigers Geluidsloos - 220 v / 17 ㎡ / 300 ml,,Merkloos,,,,"137,50",,https://www.bol.com/nl/nl/p/o-s-exclusives-luchtontvochtiger-luchtontvochtiger-en-luchtreiniger-elektrisch-luchtontvochtigers-geluidsloos-220-v-17-300-ml/9300000145522403/,12,"
Deze luchtontvochtiger is een fantastische manier om vocht in uw huis te verminderen, de groei van schimmel en meeldauw te verminderen en de gezondheid van uw gezin te behouden. Het heeft een zeer efficiënte compressor en ventilator die op efficiënte wijze extra vocht snel en geruisloos uit de lucht verwijderen, waardoor uw huis droog en aangenaam blijft. Met de 24 uur timer stel je een gewenste luchtvochtigheid in en met de instelbare hygrostaat controleer je de luchtvochtigheid in huis.  Werken met ontvochtiger: Zet de luchtontvochtiger in de ruimte die je wilt drogen. En de aan/uit-schakelaar moet in de stand ""aan"" worden gezet.  Functies:     Vochtigheidsregeling: Luchtontvochtigers zijn uitgerust met een instelbare vochtigheidsregeling die op een gewenst niveau kan worden ingesteld om de hoeveelheid vocht in de lucht te verminderen. Het heeft ook een zachte toon, zodat je het niet zult horen tijdens het slapen.       Luchtcirculatie: Afhankelijk van het type luchtontvochtiger zijn sommige uitgerust met een ventilator die lucht door de kamer laat circuleren en helpt om het vocht te verwijderen.       Draagbaar: Onze luchtontvochtigers zijn draagbaar en kunnen van het ene gebied naar het andere worden verplaatst. Dit maakt ze perfect voor kleinere kamers, zoals kasten en badkamers.       Automatisch afsluiten: Wordt geleverd met een automatische uitschakelfunctie die de machine automatisch uitschakelt als het waterniveau is bereikt. Dit helpt energie te besparen en overmatig drogen te voorkomen.    Voor- en nadelen  Vochtigheidscontrole  Luchtcirculatie  Draagbaar  Automatische uitschakeling  Niet op batterijen   Specificaties   Vermogen (W):22 W   Spanning (V):220 V   Capaciteit (pinten / 24u):300 ml, 30 ℃, 90% RV.   Sollicitatie:11-20㎡   Dekkingsgebied (m²):17㎡   Functie: Automatische uitschakeling van de emmer, automatisch ontdooien, automatische hygrostaatregeling, verwijderbare watertank   Capaciteit watertank (l): <1L   Afmetingen (L x B x H (inch):24*13*13 cm   Type: Koelontvochtiger   Bevochtigingsvolume: <1,1L/u     Pakket lijst 1* Luchtontvochtiger 1 * Link-kabel 1 * Engelse handleiding  
"
358,Klarstein DryFy Pro 20 - Luchtontvochtiger - Compressie - 20 l/d - 20-30 m² - Wit,,Klarstein,,,,"347,99",,https://www.bol.com/nl/nl/p/klarstein-dryfy-pro-20-luchtontvochtiger-compressie-20-l-d-20-30-m-wit/9300000165432625/,15,"
De eenvoudigste weg naar de ideale luchtvochtigheid: De Klarstein DryFy Pro 20luchtontvochtiger droogt vochtige ruimtes na constructie, renovatie of waterschade of regelt ongecompliceerd de luchtvochtigheid in de keuken, bad- of slaapkamer. Met een luchtcirculatie van 170 m³ per uur onttrekt hij tot 20 liter vocht per dag - daarmee is de  Klarstein DryFy Pro 20 luchtontvochtiger ideaal voor ruimtes van 20 tot 30 m². Een grote tank van 4 liter vangt het water op en kan dankzij de alarmfunctie en automatische uitschakeling wanneer de tank vol is, altijd weer tijdig worden geleegd. Dankzij het eenvoudige bedieningspaneel is het apparaat comfortabel in gebruik, kan het via timer voorgeprogrammeerd worden en kan de gewenste luchtvochtigheid van te voren bepaald worden. Een perfecte luchtvochtigheid bereiken is eenvoudiger dan ooit: De Klarstein DryFy Pro 20 ontvochtiger zorgt voor de beste lucht om in te ademen.  Eigenschappen:  Ideale luchtvochtigheid: 20 liter / 24 uur ontvochtigingsvermogen  Lange looptijd: watertank van 4 liter met alarmfunctie  Programmeerbaar: doelgerichte luchtvochtigheid en timer  Voor 20 tot 30 m²: voor 170 m³/h luchtcirculatie  Auto Swing functie: voor het snel drogen van nat wasgoed Omvang Levering:   1 x Luchtontvochtiger 1 x Waterafvoerslang Meertalige gebruikershandleiding  Afmetingen:   Afmetingen: ca. 38 x 58,5 x 20,5 cm (BxHxD) Lengte kabel: ca. 170 cm Gewicht: ca. 15,4 kg  Artikelnummer: 10045549
  "
359,Equivera Luchtontvochtiger - Luchtontvochtiger Slaapkamer - Luchtontvochtigers - Dehumidifier - Luchtontvochtiger Badkamer - Luchtontvochtiger Woonkamer - Luchtontvochtiger Huis,,Merkloos,,,,"357,95",,https://www.bol.com/nl/nl/p/equivera-luchtontvochtiger-luchtontvochtiger-slaapkamer-luchtontvochtigers-dehumidifier-luchtontvochtiger-badkamer-luchtontvochtiger-woonkamer-luchtontvochtiger-huis/9300000165855834/,5,"
Ervaar je problemen met vocht in huis? De Emerio luchtontvochtiger is dé oplossing om vocht, condensatie en onaangename geuren te lijf te gaan in ruimtes tot 25 m² - ideaal voor badkamers, kelders en keukens. Zeg vaarwel tegen schimmel en verwelkom een frisser thuis met de efficiënte ontvochtiging van wel 12 liter per dag.  Efficiënte ontvochtiging (tot 12L per dag) Geschikt voor ruimtes tot 25 m² Voorkomt condensatie en schimmel Droogfunctie voor wasgoed   Waterreservoir capaciteit van 2L  Gebruiksgemak op Zijn Best De Emerio luchtontvochtiger maakt het eenvoudig om een gezond binnenklimaat te onderhouden. Het gebruiksvriendelijke digitale display biedt controle over luchtvochtigheid (30-90%), timer en verschillende standen, terwijl het waterreservoir met een capaciteit van 2 liter en waterpeilindicator zorgt voor eenvoudig onderhoud. Wanneer het vol is, schakelt het apparaat automatisch uit met een waarschuwingssignaal. Mobiel & Veelzijdig Met een licht gewicht van circa 10 kg is deze luchtontvochtiger ongekend mobiel. Verplaats hem moeiteloos naar waar hij het meest nodig is. Daarnaast maakt de meegeleverde afvoerslang continu gebruik mogelijk zonder legen. Stil en Krachtig Drie standen voor elke behoefte: handmatig voor gepersonaliseerde vochtigheidsregeling, slaapstand voor een fluisterstille werking, en droogstand om wasgoed snel te drogen zonder de luchtvochtigheid in te stellen. Ontworpen voor Comfort De Emerio luchtontvochtiger is meer dan alleen een functioneel apparaat; het is een aanvulling op je comfortabele leefomgeving. Geniet van een droger, frisser huis zonder het ongemak van overtollig vocht. Productspecificaties: Merk: Emerio Capaciteit: Tot 12 liter per dag Geschikt voor: Ruimtes tot 25 m² Functies: Luchtvochtigheidregeling, timer, slaapstand, droogstand Geluidsniveau: Laag (slaapstand) Gewicht: Circa 10 kg Waterreservoir: 2 liter, met automatische uitschakelfunctie Inhoud bestelling: 1x Emerio Luchtontvochtiger 1x Afneembaar waterreservoir 1x Afvoerslang 1x Gebruiksaanwijzing Haal de Emerio luchtontvochtiger in huis voor een gezonder klimaat en een aangenamer wooncomfort. Bestel nu en profiteer van een droger, frisser huis, elke dag weer.
"
360,"Air&Me Orain Black - Luchtontvochtiger 0,75 l / dag + 20m² - zwart",,Air&Me,,,,"142,39",Op voorraad,https://www.bol.com/nl/nl/p/air-me-orain-black-luchtontvochtiger-0-75-l-dag-20m-zwart/9300000027501045/,8,"
    Air&Me ORAIN BLACK luchtontvochtiger Een compacte en discrete luchtontvochtiger.Het strakke ontwerp integreert perfect in alle soorten interieurs.Zowel energiezuinig als stil, ideaal voor kleine ruimtes.ORAIN is een gebruiksvriendelijke luchtontvochtiger.Hij heeft twee snelheden waarmee hij ruimtes tot 20 m2 kan ontvochtigen.Het verwijderbare en wasbare voorfilter zorgt ervoor dat het stof kan opvangen en verlengt de effectiviteit.ORAIN stopt automatisch zodra de tank vol is.Het is ook uitgerust met een continue drainage -functie en de tank heeft zelfs een uitlaat voor een opvoerpomp.U hoeft de tank dus niet te legen.ORAIN is uitgerust met de zogenaamde Peltier effect technologie.Bij dit ontvochtigingsproces wordt een sterke thermische verandering toegepast op de vochtige lucht die de unit binnenkomt, waarbij alle watermoleculen worden afgezogen en zo droge lucht wordt verkregen bij de uitgang van het apparaat. • Afmeting: 36,4 x 20 x 13,3 cm • Maximale ontvochtiging: 0,75 liter • Watertank: 2 liter • Kleur: zwart
"
361,"DiverseGoods Luchtontvochtiger voor de auto, oplaadbaar, vochtkussen, magnetron, snel werkende ontvochtigingszak voor auto, kelder, garage, camper, vochtverwijdering",,Merkloos,,,,"69,95",,https://www.bol.com/nl/nl/p/diversegoods-luchtontvochtiger-voor-de-auto-oplaadbaar-vochtkussen-magnetron-snel-werkende-ontvochtigingszak-voor-auto-kelder-garage-camper-vochtverwijdering/9300000172237435/,5,"
 Hoogwaardige siliconen luchtontvochtiger voor de auto, nooit meer beslagen autoruiten. Het droogkussen verwijdert het in de lucht aanwezige vocht en voorkomt daardoor condensvorming in het auto-interieur. Ook als luchtontvochtiger binnenshuis te gebruiken. Herbruikbaar en duurzaam, milieuvriendelijk en betaalbaar. Hoge duurzaamheid van het vochtkussen door ongecompliceerd drogen in de magnetron, oven, zon of verwarming. Gebruik de auto-ontvochtiger gedurende meerdere winters. Veilige en hygiënische natuurlijke stoffen van de hoogste kwaliteit, echt kleigranulaat voorkomt dat ramen binnenin bevriezen. Door het ontvochtigingseffect worden tegelijkertijd onaangename geuren verwijderd. Je hoeft je geen zorgen te maken dat je je gezondheid of de gezondheid van je gezin beschadigt, het is volledig niet giftig De veelzijdige luchtontvochtiger voorkomt corrosie, roest en schimmelvorming en zorgt ervoor dat je auto, kelder, kledingkast of kamer droog blijft Inhoud van de levering: je ontvangt een vochtverwijderingskussen met 2,0 kg Magic-silicavulling voor het ontvochtigen van auto's, kasten en binnenruimtes. Voldoet aan de ontvochtigingsbehoeften van het gezin 
"
362,Equivera Luchtontvochtiger - Luchtontvochtiger Slaapkamer - Luchtontvochtigers - Dehumidifier - Luchtontvochtiger Badkamer - Luchtontvochtiger Woonkamer - Luchtontvochtiger Huis,,Merkloos,,,,"389,95",,https://www.bol.com/nl/nl/p/equivera-luchtontvochtiger-luchtontvochtiger-slaapkamer-luchtontvochtigers-dehumidifier-luchtontvochtiger-badkamer-luchtontvochtiger-woonkamer-luchtontvochtiger-huis/9300000165876686/,8,"
Ontdek de Greenmigo Luchtontvochtiger: De Krachtpatser in Vochtreductie! Heb je last van hoge luchtvochtigheid thuis, op kantoor of in de kelder? De Greenmigo luchtontvochtiger biedt een superieure oplossing. Uitgerust met een premium R290 luchtcompressor, verwijdert deze machine tot 13 liter overtollig water per dag, bescherm je muren en meubels tegen vochtschade en geniet van een gezonder leefklimaat.  Hoge Capaciteit: 13 liter per dag om efficiënt vocht te reduceren. Realtime Vochtigheidsweergave & -regeling: Stel eenvoudig je gewenste vochtigheidsgraad in van 30% tot 80%. Ultra-rustige Nachtmodus: Slaap ongestoord met minder dan 35 dB geluidsniveau. Ruime Watertank: Een 2.3L watertank met automatische uitschakelfunctie. Afvoerleiding: Continue afvoer mogelijkheid voor langdurig gebruik. Slim & Draagbaar: Handgrepen voor gemakkelijke verplaatsing waar nodig.  Effectiviteit en Gemak Of je nu condensatie op de ramen, muffe geuren of de gevolgen van een te hoge luchtvochtigheid wilt aanpakken, de Greenmigo ontvochtiger doet het werk. Het apparaat verlaagt niet alleen de vochtigheid, maar helpt ook de luchtkwaliteit te verbeteren, waardoor je leefomgeving aangenamer en gezonder wordt. Perfecte Controle over Je Klimaat Het zichtbare digitale display laat je de actuele luchtvochtigheid zien en met de instelbare hygrostaat behoud je volledige controle over het binnenklimaat. Van het voorkomen van vochtige muren tot het beschermen van je muziekinstrumenten of boeken, deze ontvochtiger biedt je de precisie die je nodig hebt. Nachten van Rust Activeer de nachtmodus en geniet van een rustige omgeving met een geluidsniveau dat zelfs stiller is dan een bibliotheek. Zonder storende geluiden kun je heerlijk doorslapen en ontwaken in een frisse, droge kamer. Slimme Functionaliteiten Met een grote watertank die zelf uitschakelt als deze vol is en een optionele afvoerslang voor continu gebruik, is de Greenmigo ontvochtiger ontworpen voor jouw gemak. En met de draagbare constructie kun je het apparaat moeiteloos verplaatsen naar elke ruimte die een vochtvrije lucht behoeft. Productspecificaties:  Merk: Greenmigo Dagelijkse Ontvochtigingscapaciteit: 13L Watertank Capaciteit: 2.3L Geluidsniveau: <35 dB Vochtigheidsregeling: 30% - 80% Draagbaarheid: Handgrepen voor eenvoudig transport  Inhoud van de Verpakking:  1x Greenmigo Luchtontvochtiger 1x 2.3L Watertank 1x Afvoerslang 1x Gebruiksaanwijzing  Maak nu kennis met de Greenmigo luchtontvochtiger en zeg vaarwel tegen vochtproblemen in je leefruimte. Bestel vandaag en ervaar de verfrissende verandering!
"
363,Luchtontvochtiger - Stil - Nachtlampje - Energie zuinig- Minimalistisch - Veilig - Woonkamer Slaapkamer Badkamer of Kelder,,Merkloos,,,,"165,95",,https://www.bol.com/nl/nl/p/luchtontvochtiger-stil-nachtlampje-energie-zuinig-minimalistisch-veilig-woonkamer-slaapkamer-badkamer-of-kelder/9300000128584982/,6,"
DOOR ONS ALS BESTE BEWEZEN ALS NACHTLAMPJE ÉN LUCHTONTVOCHTIGER2in1 werking als luchtontvochtiger en fijn (nacht)lampje in verschillende kleurenTip: Zet onze luchtontvochtiger 1uur voor het slapen aan in de slaapkamer. Heb jij last van vocht in huis? Of erger en ben jij radeloos met de schimmel in jouw woning? Dan helpt onze luchtontvochtiger jou graag! Eenvoudig in gebruik, laag in energiegebruik en fantastisch in zijn werk!Plus- en minpunten+ Doet er alles aan om de luchtkwaliteit te verbeteren+ Automatische uitschakeling+ + Ook bruikbaar als nachtlampje in 7 LED kleuren+ Zeer stil 39db++ Zeer energie zuinig en milieu vriendelijk+ Bij 24h gebruikt +/- 0,552 kWh Precies het juiste formaatOnze luchtontvochtiger is goed voor het verwijderen van wel 300ml vocht per dag.Zo wordt jouw luchtkwaliteit aanzienlijk beter! En daar doen we het voor.Ideaal om te gebruiken tot ruim 20m2, dat betekent dat iedere omgeving geholpen kan worden met deze luchtontvochtiger! Nog belangrijker is dat de luchtontvochtiger klein compact en klein is en minder dan de grootte van een handpalm inneemt.Ruim reservoir Een verwijderbare watertank met een grootte van ontvochtigingcapaciteit van 300ml per dag. Deze luchtontvochtiger zorgt ervoor dat de luchtvochtigheid in jouw woning perfect gewaarborgd wordtDaarnaast schakelt de luchtontvochtiger automatisch uit en knippert het indicatie lampje. Handig he?Laag energieverbruik 40DBWe zijn druk bezig met het verbeteren van ons klimaat. Daarom gebruikt onze luchtontvochtiger gebruik van automatische aan/- en uitschakeling. En gebruikt deze minimalistische Luchtontvochtiger precies de energie die hij nodig heeft. Hij schakelt uit als de juiste vochtigheidsgraad is behaald, daarmee wordt de veiligheid in jouw woning gewaarborgd.Muisstille slaapmodus (ideaal voor in de slaapkamer)Terwijl jij slaapt zorgt deze luchtontvochtiger voor de perfecte luchtvochtigheid. De aanwezigheid van vocht wordt reduceert tot het minimum. Daardoor zal de luchtontvochtiger de slaapkwaliteit verbeteren. Tevens de mogelijkheid te dienen als sfeervolle lamp of nachtlampje in 7 kleuren! Biedt de juiste verlichting om gezond op te staan in de winterperiode.
"
364,Equivera Luchtontvochtiger - Luchtontvochtiger Slaapkamer - Luchtontvochtigers - Dehumidifier - Luchtontvochtiger Badkamer - Luchtontvochtiger Woonkamer - Luchtontvochtiger Huis,,Merkloos,,,,"112,95",,https://www.bol.com/nl/nl/p/equivera-luchtontvochtiger-luchtontvochtiger-slaapkamer-luchtontvochtigers-dehumidifier-luchtontvochtiger-badkamer-luchtontvochtiger-woonkamer-luchtontvochtiger-huis/9300000165873970/,7,"
Heeft u last van een vochtige omgeving thuis of op kantoor? Ontdek de geavanceerde oplossing voor een comfortabeler en gezonder binnenklimaat met onze innovatieve Peltier Luchtontvochtiger!  Geavanceerde Peltier-technologie Automatische defrost-modus voor lage temperaturen Ultra-stille werking (40-45 dB) Kleurrijk LED-nachtlampje Groot reservoir van 1000 ml Compact en draagbaar design  Ontdek de kracht van Peltier-technologie: Onze luchtontvochtiger is uitgerust met de nieuwste halfgeleider Peltier-technologie. Het resultaat? Efficiëntere vochtverwijdering en een optimale luchtvochtigheid in ruimtes tot 20 m². Of het nu gaat om uw slaapkamer, kantoor of keuken, geniet van een drogere, comfortabelere ruimte. Winterbestendig met defrost-modus: Last van ijsvorming in koude omstandigheden? Schakel eenvoudig de ontdooistand in en laat onze ontvochtiger elke 30 minuten even pauzeren om ijsvorming te voorkomen. Dit zorgt voor continue prestaties, zelfs wanneer de kwik onder de 15°C daalt. Stilte en veiligheid voorop: Geniet van de rust met een geluidsniveau dat nauwelijks boven een fluistering uitkomt. Bovendien, wanneer het 1000 ml reservoir vol is, zal onze ontvochtiger u waarschuwen en automatisch uitschakelen, zodat u zonder zorgen uw dag voort kunt zetten. Een kleurrijke twist: Niet alleen efficiënt, maar ook stijlvol! De ingebouwde LED-verlichting tovert uw luchtontvochtiger om tot een sfeervol nachtlampje, cyclerend door zeven rustgevende kleuren. Perfect voor iedere slaap- of kinderkamer. Draagbaar en krachtig: Met zijn lichte gewicht en compacte formaat is onze luchtontvochtiger ontworpen om u overal in huis te ondersteunen. Ondanks zijn bescheiden omvang, haalt deze krachtpatser tot 300 ml vocht per dag uit de lucht, voor een gezondere en meer comfortabele omgeving. Investeer in uw gezondheid en comfort met onze Peltier Luchtontvochtiger. Geen last meer van condens of schimmel, slechts een fris en gezond binnenklimaat. Productspecificaties: Technologie: Halfgeleider Peltier Geluidsniveau: 40-45 dB Capaciteit waterreservoir: 1000 ml Ontvochtigingscapaciteit: Tot 300 ml/dag (bij 30°C, 80% RV) Afmetingen: [Vul hier de productafmetingen in] Kleur: [Vul de beschikbare kleuropties in] Inhoud van de verpakking: 1x Peltier Luchtontvochtiger 1x Handleiding Transformeer uw leefruimte vandaag nog met onze Peltier Luchtontvochtiger – uw partner tegen vocht en voor een gezonde lucht!
"
365,Luchtontvochtiger - Extreem Stil - 1000ml/dag - Geschikt voor Huis / Slaapkamer & Badkamer,,Exclusive by TW,,"4,4",29,"119,95",Op voorraad,https://www.bol.com/nl/nl/p/luchtontvochtiger-extreem-stil-1000ml-dag-geschikt-voor-huis-slaapkamer-badkamer/9300000161730419/,8,"
 Wil jij jouw meubels beschermen, allergenen tegengaan en vrijer kunnen ademen op een gemakkelijke en snelle wijze? De Exclusive by TW luchtontvochtiger pakt de vochtproblemen bij de bron aan! De ontvochtiger is speciaal ontworpen met de nieuwste technologie en het beschikt over de slimste sensoren, waardoor je automatisch vocht uit je woonkamer, kelder of slaapkamer verdwijnen. Dit zorgt ervoor dat je voor eens en altijd gedag kan zeggen tegen vochtplekken, klamme ruimtes en onnodige schimmel.   Extra krachtig en compactDeze luxe dehumidifier verwijderd tot wel 2500ML aan vocht per dag en transformeert jouw ruimte tot een goed gereinigde oase. Daarnaast is de luchtontvochtiger van Exclusive by TW compact en licht van gewicht. Hierdoor kan je de luchtontvochtiger eenvoudig verplaatsen en opbergen.   Ruim reservoirDe luchtontvochtiger is voorzien van een ruime watertank van 2500 ml zodat je het opvangbakje niet steeds leeg hoeft te gieten. Is de tank vol? Geen probleem, het apparaat schakelt zichzelf automatisch uit. Gooi de tank inhoudt leeg en klaar is kees!   Jouw voordelen   Waterreservoir met een inhoudscapaciteit van 2.5 liter Verwijderd tot wel 1000 ml vocht per dag 360° Airflow en Was-droog functie Timer functie 8/12/24H Automatisch ontdooien Voorzien van de nieuwste technologie Laag energieverbruik Geruisloos en muisstil in gebruik Volledig automatisch vocht verwijderen uit je woonkamer, slaapkamer of kelder 7 sfeervolle LED Kleuren   Geruisloos en fluisterstilDeze reinigende ontvochtiger is uitgerust met een ingebouwde motor, welke weinig tot geen geluid maakt. Dit zorgt ervoor dat het volledig automatisch zijn werk doet zonder dat je tussentijds zal worden gestoord. Hierdoor hoeft je enkel het apparaat in de slaapkamer plaatsen zonder dat het je nachtrust zal verstoren.   Voor ruimtes van 10m² tot 25m².Voor het beste resultaat plaats je de luchtontvochtiger in een ruimte tussen 10m² tot 25m². Gebruik hem dus in kleine ruimtes zoals de bijkeuken, maar ook in grotere ruimtes zoals de slaapkamer! De gewenste kamertemperatuur is tussen 8°C en 40°C. De luchtontvochtiger zal niet goed werken bij kamertemperaturen onder 5°C of onder 45% luchtvochtigheid. Er zit dan te weinig vocht in de lucht.   360° Airflow en Was-droog functieDeze luchtontvochtiger beschikt over 360° Airflow, dit betekent dat de ruimte volledig ontvochtigd wordt door luchtcirculatie. De vochtige lucht wordt via filters aan de achterkant aangezogen en uitgeblazen aan de zijkanten. De schone en pure lucht zal hierdoor de was sneller drogen.   Automatisch ontdooienGeen zorgen meer over een niet werkende luchtontvochtiger bij koude temperaturen! Onze luchtontvochtiger van het merk Exclusive by tw heeft een automatische ontdooifunctie. Dit betekent dat het apparaat zichzelf ontdooit wanneer het onder koude omstandigheden moet presteren, waardoor je altijd verzekerd bent van een optimale werking.   Continue afvoerUitgerust met een afvoerslang aansluiting zodat het water continu weg kan lopen. Handmatig legen van de watertank is niet langer nodig. Sluit alleen de slang aan op de ontvochtiger, en de permanente afvoer gaat van start of kies voor het handmatig legen van de afvoerbak.   Druk op ‘in winkelwagen’ en zeg gedag tegen vocht in je woonkamer, slaapkamer of kelder en geniet van een frisse lucht. 
"
366,Argoclima Luchtontvochtiger Dry Nature 13,,Argoclima,,,,"194,95",,https://www.bol.com/nl/nl/p/argoclima-luchtontvochtiger-dry-nature-13/9200000106256731/,6,"
    De Argoclima Dry Nature 13 is een gebruiksvriendelijke, slanke en compacte luchtontvochtiger met een eenvoudig uitneembaar waterreservoir. Indien het waterreservoir vol is stopt de Argoclima Dry Nature 13 automatisch met lucht ontvochtigen totdat u het waterreservoir geleegd heeft.Indien u een afvoerslang aansluit, kan deze Argoclima Dry Nature 13 luchtontvochtiger continue werken zonder dat u er omkijken naar heeft. De vochtige ruimte wordt automatisch gedroogd zonder dat het nodig is het waterreservoir te legen.Het luchtfilter is makkelijk uit te nemen en te reinigen.Geschikt voor veel soorten ruimtes zoals een woonkamer, slaapkamer, kantoor, hobbyruimte of vakantiewoning.
  "
367,Eeese Hugo 20L Luchtontvochtiger,,Eeese,,,,"349,-",,https://www.bol.com/nl/nl/p/eeese-hugo-20l-luchtontvochtiger/9300000140485706/,8,"
De Eeese Hugo 20L luchtontvochtiger onderscheidt zich van andere luchtontvochtigers van hetzelfde formaat door zijn extreem lage geluidsniveau van slechts 44 dB(A). Deze Eeese Hugo 20L luchtontvochtiger is uitstekend geschikt voor alle vertrekken in huis tot 100 m². De Hugo is ook geschikt voor gebruik in badkamers, omdat hij IPX4- geclassificeerd is voor gebruik in natte ruimtes. Bovendien heeft hij een heel laag stroomverbruik van slechts 245 Watt. IPX4 LUCHTONTVOCHTIGER Zeer laag stroomverbruik Met de praktische timerfunctie kunt u zelf bepalen wanneer de ontvochtiger actief moet zijn. De ontvochtiger heeft een laag stroomverbruik van 245 Watt. Dit is zeer laag voor een ontvochtiger met een capaciteit van 20 liter per dag. De Hugo kan rechtstreeks worden aangesloten op een afvoer met een afvoerslang. Dit is handig omdat men op deze manier de badkamer of bijkeuken kunt ontvochtigen zonder dat u zich zorgen hoeft te maken dat de tank vol raakt. Als men ervoor kiest om geen afvoerslang te gebruiken, schakelt de luchtontvochtiger gewoon automatisch uit als de tank vol is. WiFi Bedien de luchtontvochtiger via de telefoon. Deze luchtontvochtiger is voorzien van WiFi, wat het mogelijk maakt om het apparaat via een mobiele telefoon te bedienen. Hij is intelligent, flexibel en innovatief. Deze luchtontvochtiger is compatibel met Google Assistant. Eenvoudige vochtigheidsinstelling De Eeese Hugo 20L luchtontvochtiger heeft een eenvoudige en logische luchtvochtigheidsinstelling, waardoor men eenvoudig de gewenste luchtvochtigheid in het vertrek instelt. Deze instellingen worden automatisch opgeslagen, zelfs als de luchtontvochtiger wordt uitgeschakeld. Hierdoor hoeft men de luchtontvochtiger bij een volgend gebruik niet opnieuw in te stellen. De luchtontvochtiger kan worden gebruikt in de slaapkamer terwijl men slaapt. Gebruikt u een Hugo 20L luchtontvochtiger in de slaapkamer, dan is het geen probleem om de luchtdroger 's nachts te laten draaien. De luchtontvochtiger heeft een slimme slaapstand, die eenvoudig kan worden geactiveerd. Als deze functie wordt gebruikt, werkt de luchtontvochtiger op een lage ventilatorsnelheid en een geluidsniveau van slechts 40 dB(A). Het stijlvolle design van de luchtontvochtiger Hugo past in elk huis. Door de praktische handgrepen verplaats men de luchtontvochtiger gemakkelijk van kamer naar kamer. Zo heeft u er maximaal profijt van. Hugo – een kwaliteitsproduct van Eeese De Eeese Hugo 20L maakt deel uit van de populaire serie van Eeese. Alle apparaten in deze serie zijn gemaakt met als doel de perfecte synergie te creëren tussen gedegen kennis van het Europese klimaat en milieu, een stijlvol en gestroomlijnd Scandinavisch design en de nieuwste technologie. Hugo’s speciale talenten  Extreem stil – slechts 44 dB(A) WiFi - compatibel met Google Assistent Zeer laag stroomverbruik – slechts 245 Watt Stijlvol en compact design IPX4-geclassificeerd – geschikt voor gebruik in badkamers Wasbaar luchtfilter Handige handgrepen – eenvoudig te verplaatsen Kinderbeveiliging Automatische uitschakeling bij een volle watertank Automatische timer 
"
368,Camry CR 7851 Air Dehumidifier / Ontvochtiger - LCD (compressor),,Camry,,,,"143,80",,https://www.bol.com/nl/nl/p/camry-cr-7851-air-dehumidifier-ontvochtiger-lcd/9300000060858167/,6,"
CR 7851 is een compressor luchtontvochtiger met een capaciteit van 10 liter water per dag en LCD display. Het apparaat heeft 4 droogstanden: normaal, continu, sterk en kleding drogen. Luchtontvochtiger is uitgerust met een nauwkeurige sensor die de huidige vochtigheidsgraad in de kamer aangeeft. Nadat de ruimte is ontvochtigd tot de verwachte vochtigheidsgraad, schakelt het apparaat automatisch de compressor uit, waardoor de luchtcirculatie door de werkende ventilator wordt gewaarborgd. Daarnaast is de luchtontvochtiger uitgerust met een vochtigheidsindicator die de vochtigheidsgraad op de voorkant van het apparaat in 3 kleuren aangeeft. De kinderslotfunctie en het leegmaken van het scherm zijn extra voordelen van het product. Het apparaat is ontworpen om de luchtvochtigheid te verlagen in ruimtes zoals badkamers, droogkamers, kledingkasten. Het vergemakkelijkt het handhaven van een goede luchtvochtigheid in bibliotheken, musea, archieven, serverruimten en andere ruimtes die worden blootgesteld aan te veel vocht in de lucht. Het werkt goed bij het drogen van lagere verdiepingen, zoals kelders en garages, en bij overstromingen. Wanneer u in de was werkt, versnelt het het drogen van kleding aanzienlijk. Geluids- en lichtsignalen geven aan dat de ingebouwde watertank met een capaciteit van 2,2L gevuld is met water. De meegeleverde afvoerpijp maakt continue afvoer mogelijk door het water af te voeren naar een andere grote tank of naar een afvoerrooster. Er zitten 2 vervangbare luchtfilters in het toestel. Het PP-gaasfilter beschermt de compressor tegen grotere verontreinigingen (CR7851.2) en het actieve koolfilter (CR851.1) vangt stof op en verzamelt de geur van vocht.  Compressor luchtontvochtiger met LCD Ontvochtigingscapaciteit (30°C / 80% RV) - 10 liter / 24 uur Aanbevolen ontvochtigingsvolume 60m3 Luchtstroom 120m3 / uur 1-24 uur timer met uitgestelde startfunctie Werktemperatuurbereik 5-32°C Het LCD-scherm toont de huidige luchtvochtigheid in de kamer Instellen van de gewenste luchtvochtigheid 30-80% RH Instellingen geheugenfunctie bij stroomuitval 4 ontvochtigingsmodi: - normaal - continu - krachtig - kleding drogen 3-kleurige vochtigheidslamp aan de voorkant van de behuizing: - blauwe kleur betekent lage luchtvochtigheid onder 50% relatieve luchtvochtigheid - groene kleur betekent gemiddelde luchtvochtigheid in het bereik van 51% - 69% relatieve luchtvochtigheid - rode kleur betekent hoge luchtvochtigheid boven 70% relatieve luchtvochtigheid Ontdooifunctie Luchtreinigingsfunctie door PP-filter en actief koolfilter Extra luchtcirculatiefunctie Kinderslot functie Slaapfunctie weergeven Twee niveaus van ventilatorsnelheid Vol waterreservoir aangegeven door licht- en geluidssignaal 2,2 liter watertank Afvoerslang voor continue ontvochtiging inbegrepen Koelmiddel R290 / 35g Geluidsniveau <45dB (A) Afmetingen (breedte x diepte x hoogte): 280 x 240 x 480 mm (met wielen) Gewicht apparaat 8,8 kg Stroomverbruik 200W Maximaal stroomverbruik 245W Voeding 220-240V ~ 50Hz 
"
369,TROTEC Luchtontvochtiger TTK 125 S,,Trotec,,,,"1159,95",,https://www.bol.com/nl/nl/p/trotec-luchtontvochtiger-ttk-125-s/9200000040225512/,12,"
Door de extreem onderhoudsvriendelijke constructie is de TTK 125 S gemakkelijk schoon te houden en door het geringe gewicht t.o.v. de capaciteit, evenals de uitgekiende mobiliteitsuitrusting, ook eenvoudig te transporteren. Desondanks is hij qua ontvochtigingscapaciteit geenszins een lichtgewicht:In vergelijking met goedkopere zuigercompressoren, biedt de hoogwaardige rotatiecompressor van de TTK 125 S het voordeel van een hogere capaciteit bij een in vergelijking lager stroomverbruik – waardoor hij voldoende reserve heeft voor een hoge ontvochtigingscapaciteit, ook in onverwarmde ruimten.Bovendien waarborgt de hoogwaardige heetgas-ontdooiautomaat van de TTK 125 S in vergelijking met andere ontdooi-systemen een veel efficiëntere ontvochtigingscapaciteit zonder periodieke ontdooipauzes, waarbij geen ontvochtiging plaatsvindt!* Ontwikkeling, ontwerp, productie: 100 % Trotec* Hoge ontvochtigingscapaciteit ook bij lage temperaturen* Maximale stof- en vochtbescherming voor alle elektrische componenten* Extreem onderhoudsvriendelijke constructie* Optimale hanteringseigenschappen* Praktische stapelgroef voor stabiele, ruimtebesparende opslag en transport* Meervoudig stapelbaar bij modellen met dezelfde afmetingen* Voor de praktijk geoptimaliseerd Duits industrieel ontwerp – wettelijk beschermd
Let op: specificaties kunnen zonder opgave van redenen in het belang van een lopende productverbetering door de fabrikant worden gewijzigd.
Aan de afbeeldingen van producten en eventueel getoonde specificaties of keurmerken kunnen geen rechten worden ontleend
 
"
370,TROTEC Luchtontvochtiger TTK 96 E,,Trotec,,"4,4",5,"304,95",,https://www.bol.com/nl/nl/p/trotec-luchtontvochtiger-ttk-96-e/9200000055006856/,8,"
Luchtontovochtiger TTK 96 ERobuuste en compacte onvochtiger met een maximale ontvochtigingscapacateit tot 30 liter per dag.
Het hoogste comfort - met zeer eenvoudige bediening
Comfort wordt bij deze bijzondere luchtontvochtiger met een hoofdletter geschreven. De TTK 96 E is namelijk uitgerust met een speciale 'comfort'-functie waarmee op heel eenvoudige wijze voor een optimaal binnenklimaat kan worden gezorgd. Bij de meeste luchtontvochtigers kan de procentuele luchtvochtigheidswaarde worden geselecteerd voor het ontvochtigen van de ruimte. Maar wie weet nu exact welke relatieve luchtvochtigheid bij een bepaalde temperatuur de meest optimale is. De TTK 96 E weet dit altijd exact en zorgt voor de juiste instellingen zodat de optimale vochtigheid wordt bereikt.
Comfortfunctie: temperatuursafhankelijke luchtontvochtiging
Voor een optimaal binnenklimaat moeten de temperatuur en de luchtvochtigheid in de ruimte op elkaar worden afgestemd. Dit is mogelijk met een temperatuursafhankelijke luchtontvochtiging. Het apparaat regelt de luchtvochtigheidswaarde temperatuursafhankelijk aan de hand van een optimale waarde. De comfortfunctie wordt vooral bij het gebruik van een geprogrammeerde verwarmingsinstallatie aanbevolen. Als de temperatuur overdag of 's nachts verandert, zal de luchtontvochtiger de ontvochtigingscapaciteit volledig automatisch aanpassen.
Effectief en simpel
Het apparaat beschikt uiteraard ook over een hygrostaatgeregelde ontvochtigingsautomaat. Hierbij wordt vooraf een vaste luchtvochtigheidswaarde als streefwaarde geselecteerd. Deze streefwaarde is in stappen van 5% instelbaar tussen 35 en 85% relatieve luchtvochtigheid. Bij overschrijding van de waarde wordt de luchtontvochtiger automatisch geactiveerd en vanzelfstandig en energiebesparend weer uitgeschakeld zodra de streefwaarde is bereikt.
Overtuigende kenmerken
De timerfunctie, een waarschuwingslampje wanneer het waterreservoir vol is, de overloopbeveiliging met automatische uitschakeling, evenals een wasdroogmodus, maken de comfort-uitrusting van de TTK 96 E compleet. Bovendien maakt het geïntegreerde, uitwasbare luchtfilter extra luchtreiniging mogelijk door het tegenhouden van stof of dierenhaar.
Een geïntegreerde slangaansluiting maakt ook bij onbeheerd continubedrijf het afvoeren van condens mogelijk – de ideale voorwaarde voor permanent gebruik, bijvoorbeeld in hobbyruimten of vakantiewoningen, waar het regelmatig legen van het reservoir niet mogelijk is Het condensreservoir heeft een inhoud van 3 liter. Dankzij z'n wieltjes en de praktische draaggrepen, is de TTK 96 E ook zeer goed voorbereid voor het flexibel wisselen van de gebruikslocatie. Het gebruik van de TTK 96 E is dankzij de vele praktische kenmerken zeer handig in het gebruiken en gemakkelijk te onderhouden.
Veilig voor uw was: drogen met behulp van een luchtontvochtiger
Behalve voor het ontvochtigen van de lucht in een ruimte kan een luchtontvochtiger ook eenvoudig worden ingezet voor het drogen van was - ter ondersteuning of compleet ter vervanging van een gebruikelijke wasdroger. De wasdroogfunctie (ook wel textieldroog-modus of superdry-functie genoemd) is vergelijkbaar met het traditioneel drogen van de was in de buitenlucht.
Luchtontvochtigers hebben als voordeel dat de was net als in de buitenlucht op een veilige manier wordt gedroogd. Kleuren blijven behouden en de kleding blijft langer mooi dan bij het gebruik van wasdrogers en daarbij wordt ook nog eens minder energie verbruikt.
Bovendien kunnen wol, zijde of fijne synthetische stoffen zonder problemen worden gedroogd. In vergelijking met het buiten drogen van was blijft het wasgoed zachter en voelt prettiger aan op de huid.
Was kan ook gedroogd worden met luchtontvochtigers zonder wasdroogfunctie. De luchtvochtigheidswaarde moet dan als volgt worden ingesteld:Kastdroog: 46 % relatieve luchtvochtigheidStrijkdroog: 58 % relatieve luchtvochtigheidLicht gedroogd: 65 % relatieve luchtvochtigheid
Propaan (R290) als milieuvriendelijk koudemiddel in luchtonvochtigers
Jaarlijks worden door het gebruik van synthetische koudemiddelen miljoenen tonnen milieu-onvriendelijk C02 (broeikasgassen) uitgestoten. Daarom stellen wij ons ten doel gebruik te maken van alternatieve koelmiddelen. Doordat er bij deze luchtontvochtiger gebruik wordt gemaakt van propaan (R290) als koudemiddel wordt er een waardevolle bijdrage geleverd aan de bescherming van het milieu.
Het natuurlijke koudemiddel propaan (R290) is een organische verbinding en behoort tot de koolwaterstoffen. In tegenstelling tot synthetische koudemiddelen zorgt het milieuvriendelijke propaan (R290) noch voor aantasting van de ozonlaag (ODP = 0) noch voor een toename van het broeikas-effect (GWP = 3).
Nog een extra voordeel voor het milieu: dankzij de voortreffelijke thermodynamische eigenschappen is propaan (R290) een bijzonder energiezuinig koudemiddel waardoor aanzienlijk wordt bespaard op de kosten voor elektriciteit.
Voordelen in de praktijk:

Hygrostaatgeregelde ontvochtigingsautomaat met voorkeuze tussen 35 en 85% r.v. in stappen van 5%.
Comfortbedrijf voor temperatuursafhankelijke automatische regeling van de luchtvochtigheid
Hygrostaatregeling met voorselecteerbare reële vochtigheidswaarde
Waarschuwingslampje bij vol waterreservoir
Overloopbeveiliging met automatische uitschakeling
Aansluiting voor externe condensafvoer
Naar keuze volledig automatisch of permanent bedrijf
Goed afleesbaar, verlicht display
Weergave van relatieve luchtvochtigheid
Wasdroogfunctie
Timerfunctie
2 ventilatorsnelheden
Kabelopwikkeling

"
371,Cleanio™ Luchtontvochtiger - Draagbare Ontvochtiger Voor Luchtfilter - Wit,,Cleanio™,,,,"110,-",,https://www.bol.com/nl/nl/p/cleanio-luchtontvochtiger-draagbare-ontvochtiger-voor-luchtfilter-wit/9300000171539650/,6,"
Cleanio™ Luchtontvochtiger - Adem Gemakkelijker in Een Gezonder Binnenklimaat! Ben je op zoek naar een draagbare luchtontvochtiger die de lucht in jouw huis frisser en gezonder maakt? Maak kennis met de Cleanio™ Luchtontvochtiger - de perfecte oplossing voor een schonere lucht. Met zijn zwarte design past hij in elk interieur. Plaats hem in jouw slaapkamer, woonkamer of kantoor en geniet van een aangenamer binnenklimaat. Bestel nu en adem gemakkelijker. Kenmerken:  Draagbare luchtontvochtiger van Cleanio™ - de ideale oplossing voor vochtige ruimtes. Eenvoudig te gebruiken en te verplaatsen dankzij het compacte formaat en het handvat. Ontworpen om de lucht te ontvochtigen en te filteren voor een gezonder binnenklimaat. Krachtige ontvochtigingscapaciteit van X liter per dag voor effectieve resultaten. Beschikt over een ingebouwde timerfunctie om het ontvochtigen aan te passen aan je behoeften. Stille werking zodat je kunt genieten van een rustige en comfortabele omgeving. Energiezuinig ontwerp om je energiekosten laag te houden. Aantrekkelijk zwart design dat past bij elke interieurstijl.  Krachtige Draagbare Ontvochtiger Cleanio™ Luchtontvochtiger is een krachtige en draagbare ontvochtiger die perfect is voor het verwijderen van vocht en schimmel in elke ruimte. Met zijn compacte formaat en lichtgewicht ontwerp is deze ontvochtiger gemakkelijk te verplaatsen en overal te gebruiken. Of je nu last hebt van vochtige badkamers, schimmelige kelders of muffe slaapkamers, Cleanio™ Luchtontvochtiger is de perfecte oplossing voor een gezonde en frisse lucht. Efficiënt Luchtfilter voor Optimale Luchtkwaliteit Dankzij het ingebouwde luchtfilter zorgt Cleanio™ Luchtontvochtiger niet alleen voor droge lucht, maar ook voor een optimale luchtkwaliteit. Het luchtfilter verwijdert stofdeeltjes, pollen, huisdierharen en andere allergenen uit de lucht, waardoor je kunt genieten van schone en gezonde ademlucht. Met Cleanio™ Luchtontvochtiger adem je dag en nacht frisse lucht in, zonder je zorgen te hoeven maken over allergieën of ademhalingsproblemen. Stijlvol en Modern Design Naast zijn geweldige functies heeft Cleanio™ Luchtontvochtiger ook een stijlvol en modern design in de kleur zwart. Deze luchtontvochtiger is niet alleen functioneel, maar past ook perfect bij elk interieur. Of je nu een minimalistische, industriële of klassieke stijl hebt, Cleanio™ Luchtontvochtiger zal een mooie toevoeging zijn aan je interieur. Dus waar wacht je nog op? Bestel nu en geniet van een vochtvrije en gezonde leefomgeving! Voordelen in een Oogopslag:  Met de Cleanio™ Luchtontvochtiger heb je nooit meer last van vochtige lucht in huis! Geniet van een frisse en gezonde omgeving dankzij de draagbare ontvochtiger. Deze zwarte luchtontvochtiger past perfect bij elk interieur en is super stijlvol! Verbetert de luchtkwaliteit en vermindert allergieën, zodat jij je altijd comfortabel voelt. De Cleanio™ Luchtontvochtiger is compact en makkelijk mee te nemen, ideaal voor op reis!  Veelgestelde Vragen over de Cleanio™ Luchtontvochtiger - Draagbare Ontvochtiger Voor Luchtfilter - Zwart 1. Kan de Cleanio™ luchtontvochtiger helpen bij het verminderen van vochtige lucht in mijn huis? Absoluut! De Cleanio™ luchtontvochtiger is speciaal ontworpen om vochtige lucht in huis te verminderen. Het apparaat verwijdert overtollig vocht uit de lucht, waardoor je huis minder klam aanvoelt en vochtgerelateerde problemen, zoals schimmel en muffe geuren, worden verminderd. 2. Hoe werkt de draagbare ontvochtiger van Cleanio™? De Cleanio™ luchtontvochtiger maakt gebruik van geavanceerde technologie om vocht uit de lucht te absorberen. Het apparaat zuigt vochtige lucht aan, laat deze door een speciaal filter gaan en blaast vervolgens droge lucht terug in de ruimte. Hierdoor wordt het vochtgehalte in de lucht verminderd en blijft de omgeving comfortabel en gezond. 3. Is de Cleanio™ luchtontvochtiger geschikt voor grote ruimtes? Hoewel de Cleanio™ luchtontvochtiger compact en draagbaar is, is deze toch geschikt voor het ontvochtigen van kleine tot middelgrote ruimtes. Voor grotere ruimtes kun je overwegen om meerdere ontvochtigers te gebruiken of een model te kiezen met een groter ontvochtigingsvermogen. 4. Hoe lang kan ik de Cleanio™ luchtontvochtiger achter elkaar laten werken? Je kunt de Cleanio™ luchtontvochtiger tot wel 24 uur achter elkaar laten werken voordat deze moet worden geleegd. Het apparaat heeft een watertank met een capaciteit van 500 ml, wat voldoende is om een aanzienlijke hoeveelheid vocht uit de lucht op te vangen. Zodra de watertank vol is, schakelt de ontvochtiger automatisch uit en kun je het water eenvoudig legen. 5. Is de Cleanio™ luchtontvochtiger makkelijk te onderhouden? Absoluut! De Cleanio™ luchtontvochtiger is zeer eenvoudig te onderhouden. Het apparaat is voorzien van een uitneembaar filter dat gemakkelijk kan worden gereinigd. Daarnaast is het belangrijk om regelmatig de watertank te legen en de ontvochtiger schoon te maken om te zorgen voor optimale prestaties en een lange levensduur.
"
372,Nagano Ontvochtiger 20 ltr / 24 h,,Nagano,,,,"435,-",Op voorraad,https://www.bol.com/nl/nl/p/nagano-ontvochtiger-20-ltr-24-h/9300000026164646/,1,"
Nagano Luchtontvochtiger max 20 liter per 24 uur
LuchtvochtigheidsdisplayHier kunt u de door u gewenste luchtvochtigheidspercentage instellen.De ontvochtiger zal automatisch uit/aanslaan om de ingestelde luchtvochtigheid te bereiken.Ook kunt u de ontvochtiger continu laten lopen.Water overstort beveiligingIn de ontvochtiger zit een watertank met een volume van 4,8 Liter.De Nagano ontvochtiger schakelt automatisch uit na het opnemen van ca. 4 Liter om wateroverlast te voorkomen!U kunt de ontvochtiger op een vaste afvoer aansluiten zodat u de waterbak nooit meer hoeft te legen!Automatische restartIndien de stroom van de unit wegvalt en later weer terugkomt zal de machine automatisch inschakelen en in zijn ingestelde programma verder functioneren (temperatuur en ventilatiesnelheid).Dit geldt echter niet voor de klok- en timerfunctie!Nagano ontvochtiger maximaal 20 liter per 24 uur0,8 Liter/uur (DB/WB 30 °C / 27,1 °C) (0,8 ltr/h bij 80% RV, 30°C)0,5 Liter/uur (DB/WB 27 °C / 21 °C) (0,5 ltr/h bij 60% RV, 27°C)Technische specificaties Nagano Ontvochtiger:Ontvochtigings vermogen:  20L/24uurWerkingstemperatuur: 5~35 CVolume watertank: 4,8 LiterExterne condensafvoer: JaOpgenomen vermogen: 0.48kW / 2.0AVoeding: 220V / 50HZ / 1PGeluidsniveau: 55 dB (A)Gewicht:14.5 KGAfmetingen LxBxH: 523x343x260mm
  "
373,TROTEC Industriële ontvochtiger DH 15,,Trotec,,,,"2159,95",,https://www.bol.com/nl/nl/p/trotec-industriele-ontvochtiger-dh-15/9300000074051233/,3,"
Industriële ontvochtiger DH 15Hoge luchtvochtigheid in productiehallen kan duur worden: Condensvorming, corrosieschade zijn vaak het gevolg. Met een ontvochtigingscapaciteit van 22 liter per dag beschermt de DH 15 effectief tegen deze problemen. Ook voor het naderhand installeren de perfecte oplossing.Met de DH 15 profiteert u van een professionele industrie ontvochtiger uit origineel Trotec fabrikaat, die aan de hoogste kwaliteiteisen voldoet, in Duitsland ontwikkeld en vervaardigd.Hij overtuigt vooral door zijn hoge prestatie en onderhoudsvrij ontwerp. Door zijn sterke en onderhoudsvrije constructie is de machine zeer geschikt voor volledig automatische, hygrostaatgeregelde continudroging en hij heeft daarbij een werkbereik van 5 tot 40 °C.
De specificaties kunnen zonder opgave van redenen in het belang van een lopende productverbetering door de fabrikant worden gewijzigd.

"
374,Luchtontvochtiger slaapkamer - Luchtontvochtiger en luchtreiniger - Vochtvreter elektrisch - 0.5L,,Merkloos,,,,"111,95",,https://www.bol.com/nl/nl/p/luchtontvochtiger-slaapkamer-luchtontvochtiger-en-luchtreiniger-vochtvreter-elektrisch-0-5l/9300000166875599/,5,"
    Ideaal voor kleine ruimtes.   Watertank 500 ml, Capaciteit 250 ml per dag waterniveau indicator.   Deze luchtontvochtiger is ideaal voor ruimtes met schimmel en vocht en in ruimtes zonder ventilatie. -   
"
375,Klarstein Luchtontvochtiger,,Klarstein,,,,"308,99",,https://www.bol.com/nl/nl/p/klarstein-luchtontvochtiger/9300000165432622/,9,"
    Eigenschappen: Omvang Levering: Afmetingen: Artikelnummer: 10045551
  "
376,Luchtontvochtiger slaapkamer - Luchtontvochtiger en luchtreiniger - Vochtvreter elektrisch - 1.2L,,Merkloos,,,,"159,99",,https://www.bol.com/nl/nl/p/luchtontvochtiger-slaapkamer-luchtontvochtiger-en-luchtreiniger-vochtvreter-elektrisch-1-2l/9300000167418439/,6,"
Ontdek de kracht van effectieve ontvochtiging met onze geavanceerde ontvochtiger. Ontworpen met halfgeleidercondensatietechnologie, is deze ontvochtiger ideaal voor gebruik in diverse ruimtes, waaronder slaapkamers, keukens, badkamers, kasten, caravans en meer. Het is ontwikkeld om de luchtvochtigheid onder de 45% te houden, wat zorgt voor een omgeving met effectieve ontvochtiging. Kenmerken: 7 Kleuren LED-Licht: Ervaar een harmonieuze sfeer in uw leefruimte met de 7 kleuren LED-verlichting van onze ontvochtiger. Deze verlichting voegt niet alleen een ontspannen en romantisch tintje toe, maar kan ook worden vastgezet op één kleur naar keuze. Zo kunt u genieten van een aangename omgeving terwijl u de luchtvochtigheid in uw huis reguleert. Stille en Snelle Ontvochtiging: De ontvochtiger biedt twee werkmodi: de snelle modus (30-40 dB) en de stille modus (minder dan 30 dB). De snelle modus is effectief in het snel verminderen van de luchtvochtigheid, terwijl de stille modus u niet stoort tijdens uw slaap of studie. Compact en Draagbaar: Met zijn compacte formaat is onze ontvochtiger perfect geschikt voor diverse gebieden, waaronder keukens, badkamers, slaapkamers, kelders en garages. Het draagbare ontwerp maakt het eenvoudig te verplaatsen en op verschillende locaties te gebruiken. Preventie van Schimmel en Vochtigheid: Bij een luchtvochtigheid van meer dan 50% kunnen onaangename geuren en schimmels ontstaan. Onze ontvochtiger start automatisch wanneer de luchtvochtigheid boven de 45% komt. Het vangt vocht op en verspreidt frisse lucht, zodat u kunt genieten van een gezonde en comfortabele leefomgeving. Kies voor een ontvochtiger die niet alleen krachtig en effectief is, maar ook een esthetische toevoeging biedt aan uw ruimte. Bestel vandaag nog onze ontvochtiger en creëer een omgeving die zowel comfortabel als gezond is.
"
377,"Luchtontvochtiger van 16 liter, kamergrootte ca. 80 m³ (32 m²), Smart Modu, timer 24 uur, watertank 3L, app-compatibel, wit",,OZIZOO,,,,"399,99",,https://www.bol.com/nl/nl/p/luchtontvochtiger-van-16-liter-kamergrootte-ca-80-m-smart-modu-timer-24-uur-watertank-3l-app-compatibel-wit/9300000170814672/,6,"
Ontdek de Comfee Luchtontvochtiger - creëer een comfortabele leefomgeving Heb je last van vochtproblemen in huis? Zoek niet verder! De Comfee Luchtontvochtiger is speciaal ontworpen om jouw leefomgeving te verbeteren en vochtproblemen aan te pakken. Met zijn geavanceerde functies en innovatieve technologieën zal deze luchtontvochtiger je helpen om weer van een gezonde en droge atmosfeer te genieten. De Comfee Luchtontvochtiger is geschikt voor kamers tot 32 vierkante meter en heeft een indrukwekkend ontvochtigingsvermogen van 16 liter per dag. Dankzij de efficiënte werking verwijdert hij moeiteloos overtollig vocht uit de lucht, waardoor schimmel, meeldauw en nare geuren geen kans meer krijgen. Het gebruik van deze luchtontvochtiger is eenvoudig en moeiteloos. Met de handige LED-display en de gebruiksvriendelijke bedieningsknoppen stel je gemakkelijk de gewenste vochtigheidsgraad in. Het apparaat schakelt automatisch uit zodra de gewenste vochtigheidsgraad is bereikt, waardoor je energie bespaart. Wat deze luchtontvochtiger echt bijzonder maakt, is zijn compatibiliteit met de smart home technologie. Je kunt de luchtontvochtiger eenvoudig koppelen met je smartphone en de speciale app gebruiken om het apparaat op afstand te bedienen. Stel de vochtigheidsgraad in, controleer de status en ontvang meldingen, waar je ook bent! Naast zijn functionaliteit heeft deze Luchtontvochtiger ook een stijlvol en compact ontwerp. Hij past perfect in elk interieur en neemt weinig ruimte in beslag. Dankzij de wieltjes is hij bovendien gemakkelijk te verplaatsen, zodat je hem kunt gebruiken waar en wanneer je maar wilt. Twijfel niet langer en upgrade je leefomgeving met deze Luchtontvochtiger. Adem schone, frisse lucht in en geniet van een gezonder en comfortabeler huis. Bestel vandaag nog en maak een einde aan vochtproblemen! Plaats in winkelwagen en verrijk jouw leefomgeving met deze Luchtontvochtiger van OZIZOO. Maak een einde aan vochtproblemen en geniet weer van een gezond en comfortabel leven!
"
378,"1,1L LED-ontvochtiger Kamerontvochtiger 20m² Peltier-ontvochtiger",,Dripio,,,,"112,-",,https://www.bol.com/nl/nl/p/1-1l-led-ontvochtiger-kamerontvochtiger-20m-peltier-ontvochtiger/9300000165140087/,8,"
Deze luchtontvochtiger is voorzien van halfgeleider condensatietechnologie. De luchtontvochtiger heeft een waterreservoir van 1100 ml en onttrekt dagelijks tot 300 ml vocht in een vochtige omgeving van 30℃ en 80% RV, waardoor de luchtvochtigheid efficiënt wordt verlaagd en u een gezonde leefomgeving creëert.- Deze luchtontvochtiger schakelt automatisch uit wanneer het waterreservoir vol is om het risico van overlopen te voorkomen en het indicatielampje wordt rood om u eraan te herinneren het reservoir leeg te laten lopen. Leeg het waterreservoir en plaats het terug in de luchtontvochtiger, druk vervolgens op de aan/uit knop om het apparaat aan te zetten.- De luchtontvochtiger werkt stil zonder vervelende geluiden te maken en zal uw slaap, werk of studie niet verstoren. De luchtontvochtiger heeft 7 lichtkleuren die van kleur veranderen om een zoete en romantische slaappatroon voor u te creëren, en u kunt uw favoriete kleur vastzetten (de lichtkleuren kunnen ook worden uitgeschakeld).- De luchtontvochtiger wordt geleverd met een timerfunctie, die kan worden geselecteerd door de timerknop aan te raken om een werkingsduur van 1-24 uur in te stellen.- Onze luchtontvochtiger is licht en compact, u kunt hem gemakkelijk overal neerzetten waar u maar wilt. Perfect voor het reguleren van de luchtvochtigheid in allerlei ruimtes zoals uw huis, slaapkamer, badkamer, kast, keuken, kast, garage, camper, etc.   Specificaties:Merk: DripioKleur: WitNominale spanning: 110V-220VVermogen: 23WWerkbereik: relatieve vochtigheid 45% - 80%Werkefficiëntie: maximaal 300ml/D (30 ℃, RH80%)Inhoud waterreservoir: 1100mlDekkingsgebied: 20㎡Productgrootte (L*B*H): 15,5x11,5x25,5cm Inbegrepen pakket:1 x Desktop Luchtontvochtiger1 x adapter1 x handleiding  
"
379,Luchtontvochtiger slaapkamer - Luchtontvochtiger en luchtreiniger - Vochtvreter elektrisch - 8L,,Merkloos,,,,"530,95",,https://www.bol.com/nl/nl/p/luchtontvochtiger-slaapkamer-luchtontvochtiger-en-luchtreiniger-vochtvreter-elektrisch-8l/9300000166901703/,8,"
  8 liter per dag - zuigt tot 8 liter vocht per dag op bij temperaturen tot 1 ° C. Het is geweldig voor vocht, schimmel en vocht in grote huizen, kamers, badkamers, garages en kelders.Helpt condensatie, schimmel en vochtgerelateerde schade te voorkomen.   Koude temperaturen-terwijl normale compressorontvochtigers goed werken tussen 20-30°C, absorberen ze geen vocht meer Onder 15°C, waardoor ze ongeschikt zijn voor koudere omgevingen.Maar onze is perfect voor koudere ruimtes of in de winter.   Grote opvangtank - de grote watertank van 2,5 liter wordt automatisch uitgeschakeld wanneer de maximale capaciteit is bereikt en een continue afvoerslang is inbegrepen voor langdurig gebruik.Super stille modus met slechts 33dB.   Stel de gewenste luchtvochtigheid in-met de geïntegreerde vochtigheidssensor stel je de gewenste luchtvochtigheid in. Zodra deze waarde is bereikt, wordt het apparaat uitgeschakeld om energie te besparen. Met de swingende luchtuitlaat kunt u de luchtstroom in elke gewenste richting sturen.   Digitaal bedieningspaneel-LED-lampjes geven de huidige luchtvochtigheid in de kamer aan en het gebruiksvriendelijke bedieningspaneel zorgt voor een eenvoudige bediening van de ontvochtigingsuitgang en de keuze van de timer voor automatische uitschakeling van 2 uur, 4 uur, 8 uur tot 12 uur.   
"
380,Fral FlipperDry 300Z Luchtontvochtigers,,Fral,Fral Flipperdry,,,"399,-",,https://www.bol.com/nl/nl/p/fral-flipperdry-300z-luchtontvochtigers/9200000015460770/,0,"
    maximaal 250 m3 / 19 liter per dag  De Fral FlipperDry 300 MetalGrey (donkergrijs) ontvochtiger is al geruime tijd leverbaar en heeft een zeer goede reputatie. Deze ontvochtiger is namelijk: functioneel, fluisterstil, duurzaam.   De Flipper Dry 300 heeft een mooi Italiaans design dat past binnen elk interieur en heeft een degelijke metalen omkasting. Ideale ontvochtiger voor slaapkamer, woonkamer, kantoor, kelder en garage in huis.   De kleine zwenkwielen maken de ontvochtiger Flipper Dry 300 makkelijk verplaatsbaar. De Fral Flipper Dry 300 is optioneel leverbaar met een verwarmingselement van 1.000 Watt (HEAT).   De voornaamste kenmerken zijn:   Automatische ontdooi-functie, Ingebouwde hygrostaat, Automatische stop bij 'reservoir vol', Laag energieverbruik, Fluisterstille werking, Wasbaar luchtfilter, 4 Zwenkwielen voor eenvoudige verplaatsing, Nauwelijks onderhoud, Eenvoudige bediening.  
"
381,Meaco DD8L Zambezi,,Meaco,,,,"325,-",,https://www.bol.com/nl/nl/p/meaco-dd8l-zambezi/9200000103001480/,0,"
Luchtdroger MEACO DD8L Zambezi is een bijzondere adsorptie ontvochtiger die geschikt is voor het drogen van uw woning, camper, caravan of garage. Het is één van de meest geavanceerde luchtontvochtigers in zijn soort. Productbeschrijving: Meaco DD8L Zambezi - Adsorptiedroger De Meaco DD8L Zambezi mag met recht een bijzondere adsorptie ontvochtiger genoemd worden. Het is één van de meest geavanceerde luchtontvochtigers in zijn soort in de wereld. De adsorptiedroger is een afspiegeling van hoe klanten een luchtontvochtiger wensen te gebruiken, Meaco heeft jarenlang feedback verzameld voor het tot stand laten komen van deze luchtdroger. Meaco zorgt met deze Zambezi voor een geheel nieuwe uitvoering luchtontvochtigers. De adsorptiedroger bezit veel extra opties en functies, uniek in de wereld! Uitgebreide luchtreiniging De Meaco DD8L adsorptie luchtontvochtiger verwijdert schimmel, stof, huisstofmijt, virussen, bacteriën en neutraliseert geurtjes. Andere luchtontvochtigers bezitten ook soms ionisatie, maar geen enkele heeft een ionisator als de Zambezi! Ionisatie op een willekeurige ontvochtiger heeft vaak slechts een effectief bereik van ongeveer één meter en richt zich alleen op stof. Deze Zambezi luchtdroger met steriliserende ionisator heeft bewezen virussen, bacteriën en schimmels in een bereik van 10 meter te vernietigen. Geuren worden daarbij onschadelijk gemaakt. De high-end keramische ionisator geeft een combinatie van waterstof en zuurstof ionen, die zorgen voor een schone, gezonde en veilige omgeving voor uzelf en uw gezin. Geen enkele andere luchtontvochtiger in zijn klasse heeft de luchtreiniging functionaliteit zoals deze DD8L Zambezi dat heeft!
"
382,MSW - Werkplaats Ontvochtiger - 100 m³/u - 9 l/dag,,MSW,,,,"1579,-",,https://www.bol.com/nl/nl/p/msw-werkplaats-ontvochtiger-m-u-9-l-dag/9300000162914856/,8,"
De werkplaatsontvochtiger zorgt voor droge lucht Veel klassieke luchtontvochtigers verlagen de luchtvochtigheid tot ongeveer 50%. Als u afhankelijk bent van een zeer lage luchtvochtigheid, gebruik dan een absorptiedroger, die de luchtvochtigheid aanzienlijk meer verlaagt. Zo voorkomt u corrosie tijdens de productie of condensvorming waardoor uw producten beschadigd kunnen raken. Dankzij de stille werking gebruik je hem bij bijvoorbeeld waterschade ook binnenshuis zonder dat het te hinderlijk is. De absorptiedroger is eenvoudig in gebruik, handzaam en vooral effectief! Hoogtepunten  Oppervlakte: 20 - 30 m² Capaciteit: 9 l/dag Luchtdebiet: 100 m³/u Bedrijfstemperatuur: -10 - 50 °C Roestvrijstalen behuizing   Dankzij een handig handvat vervoer je het compacte apparaat eenvoudig naar de plek waar je de luchtvochtigheid flink wilt verlagen. Bij continu gebruik onttrekt de luchtontvochtiger tot 9 l vocht uit de lucht per dag. Binnenin het apparaat zit een ronddraaiend wiel dat het vocht absorbeert. De absorptiedroger overtuigt met een luchtstroom van 100 m³/h. Met deze prestatiewaarden kunt u de luchtontvochtiger optimaal gebruiken in uw werkplaats zoals een opslagruimte met een oppervlakte van 20 - 30 m². Dankzij een temperatuurbereik van -10 - 50 °C kun je de absorptiedroger ook bij lage kamertemperatuur van rond de 0 °C betrouwbaar gebruiken. Kies je voor handmatige bediening, dan werkt de luchtontvochtiger ononderbroken totdat je hem uitzet. In de automatische modus schakelt het apparaat uit zodra het de door u ingestelde grenswaarde voor de luchtvochtigheid heeft bereikt. Tijdens het gebruik stijgt de kamertemperatuur met maximaal 10 °C, wat ook het drogen vergemakkelijkt. Zo bent u altijd flexibel gepositioneerd voor verschillende ruimtelijke situaties.
"
383,Luchtontvochtiger slaapkamer - Luchtontvochtiger en luchtreiniger - Vochtvreter elektrisch - 1.1L,,Merkloos,,,,"179,99",,https://www.bol.com/nl/nl/p/luchtontvochtiger-slaapkamer-luchtontvochtiger-en-luchtreiniger-vochtvreter-elektrisch-1-1l/9300000166901955/,8,"
  【Hoge efficiënte Ontvochtiging】deze ontvochtiger maakt gebruik van koelende halfgeleidercondensatietechnologie, die tot 300 ml overtollig vocht per dag kan absorberen (30°C, 80% vochtigheid). Het kan gebieden tot 28 vierkante meter bestrijken. Dankzij deze luchtontvochtiger kunnen we afscheid nemen van overtollig vocht in ruimtes met een hoge luchtvochtigheid.   【1100ml watertank】deze ontvochtiger is uitgerust met een grote 1100ml watertank, die urenlang continu kan ontvochtigen en de watertank hoeft niet vaak te worden geleegd. Wanneer de watertank vol is, wordt het apparaat automatisch uitgeschakeld en zal de zoemer u eraan herinneren (drie pieptonen).   【Sterke en slaapmodus】de ontvochtiger ondersteunt twee verschillende modi om aan uw behoeften te voldoen. De sterke modus kan snel de luchtvochtigheid op volle kracht verminderen om u een comfortabel lichaamsgevoel te geven, de slaapmodus maakt zeer weinig geluid en is zonder licht, wat geschikt is voor lezen en slapen.   【7 LEIDENE lichten en 1 Knoopslot】 het ontvochtigingstoestel heeft een ingebouwd nachtlampje op de positie van het waterreservoir, dat afwisselend zeven kleuren kan veranderen, de gewenste lichte kleur met één knoop kan sluiten, of alle lichten kan uitschakelen.   【Draagbaar ontwerp】de draagbare ontvochtiger is klein van formaat en heeft een handvat aan de bovenkant, zodat deze gemakkelijk overal kan worden verplaatst. Het is geschikt voor het drogen van kleding, slaapkamers, badkamers, woonkamers, kelders, enzovoort.  
"
384,Luchtontvochtiger slaapkamer - Luchtontvochtiger en luchtreiniger - Vochtvreter elektrisch - 0.5L,,Merkloos,,,,"115,95",,https://www.bol.com/nl/nl/p/luchtontvochtiger-slaapkamer-luchtontvochtiger-en-luchtreiniger-vochtvreter-elektrisch-0-5l/9300000166875148/,7,"
  De ultracompacte Peltier-ontvochtiger HTTP 2 E droogt op betrouwbare wijze ruimtes tot 5 m2 met een ontvochtigingscapaciteit van ongeveer 220 ml   De Peltier luchtontvochtiger is echter in goede handen, vooral bij gevoelige vochtplekken. Kleding-en schoenenkasten, voedselopslagruimtes of zelfs kleine sanitaire ruimtes zonder raam, de TP2 E bevrijdt van overtollig vocht of vermindert condensatie en voorkomt zo schimmelgroei   De werking van de luchtontvochtiger TTP 2 E is niet alleen energiezuinig geoptimaliseerd, maar ook dankzij het Peltier-element fluisterstil, verstoort het apparaat de nachtrust niet   Elk apparaat werkt totdat een sensor aangeeft dat de 500 ml watertank vol is en schakelt vervolgens automatisch uit. Zodra het reservoir wordt geleegd, zal de verrichting automatisch hervatten   Dankzij de geïntegreerde luchtreinigingsfunctie filtert de TTP 2 E huisdierhaar, pluisjes en stof uit de lucht  
"
385,Eeese Anna 20 L - Ontvochtiger & Reiniger,,Eeese,,,,"299,-",,https://www.bol.com/nl/nl/p/eeese-anna-20-l-ontvochtiger-reiniger/9300000157162561/,10,"
Eeese Anna 20L - Luchtontvochtiger en luchtreiniger Anna is een stijlvolle en compacte luchtontvochtiger met vele functies die overtollige vochtigheid vermindert in ruimtes tot 100 m2. Anna is zeer stil voor een luchtontvochtiger van deze omvang. Anna heeft ingebouwde wifi, wat volledig vochtigheidsbeheer eenvoudig en flexibel mogelijk maakt via een app. Anna is een 2-in-1 hybride model dat ervoor zorgt dat effectieve ontvochtiging kan worden gecombineerd met luchtzuivering van HEPA-kwaliteit. Het is ook mogelijk om Anna te gebruiken als afzonderlijke luchtontvochtiger of luchtzuiveraar. Anna is geclassificeerd als IPX4, waardoor het model met name geschikt is in vochtige ruimtes. De praktische functie voor het drogen van kleding van Anna zorgt ervoor dat kleding sneller droogt.   Productbeschrijving: Eeese Anna 20L - Luchtontvochtiger en luchtreiniger 2-in-1 ontvochtiger en luchtzuiveraar Benut uw ontvochtiger optimaal door ontvochtiging effectief te combineren met zuivering in HEPA-kwaliteit. Anna is een uitgebreid 2-in-1 hybride model dat de vochtigheid kan verlengen en de lucht vrij van deeltjes, pollen en overige allergenen kan maken. HEPA-filter Met een HEPA-filter voegt u de optie toe om de luchtkwaliteit in een vertrek te verbeteren. Een HEPA-filter helpt tegen het ophopen van stof, pollen en overige allergenen en vermindert allergische reacties. Daarnaast verwijdert het filter schimmelsporen, bacteriën en virussen uit de lucht. Wifi – bedien de ontvochtiger via de telefoon of Google Assistant Anna is voorzien van wifi, waardoor u het apparaat kunt bedienen en de luchtvochtigheid volledig kunt beheren via een app op uw mobiele telefoon, vanaf elke locatie. Slim, flexibel en innovatief. De app van het apparaat is compatibel met TUYA en Google Assistant. Zeer laag geluidsniveau en laag energieverbruik Anna is een stille luchtontvochtiger die werkt bij een geluidsniveau van slechts 40dB(A), wat stil is voor een ontvochtiger van deze omvang. Daarnaast heeft Anna een laag energieverbruik van slechts 245 W, en kunt u met de praktische timerfunctie de ontvochtiger eenvoudig in te stellen wanneer de ontvochtiger automatisch wordt uitgeschakeld, waardoor u stroom bespaart. Geschikt voor gebruik in de badkamer Anna is bijgewerkt met een IPX4-classificatie, waardoor hij bijzonder geschikt is voor gebruik in vochtige ruimtes – in de badkamer, waar de luchtvochtigheid zeer hoog kan zijn als er geen venster voor ventilatie is. Met name in appartementen kunnen er beperkte mogelijkheden voor natuurlijke ventilatie zijn. Daar kan een ontvochtiger een groot verschil maken in het voorkomen van schimmel- en meeldauwvorming. Functie voor kleding drogen – efficiënt, beter voor het milieu en minder stroomkosten In veel huishoudens kan een droogtrommel nodig zijn om de gezinskleding snel te kunnen drogen. Anna kan deze klus ook eenvoudig klaren De ontvochtiger is voorzien van een intelligente interne droogfunctie voor kleding, die eenvoudig kan worden bediend via het functiescherm. Met één klik wordt de zeer praktische droogfunctie gestart, waarmee kleding extra snel droogt. Aangezien het stroomverbruik slechts 245 W is, is Anna een veel voordeliger alternatief voor een droogtrommel. Ingebouwde ionisator De ingebouwde ionisator van Anna (optioneel in te schakelen) verlaagt de hoeveelheid negatieve ionen die zich binden aan positief geladen moleculen van bijvoorbeeld stof, bacteriën, pollen, rook en overige allergenen. Deze moleculen binden zich aan elkaar en worden grotere moleculen die niet in te lucht kunnen zweven en daarom als stofdeeltjes op de grond vallen. Deze kunnen vervolgens eenvoudig worden opgeveegd of opgezogen met een stofzuiger. Vochtgehalte eenvoudig in te stellen Anna is voorzien van een intelligent ledscherm met softkey waarmee u het gewenst vochtgehalte eenvoudig kunt instellen. Anna wordt vervolgens automatisch uitgeschakeld wanneer het vochtgehalte wordt bereikt en automatisch weer ingeschakeld als het vochtgehalte wordt overschreden. De temperatuur en vochtigheid in het vertrek zijn belangrijk in verhouding tot hoeveel liters vocht per dag kunnen worden verwerkt. Eenvoudig te hanteren Anna is eenvoudig te verplaatsen naar het vertrek waar het apparaat nodig is. De ontvochtiger is voorzien van praktische handvatten die op zeer fraaie wijze in het ontwerp zijn geïntegreerd. Daarnaast kan Anna eenvoudig worden verplaatst met de bijgeleverde 360 graden draaiende wieltjes. Optie voor voortdurend afvoeren - automatische stop Een ontvochtiger heeft een ingebouwd waterreservoir om het water uit het vocht in de lucht te verzamelen. Door een afzonderlijke afvoerslang aan te sluiten hebt u de mogelijkheid om het water rechtstreeks naar de afvoer te leiden, in plaats van het waterreservoir te moeten legen. Dit betekent dat de ontvochtiger voortdurend kan draaien, wat in het bijzonder in kelders of zomerhuisjes een goede oplossing is. Als u ervoor kiest om geen afvoerslang aan te sluiten beschikt Anna over een functie voor automatische uitschakeling met indicator voor een vol reservoir, waardoor de ontvochtiger automatisch wordt uitgeschakeld als het reservoir vol is. Anna is voorzien van een waterreservoir met ruimte voor maximaal 4,5 liter. Anna – een kwaliteitsproduct van eeese air care Anna is onderdeel van de populaire serie ontvochtigers van eeese air care. Alle ontvochtigers in deze serie zijn gemaakt met als doel de perfecte synergie tussen gedegen kennis van het Europese klimaat en milieu, en gestroomlijnd Scandinavisch ontwerp en de nieuwste technologie.
"
386,Luchtontvochtiger slaapkamer - Luchtontvochtiger en luchtreiniger - Vochtvreter elektrisch - 13L,,Merkloos,,,,"480,95",,https://www.bol.com/nl/nl/p/luchtontvochtiger-slaapkamer-luchtontvochtiger-en-luchtreiniger-vochtvreter-elektrisch-13l/9300000166901894/,4,"
  Naast de WLAN-module heeft het een automatisch louvre aan de bovenkant. Wanneer de luchtontvochtiger werkt, gaat het louvre automatisch open. Wanneer de ontvochtiger wordt uitgeschakeld, wordt de ontluchting automatisch gesloten. Het helpt effectief om geluid te verminderen en stof te voorkomen.   Veilig Ouderlijk toezicht-Ouderlijk toezicht is geschikt voor gezinnen met jonge kinderen. Maak je geen zorgen over onbedoelde activering,maar bescherm je kinderen tegen mogelijke schade. Het heeft een zeer efficiënt antibacterieel filter en een ingebouwde negatieve ionengenerator. Tijdens Ontvochtiging kan het ook de lucht verversen. Een watertank van 2,3 liter met een grote capaciteit die automatisch uitschakelt bij nadering.   Verwijdering van vocht en schimmelsporen - met de zuigercompressor R290 kan deze compacte watertank met een volume van maximaal 2,3 liter tot 13 liter water per dag verwijderen bij 30 °C en 80% relatieve vochtigheid. Met de meegeleverde afvoerslang kunt u het apparaat ook de hele dag laten draaien terwijl het water wegloopt. Het vermindert ook schimmel, huisstofmijt en muffe geuren om de luchtkwaliteit te verbeteren.   Laag stroomverbruik en stille werking-deze ontvochtiger genereert ongeveer 39db tijdens gebruik en slechts 35dB in de ultra-slaapmodus, zodat u hem dag en nacht kunt gebruiken zonder luide of vervelende geluiden. Met een stroomverbruik van 145W (27 ° C RH60%) bespaart hij veel energie en kost hij u minder dan deze wegwerpontvochtigers.   Compact ontwerp en dubbele handgreep - het gebruiksvriendelijke aanraakpaneel maakt het eenvoudig om het apparaat te bedienen nadat u de adapter in het stopcontact hebt gestoken, toont het zichtbare display de relatieve vochtigheid (RV) in procent, zodat u de kamer gezellig kunt houden.het ontwerp aan elke kant van het apparaat stelt u in staat om de ontvochtiger gemakkelijk in verschillende kamers te verplaatsen, waardoor uw hele huis in een comfortabele leefomgeving blijft.  
"
387,Equivera Luchtontvochtiger - Luchtontvochtiger Slaapkamer - Luchtontvochtigers - Dehumidifier - Luchtontvochtiger Badkamer - Luchtontvochtiger Woonkamer - Luchtontvochtiger Huis,,Merkloos,,,,"312,95",,https://www.bol.com/nl/nl/p/equivera-luchtontvochtiger-luchtontvochtiger-slaapkamer-luchtontvochtigers-dehumidifier-luchtontvochtiger-badkamer-luchtontvochtiger-woonkamer-luchtontvochtiger-huis/9300000165833266/,7,"
Heeft u te kampen met vochtproblemen in uw woning, kelder of kantoorruimte? De Alpina Luchtontvochtiger biedt u een efficiënte oplossing om de luchtvochtigheid in ruimtes tot 100 m³ te beheren. U hoeft niet langer te worstelen met muffe geuren of het risico op schimmel; deze luchtontvochtiger houdt uw omgeving fris en droog.  Geschikt voor ruimtes tot 100 m³ Regelbare ventilatorsnelheid met hygrometer-display Gemakkelijk verplaatsbaar dankzij wieltjes Extra stil met een geluidsniveau van slechts 46 dB Krachtige ontvochtiging tot 10 liter per dag 2,5 liter waterreservoir Handige timerfunctie (1 tot 24 uur) Vochtigheidsselectie via een overzichtelijk display  De Alpina Luchtontvochtiger: Krachtig en Stil Met een capaciteit om tot 10 liter vocht per dag te verwijderen, biedt deze luchtontvochtiger een praktische oplossing voor vochtige ruimtes. Zijn sterke ventilator zorgt voor een optimale luchtcirculatie, terwijl de regelbare snelheid u de controle geeft over de luchtvochtigheid in uw omgeving. Extra Stille Werking Dit model is speciaal ontworpen om stil te werken, waardoor het perfect is voor gebruik in de slaapkamer of werkruimtes. Met een geluidsniveau van slechts 46 decibel, kunt u genieten van een ongestoorde nachtrust of geconcentreerd blijven op uw werk. Mobiel en Gebruiksvriendelijk De ingebouwde wieltjes maken het eenvoudig om de luchtontvochtiger tussen kamers te verplaatsen. Dit, gecombineerd met een gebruiksvriendelijk display bovenop het apparaat, maakt de bediening ervan zeer eenvoudig. U kunt zelfs de gewenste luchtvochtigheid instellen, waardoor u altijd de perfecte omstandigheden creëert voor uw comfort en gezondheid. Intelligente Vochtigheidscontrole De ingebouwde hygrometer toont u niet alleen de huidige luchtvochtigheid en temperatuur, maar stelt u ook in staat om uw ideale vochtigheidsniveau in te stellen en te handhaven, wat zorgt voor een constant comfortabele omgeving. Bestel nu en geef vocht geen kans meer in uw ruimte. Met de Alpina Luchtontvochtiger kiest u voor een droger, comfortabeler huis of kantoor. Inhoud van de verpakking:  1x Alpina Luchtontvochtiger Handleiding  Laat vochtproblemen niet langer uw comfort in de weg staan. Voeg de Alpina Luchtontvochtiger toe aan uw mandje en geniet van een drogere, gezondere leefomgeving.
"
388,Equivera Luchtontvochtiger - Luchtontvochtiger Slaapkamer - Luchtontvochtigers - Dehumidifier - Luchtontvochtiger Badkamer - Luchtontvochtiger Woonkamer - Luchtontvochtiger Huis,,Merkloos,,,,"455,95",,https://www.bol.com/nl/nl/p/equivera-luchtontvochtiger-luchtontvochtiger-slaapkamer-luchtontvochtigers-dehumidifier-luchtontvochtiger-badkamer-luchtontvochtiger-woonkamer-luchtontvochtiger-huis/9300000165814715/,8,"
Zoekt u een doeltreffende oplossing voor de vochtigheidsbeheersing in uw huis? Ontdek de kracht van de 20L/Day Dehumidifier, de ideale metgezel in de strijd tegen vocht en schimmel. Met een vermogen om tot 20 liter water per dag te verwijderen, is dit toestel perfect voor gebruik in vochtige ruimtes zoals kelders, badkamers of elke andere ruimte in uw huis die een vochtregulering nodig heeft. Met zijn royale watertank van 5,5 liter bent u niet constant bezig met het legen van het reservoir. Bovendien schakelt het apparaat automatisch uit wanneer de tank vol is. En als u niet wilt onderbreken voor handmatig legen, maak dan gebruik van de handige doorlopende afvoerslang voor non-stop gebruik. Gebruiksgemak staat voorop met het digitale LED-scherm van de luchtontvochtiger. Houd de actuele vochtigheidsgraad in uw ruimte in de gaten en navigeer moeiteloos door de vier instelbare ontvochtigingsmodi, waaronder een speciale wasmodus, automatische ontdooiing, kinderslot en een ventilatormodus voor extra luchtcirculatie. De ingebouwde vochtigheidssensor van deze luchtontvochtiger biedt automatische detectie, waarmee u de gewenste luchtvochtigheid tussen 30% en 80% kunt instellen. Zodra uw ideale vochtigheidsniveau is bereikt, schakelt het toestel uit om energie te besparen - perfect voor een milieubewuste huishouding. Met de 24-uurs timer kunt u de werking van uw luchtontvochtiger plannen, zelfs als u niet thuis bent, en dankzij de 'slaapweergave' zorgt u voor een rustige en ongestoorde nachtrust, terwijl uw luchtontvochtiger zachtjes op de achtergrond werkt. De mobiliteit van dit apparaat is ongeëvenaard met de vier soepel rollende wieltjes die het eenvoudig maken om tussen verschillende kamers te manoeuvreren. Productspecificaties:  Dagelijkse ontvochtiging: 20 liter Watertank capaciteit: 5,5 liter Energiezuinig ontwerp Digitale LED-display met 4 ontvochtigingsmodi Ingebouwde vochtigheidssensor (30%-80% instellingen) 24-uurs timer met slaapweergave Automatische uitschakelfunctie bij volle watertank Doorlopende afvoerslang optie Kinderbeveiliging Eenvoudig te verplaatsen met 4 wielen  In de doos:  20L/Day Dehumidifier Doorlopende afvoerslang Handleiding  De 20L/Day Dehumidifier is een slimme keuze voor iedereen die een efficiënte, gebruiksvriendelijke en energiebesparende oplossing zoekt voor vochtproblemen thuis. Bestel vandaag nog en haal de rust in huis met de zekerheid van een droge en comfortabele omgeving.
"
389,Empire's Product Luchtontvochtiger - Luchtreiniger 1000mL - Ontvochtiger - Dehumidifier - tot 15 m2,,Empire's Product,,,,"99,95",,https://www.bol.com/nl/nl/p/empire-s-product-luchtontvochtiger-luchtreiniger-1000ml-ontvochtiger-dehumidifier-tot-15-m2/9300000167426419/,7,"
Mini-ontvochtiger: Klein en licht, gemakkelijk mee te nemen, je kunt de luchtontvochtiger zo vaak meenemen als je wilt. Ideaal voor ruimtes van 5-15 m², zoals slaapkamers, badkamers, wasruimtes, keukens, kantoren, caravans.   Efficiënte ontvochtiging: Deze draagbare mini-ontvochtiger heeft een wateropslag van 1100 ml, een ontvochtigingscapaciteit: 450 ml/dag (30 ℃, 80% RH), die overtollig vocht in de kamer kan verzamelen en frisse lucht kan afgeven, waardoor u een comfortabele werk- en leefomgeving krijgt.   Ultrastil: Het werkgeluid is niet hoger dan 50 decibel. Het stoort je niet in je dagelijkse werk en leven, en loopt zelfs automatisch als je slaapt. Dubbele modus: normale modus/nachtmodus. Schoon en stofdicht: De luchtinlaat is uitgerust met een afneembaar rooster, dat effectief voorkomt dat stof in de lucht komt en het schoonmaken vergemakkelijkt. Het kan frisse lucht brengen in uw werk- en leefomgeving. Kleurrijk LED-nachtlampje: Door op de lichtknop te drukken, kunt u de LED uitschakelen of de lichtkleur kiezen (7 kleuren). Wanneer de tank draait, zal het een gekleurd licht produceren dat 's nachts kan worden gebruikt als een prachtig decoratief licht.   Overmatige vochtigheid in de kamerlucht betekent dat de kleding in de kast niet droog blijft.   Vocht condenseert in druppeltjes en plassen op ramen, glas, vloeren, etc.   Het kan uw apparaten, meubels enz. beschadigen, hun levensduur verkorten en in het ergste geval leiden tot ongelukken en lekkages!   Onze kleine luchtontvochtigers kunnen al deze problemen voor u oplossen!   Stil en efficiënt   Het geluidsniveau tijdens gebruik: <50dB, een stille werkomgeving die uw werk of rust niet zal storen. Ontvochtigingscapaciteit: 450 ml/dag (30°C, 80% RH), automatisch rood licht wanneer de watertank met grote capaciteit vol is om u eraan te herinneren deze op tijd te legen   Een geweldige hulp voor kleine ruimtes   Een krachtige luchtontvochtiger voor kleine ruimtes tussen de 5 en 15 m2. Geschikt voor kelders, zolders, appartementen, badkamers, slaapkamers en caravans.   7 kleuren nachtlampje   Met een druk op de knop kunt u het licht van deze luchtontvochtiger schakelen tussen een 7-kleurenverloop en een enkelkleurig licht. Het is perfect als sfeerverlichting voor je slaapkamer 's nachts.   productspecificatie   Bedrijfsgeluid: <50db   Afmetingen: 26x16x16cm   Gewicht: 1,4 kg   Ingangsspanning: 100V~240V   Uitgangsvermogen: 40W   Lengte netsnoer: 130 cm   Effectief werkbereik: 5-15㎡   Capaciteit watertank: 1100 ml   !!! Tip!!!   Over onze producten   1. De optimale luchtvochtigheid binnenshuis ligt tussen de 60-80%. Als de luchtvochtigheid lager is dan 60%, kan de luchtontvochtiger normaal gesproken niet 450 ml per dag verwijderen.   2. Als de temperatuur lager is dan 8 ℃, wordt het niet aanbevolen om onze luchtontvochtigers te gebruiken, omdat het ontvochtigingseffect op dat moment niet duidelijk is.   3. Wanneer het waterniveau in de tank het maximale niveau bereikt, laat de ontvochtiger drie pieptonen horen en knippert het rode lampje continu.   4. Steek het ene uiteinde van de voedingsadapter (meegeleverd) in het kleine gaatje aan de achterkant van het apparaat en het andere uiteinde in een 100V~240V stopcontact.   5. De luchtinlaat is uitgerust met een afneembaar rooster, dat effectief voorkomt dat stof in de lucht komt en het schoonmaken vergemakkelijkt.
"
390,luchtontvochtiger - 1000ML - luchtontvochtiger slaapkamer - luchtontvochtigers - luchtontvochtiger badkamer - Automatische Ontdooiing/Uitschakeling - Wit,,Merkloos,,,,"100,-",,https://www.bol.com/nl/nl/p/luchtontvochtiger-1000ml-luchtontvochtiger-slaapkamer-luchtontvochtigers-luchtontvochtiger-badkamer-automatische-ontdooiing-uitschakeling-wit/9300000164330547/,7,"
Ontdek onze geavanceerde luchtontvochtiger, speciaal ontworpen om de lucht in jouw huis te verbeteren. Met cutting-edge halfgeleider-Peltier-technologie, is dit apparaat de oplossing voor vochtproblemen in ruimtes tot 20 m². Vergeet die benauwde en vochtige omgevingen, want deze luchtontvochtiger biedt tal van voordelen om jouw leefomgeving te optimaliseren. Jouw voordelen:  Krachtige Ontvochtiging: Dankzij de verbeterde halfgeleider-Peltier-koeltechnologie verwijdert onze luchtontvochtiger effectief en veilig vocht uit de lucht. Het resultaat? Een frissere en comfortabelere ruimte voor jou en je gezin.  Ontdooimodus: Zelfs in koude omstandigheden ben je beschermd tegen ijsvorming. Onze ontvochtiger heeft een handige ontdooimodus die automatisch wordt geactiveerd wanneer de temperatuur onder 15 °C daalt. Geen zorgen meer over condensatie en vorst, zelfs niet in de winter.  Stil en Slim: Geniet van een rustige omgeving met geluidsniveaus tussen 40-45 decibel. Deze luchtontvochtiger werkt onopvallend in de achtergrond, zodat je ongestoord kunt ontspannen. En als het waterreservoir vol is, hoef je je geen zorgen te maken. Het apparaat schakelt automatisch uit en waarschuwt je met een rode knipperende indicator, zodat je het reservoir kunt legen.  Sfeervolle Verlichting: Maak van je ruimte een oase van rust en kleur. Onze luchtontvochtiger beschikt over een prachtig cyclus van zeven kleuren LED-licht. Wil je een specifieke sfeer? Met een simpele druk op de knop kun je schakelen tussen rood, groen en blauw. Het LED-licht kan ook fungeren als een rustgevend nachtlampje voor je slaapkamer of kinderkamer.  Grote Watertank: Ondanks zijn compacte formaat, heeft deze luchtontvochtiger een royale watertank van 1000 ml. Hij kan tot 300 ml water per dag verwijderen, waardoor je kamers droog en comfortabel blijven. Of je nu de luchtvochtigheid in je slaapkamer, badkamer, keuken of kantoor wilt regelen, deze krachtige luchtontvochtiger staat voor je klaar. Vergeet vochtproblemen en schimmelgroei. Kies voor onze geavanceerde luchtontvochtiger en verbeter de kwaliteit van jouw leefomgeving. Bestel vandaag nog en adem opgelucht! Opmerking: Vergeet niet om in koudere omstandigheden de ontdooimodus te activeren om de optimale prestaties te behouden.
"
391,Luchtontvochtiger slaapkamer - Luchtontvochtiger en luchtreiniger - Vochtvreter elektrisch - 20L,,Merkloos,,,,"590,95",,https://www.bol.com/nl/nl/p/luchtontvochtiger-slaapkamer-luchtontvochtiger-en-luchtreiniger-vochtvreter-elektrisch-20l/9300000166901583/,7,"
  EFFICINT DEMOTIFICATIE: verwijdert effectief vocht uit de lucht.Vermindert schimmel, mijten en allergische moleculen.Dagelijkse ontvochtigingscapaciteit tot 20L / dag.Geschikt voor appartement, kelder, garage, stacaravan, ziekenhuis, hotel, bibliotheek, documentruimte, tentoonstellingszaal, musea enz.   Continu bevochtigd: afvoer van het gescheiden water met de optionele slang, geschikt voor hoge luchtvochtigheid in de kamer, bijvoorbeeld op opeenvolgende regenachtige dagen.   Grote watertank: de watertank met een extra hoge capaciteit van 4,5 liter schakelt automatisch uit zodra deze vol is.Met de meegeleverde afvoerslang kunt u het apparaat ook de hele dag laten draaien terwijl het water wegloopt.   Vele eigenschappen: hoogst efficiënte HEPA & actieve kool 2 in 1 antibacteriële pre-filter; een ingebouwde negatieve ionengenerator, die de lucht ook kan vernieuwen wanneer ontvochtigd;timingsfunctie voor automatische sluiting op de regelmatige tijd;Hygrostaatfunctie voor een bepaalde vochtigheidswaarde;overstromingsbescherming wanneer volledige watertank.   Automatische vochtigheidssensor: met de geïntegreerde vochtigheidssensor kunt u de gewenste luchtvochtigheid in de ruimte instellen tussen 30% -80%. Zodra deze luchtvochtigheid is bereikt, schakelt de ontvochtiger automatisch uit om energie te besparen.-  
"
392,Luchtontvochtiger slaapkamer - Luchtontvochtiger en luchtreiniger - Vochtvreter elektrisch - 10L,,Merkloos,,,,"317,95",,https://www.bol.com/nl/nl/p/luchtontvochtiger-slaapkamer-luchtontvochtiger-en-luchtreiniger-vochtvreter-elektrisch-10l/9300000166874666/,4,"
  Luchtontvochtigers tot 10 liter per dag (DB 32°CWB 29°C), geschikt voor ruimtes tot 45 m3   Met natuurlijk koudemiddel R290 voor zo min mogelijk effect op de opwarming van de aarde (GWP=3)   Handig en gemakkelijk te vervoeren; slechts 185 mm Diepte   Semi-transparante tank van 2 liter, mogelijkheid voor continue waterafvoer   Gegarandeerde veiligheid door ontdooien en tank volledige weergave-  
"
393,D&B - Luchtontvochtiger - Luchtreiniger badkamer - Luchtontvochtiger slaapkamer - dehumidifier - 600 ml per dag,,D&B,,,,"119,95",,https://www.bol.com/nl/nl/p/d-b-luchtontvochtiger-luchtreiniger-badkamer-luchtontvochtiger-slaapkamer-dehumidifier-600-ml-per-dag/9300000170359348/,5,"
Geavanceerde Luchtontvochtiger voor Optimaal Comfort Stel je een frissere en gezondere leefomgeving voor met onze Geavanceerde Luchtontvochtiger. Of je nu worstelt met vochtige ruimtes, onaangename geuren of schimmelproblemen, deze krachtige luchtontvochtiger biedt de perfecte oplossing om je leefruimte te verbeteren. Kenmerken:   Efficiënte Ontvochtigingstechnologie:  Uitgerust met geavanceerde technologie die snel en effectief overtollig vocht uit de lucht verwijdert, waardoor de groei van schimmel en allergenen wordt verminderd.    Groot Capaciteitsreservoir:  Een ruim waterreservoir zorgt voor langdurige werking zonder frequente onderbrekingen. Het apparaat geeft een melding wanneer het reservoir vol is, waardoor het legen eenvoudig is.    Aanpasbare Luchtvochtigheid:  Stel de gewenste luchtvochtigheidsniveaus in met het gebruiksvriendelijke bedieningspaneel. Creëer een comfortabele omgeving aangepast aan je voorkeuren.    Stille Werking:  Geniet van een rustige omgeving dankzij de stille werking van de luchtontvochtiger. Ideaal voor gebruik in slaapkamers, kantoren of andere leefruimtes.    Luchtzuiveringsfunctie:  Naast ontvochtiging beschikt de luchtontvochtiger over een luchtzuiveringsfunctie om stofdeeltjes en allergenen uit de lucht te filteren, waardoor de algehele luchtkwaliteit verbetert.    Energiezuinig Ontwerp:  Een energiezuinig ontwerp zorgt ervoor dat de luchtontvochtiger effectief werkt zonder een aanzienlijke toename van het energieverbruik.    Automatische Uitschakeling:  Voorzien van een automatische uitschakelfunctie wanneer het waterreservoir vol is, waardoor energie wordt bespaard en de veiligheid wordt gewaarborgd.    Compact en Stijlvol:  Het eigentijdse compacte ontwerp van de luchtontvochtiger past moeiteloos in elke ruimte en voegt een vleugje stijl toe aan je interieur.    Ontketen het volledige potentieel van je leefomgeving met de Geavanceerde Luchtontvochtiger. Adem gemakkelijk, verminder vochtproblemen en geniet van een comfortabelere leefruimte. Bestel nu en ontdek de voordelen van een gecontroleerde luchtvochtigheid.Overige kenmerken:- Afmetingen: 255x200x110 mm- 45W- 1.08 KWH- Wordt geleverd met externe waterafvoer- Inclusief wateropvangbak Als laatst... Wij als D&B staan achter de kwaliteit van onze producten. Als u om welke reden dan ook ontevreden bent, neem dan gerust contact met ons op. Wij bieden garantie of vervanging van het product. 100% tevredenheid garantie voor risicoloos online winkelen
"
394,Ghani winkeltje Equivera Luchtontvochtiger - Luchtontvochtiger Slaapkamer - Luchtontvochtigers - Dehumidifier - Luchtontvochtiger Badkamer - Luchtontvochtiger Woonkamer - Luchtontvochtiger Huis,,Merkloos,,,,"196,95",,https://www.bol.com/nl/nl/p/ghani-winkeltje-equivera-luchtontvochtiger-luchtontvochtiger-slaapkamer-luchtontvochtigers-dehumidifier-luchtontvochtiger-badkamer-luchtontvochtiger-woonkamer-luchtontvochtiger-huis/9300000172102780/,8,"
Bent u op zoek naar een doeltreffende oplossing om de vochtigheid in uw huis onder controle te houden? Ontdek onze krachtige ontvochtiger, ontworpen voor uw comfort en gemak. Deze compacte krachtpatser gebruikt geavanceerde koelende halfgeleidercondensatietechnologie om tot 300 ml vocht per dag op te vangen, waardoor uw ruimte tot 28 vierkante meter fris en droog blijft. Perfect voor de Nederlandse vochtige dagen!  Hoogefficiënte ontvochtiging Groot waterreservoir van 1100 ml Twee werkmodi: Sterk en Slaapstand 7 kleurwisselende LED-lampjes Eénknopsvergrendeling Automatische uitschakeling met signaal Draagbaar ontwerp met handvat   Ideaal voor diverse ruimtes: van slaapkamers tot kelders  ​1​ Onze luchtontvochtiger is uitgerust met twee modi om aan al uw behoeften te voldoen. De Sterke modus verlaagt de luchtvochtigheid snel op volle kracht voor een comfortabel binnenklimaat, terwijl de Slaapmodus fluisterstil is zonder storende lichten, ideaal voor ongestoorde nachtrust of geconcentreerd lezen. ​2​ Niet alleen praktisch, maar ook stijlvol met een ingebouwd nachtlampje dat kan schakelen tussen zeven kleuren. Vergrendel uw favoriete kleur of schakel alle lichten uit voor perfecte harmonie in uw ruimte. En maakt u zich geen zorgen over veiligheid: onze ontvochtiger schakelt automatisch uit en waarschuwt u met een signaal wanneer het waterreservoir vol is. ​3​ Het draagbare design met handvat maakt het eenvoudig om de ontvochtiger van kamer naar kamer te verplaatsen, ideaal voor kleding drogen, vochtige slaapkamers, badkamers, comfortabele woonkamers en vochtgevoelige kelders. Neem controle over uw binnenlucht met onze efficiënte ontvochtiger. Ervaar elke dag weer een comfortabele en gezonde leefomgeving. Bestel nu en zeg vaarwel tegen overtollig vocht! Inhoud bestelling: 1x Hoogefficiënte Ontvochtiger 1x Handleiding  
"
395,Argoclima Dry Pury 21 - Luchtontvochtiger - 100 m2 - 41 dB,,Argoclima,,,,"355,81",,https://www.bol.com/nl/nl/p/argoclima-dry-pury-21-luchtontvochtiger-100-m2-41-db/9300000083430404/,8,"
Luchtontvochtiger met dubbele functie: ontvochtigen en reinigen!
De Argoclima Dry Pury 21 luchtontvochtiger ontvochtigt en zuivert de lucht in de omgeving met speciale filters, zilverionen en een antibacterieel filter.
Uniek door zijn gestileerde vormgeving. De keuze voor hoogwaardige materialen en de totale witte kleur geven de ontvochtiger een verfijnde en aangename uitstraling.
De Argoclima Dry Pury 21 luchtontvochtiger behoort tot de nieuwste modellen luchtontvochtigers van Argoclima. De stille ontvochtiger heeft een capaciteit van 21 liter per dag.

Tot 100 m², Max. 21 ltr/dag
Luchtontvochtiger met dubbele functie: ontvochtigen en reinigen
Gestileerde vormgeving, hoogwaardige materialen
Extra filters voor luchtzuivering: catechine + zilverionen + antibacterieel
Zeer stille ontvochtiger met puur mat witte kleur

"
396,MoreLife Luchtontvochtiger | Stille Luchtontvochtiger | Ontvochtigd 2.5 liter per dag | Luchtonvochtiger inclusief afstandsbediening,,Merkloos,,"5,0",2,"265,95",,https://www.bol.com/nl/nl/p/morelife-luchtontvochtiger-stille-luchtontvochtiger-ontvochtigd-2-5-liter-per-dag-luchtonvochtiger-inclusief-afstandsbediening/9300000068749529/,6,"
Wanneer je op zoek bent naar een luchtonvochtiger om voorgoed van vochtproblemen af te komen dan is onze luchtonvochtiger een geweldige aankoop. Onze ontvochtiger is ontworpen om een aangename omgeving in jouw huis te creëren door overtollig vocht uit de lucht te absorberen om een gezond vochtigheidsniveau te behouden.
Onze ontvochtiger verwijdert tot wel 2.5 liter aan vocht per dag en transformeert jouw ruimte tot een goed gereinigde oase. Het apparaat is geschikt voor gebruik in bijna elke omgeving. Ideaal voor in huis, kantoor of de slaapkamer. De luchtontvochtiger heeft een groot waterreservoir met een capaciteit van 2.6 liter. Je hoeft daardoor niet constant het reservoir te legen.
Onze luchtonvochtiger is muisstil. De ontvochtiger werkt middels thermo-elektrische elementen. Dit zorgt ervoor dat de ontvochtiger geruisloos te werk gaat! Het geluidsniveau is speciaal ontworpen met een innovatief ‘bass reduction’ systeem, waardoor je de ontvochtiger probleemloos tijdens het slapen zijn werk kan laten doen. Jouw nachtrust zal door onze ontvochtiger nooit verstoord worden.
De slimme ontvochtiger heeft  een ingebouwde  LED-indicatie, met een aantal besturingsknoppen waarmee je het ontvochten makkelijk kunt instellen. Bovendien wordt de ontvochter geleverd met een kleine afstandsbediening zodat je het apparaat makkelijk vanaf afstand kunt bedienen.
Wanneer de was in huis niet snel genoeg opdroogt, is deze ontvochtiger de ideale oplossing. Geoptimaliseerde luchtstroomverdeling in combinatie met superieure ontvochtigende prestaties zorgt voor een energieke en doordringende werking die wasgoed 50% sneller droogt dan natuurlijk drogen.
 
 
 
 

Plus- en minpunten 


+ Voorkomt schimmel en overtollig vocht+ Muisstil dankzij innovatief ‘bass noise reduction’ systeem+ LED-indicatie systeem + Afstandsbediening 


 
 
Waarom is onze luchtontvochtiger een absolute bestseller?
 
✔ Voorkomt schimmel en overtollig vocht  - Dankzij het 500w vermogen verlaagt de ontvochtiger de luchtvochtigheid in topsnelheid. 
 
✔ Geruisloos - Fluisterstil ‘bass noise reduction’ systeem waardoor de ontvochtiger prima te gebruiken is in de slaapkamer. 
 
✔ De luchtontvochtiger is uitgerust met een zeer eenvoudige intuïtieve bediening. Het apparaat kan op elke situatie ingesteld worden met bijzonder slimme instellingen. Daarnaast heeft de ontvochter een afstandsbediening.
 
Lange ervaring in luchtonvochtiging!
 
Wij werken al jaren in de luchtontvochtigings branche en hebben een uitstekende kennis van wat de vereisten zijn voor een goede ontvochtiger. Hierdoor ben je verzekerd dat onze luchtontvochtiger een absolute topaankoop is. Kwaliteit staat bij ons altijd op nummer één! 

 
Productspecificaties:
 

Naam: Luchtontvochtiger


Kleur: Wit


Afmetingen: 240x130x360 mm


Voltage: 220V


Vermogen: 500W

 
 
 
 
 
 
 
Pakket bestaat uit:

1x Luchtontvochtiger
1x Handleiding
1x Afstandsbediening
"
397,Luchtontvochtiger - Luchtontvochtiger Slaapkamer - Luchtontvochtigers - Dehumidifier - Luchtontvochtiger Badkamer - Luchtontvochtiger Woonkamer - Luchtontvochtiger Huis,,Merkloos,,,,"147,95",,https://www.bol.com/nl/nl/p/luchtontvochtiger-luchtontvochtiger-slaapkamer-luchtontvochtigers-dehumidifier-luchtontvochtiger-badkamer-luchtontvochtiger-woonkamer-luchtontvochtiger-huis/9300000169366026/,7,"
Looking for an efficient and quiet dehumidifier for your home? The Electric Dehumidifier with LED lighting and automatic switch-off protection is an ideal solution for rooms up to 30 square meters, such as basements, living rooms, bedrooms and bathrooms. Main Features of the Electric Dehumidifier 1. High-efficiency Dehumidification: Thanks to advanced cooling semiconductor condensation technology, this dehumidifier can absorb up to 300 ml of excess moisture per day (at 30°C, 80% humidity). 2. Large 1100ml Water Tank: Equipped with a spacious water tank, this dehumidifier provides long-lasting dehumidification without the need to empty the tank frequently. When the tank is full, the device switches off automatically and three beeps sound as a reminder. 3. Sleep Mode & Colorful Night Light: Sleep mode ensures a noise level lower than 35 dB. The dehumidifier has 7 different LED colors that can change continuously or be fixed to one color, perfect for a romantic and cozy atmosphere at night. 4. Auto Shut Off & Defrost Function: This function prevents water overflow by automatically shutting off when the tank is full. The automatic defrosting function makes the device suitable for use in colder conditions. 5. Low Energy Consumption & Quiet Operation: The unique air intake reduces noise levels to ≤ 30 dB(A), making this dehumidifier ideal for use without disturbing sleep, work or study. 6. Portable and Easy to Use: With a practical handle and a 360-degree removable water tank, this dehumidifier is easy to move and clean. Suitable for Various Spaces This dehumidifier is ideal for areas of 15-30 square feet, such as basements, bedrooms, living rooms, and bathrooms, as well as for use in closets and RVs. Contents of the package  Electric Dehumidifier 1100ml Water tank User manual  Conclusion The Electric Dehumidifier with LED lighting and automatic switch-off protection is a perfect choice for anyone looking for an effective, quiet and energy-efficient solution to moisture problems at home. Order now and enjoy a more comfortable and healthier indoor climate!
"
398,Nagano Ontvochtiger 50ltr per 24uur,,Nagano,,,,"699,99",Op voorraad,https://www.bol.com/nl/nl/p/nagano-ontvochtiger-50ltr-per-24uur/9300000132628381/,0,"
LuchtvochtigheidsdisplayHier kunt u de door u gewenste luchtvochtigheidspercentage instellen.De ontvochtiger zal automatisch uit/aanslaan om de ingestelde luchtvochtigheid te bereiken.Ook kunt u de ontvochtiger continu laten lopen.
Water overstort beveiligingIn de ontvochtiger zit een watertank met een volume van 4,8 Liter.De ontvochtiger schakelt automatisch uit na het opnemen van ca. 4 Liter om wateroverlast te voorkomen.Ook is het mogelijk om de ontvochtiger op een vaste afvoer aan te sluiten zodat u de waterbak nooit hoft te legen!
Automatische restartIndien de stroom van de unit wegvalt en later weer terugkomt zal de machine automatisch inschakelen en in zijn ingestelde programma verder functioneren. (temperatuur en ventilatiesnelheid)(Dit geldt niet voor de klok- en timerfunctie!)
Technische specificaties: (art.nr. 2141) Nagano Ontvochtiger 50L/24uurOntvochtigings vermogen1,4 Liter/uur (DB/WB 27°C / 21°C)2,1 Liter/uur (DB/WB 30°C / 27°C) = 50L/24uurWerkingstemperatuur 5°C~35°CVolume watertank 6 liter (schakelt automatisch uit na het opnemen van ca. 5,0 literAir Flow Min./Max. 320/345 m3hExterne condensafvoer De condensafvoer kan ook op een “permanente afvoer worden aangesloten”Opgenomen vermogen 775Watt / 3.6AVoeding 220-240V / 50HZGeluidsniveau 51/52 dB (A)Gewicht & Afm. LxBxH 19,8 KG / 392x282x616mm
 
"
399,Equivera Luchtontvochtiger - Luchtontvochtiger Slaapkamer - Luchtontvochtigers - Dehumidifier - Luchtontvochtiger Badkamer - Luchtontvochtiger Woonkamer - Luchtontvochtiger Huis,,Merkloos,,,,"323,95",,https://www.bol.com/nl/nl/p/equivera-luchtontvochtiger-luchtontvochtiger-slaapkamer-luchtontvochtigers-dehumidifier-luchtontvochtiger-badkamer-luchtontvochtiger-woonkamer-luchtontvochtiger-huis/9300000165637726/,9,"
Ben je op zoek naar een efficiënte manier om vocht en overtollige luchtvochtigheid in je huis of kantoor te verminderen? Cosi Home biedt de ideale oplossing met hun stille en energiezuinige luchtontvochtiger. Deze krachtpatser verwijdert tot wel 12 liter water uit de lucht per dag, waardoor je ruimtes fris en droog blijven, terwijl je de luchtvochtigheid naar wens kunt aanpassen. Geluidsarm & Zuinig Geniet van een rustige werking zonder verstoring dankzij het super stille design van de Cosi Home luchtontvochtiger. Het apparaat is ontworpen met een efficiënte compressor die zorgt voor een laag geluidsniveau en minimaal energieverbruik. De ingebouwde automatische sensor bewaakt de luchtvochtigheid in de kamer en schakelt de ontvochtiger uit zodra de ingestelde luchtvochtigheid is bereikt. Krachtige Prestaties Met een indrukwekkende capaciteit om dagelijks 12 liter water uit de lucht te verwijderen, staat deze luchtontvochtiger garant voor een droge en comfortabele omgeving. Het extra grote waterreservoir van 2,5 liter zorgt voor minder frequent legen, waardoor het onderhoud eenvoudig is. Gebruiksvriendelijk LED Display Met 5 eenvoudig te gebruiken instellingen, biedt het LED-display van deze luchtontvochtiger een gebruiksvriendelijke ervaring. Kies uit 3 standen: continu, automatisch en relatief. De twee snelheidsstanden (hoog/laag) zorgen ervoor dat je altijd de perfecte luchtvochtigheid in je huis kunt vinden. Compact & Draagbaar Het moderne en strakke ontwerp van de Cosi Home luchtontvochtiger past moeiteloos in elk interieur. Met de 4 handige wielen verplaats je het apparaat eenvoudig naar elke gewenste ruimte. De bijgeleverde 1-meter lange slang zorgt voor continue afvoer, zodat je je geen zorgen hoeft te maken over het legen. Optimale Luchtkwaliteit Door water uit de lucht te halen, draagt de luchtontvochtiger bij aan een gezondere leefomgeving. Het vermindert het risico op schimmels en raamcondensatie, wat resulteert in schonere en gezondere lucht voor jou en je gezin. Productspecificaties:  Merk: Cosi Home Capaciteit waterreservoir: 2,5 liter Dagelijkse ontvochtigingscapaciteit: 12 liter LED-display met 5 instellingen 2 snelheidsstanden Inclusief 1-meter lange slang voor continue afvoer 4 wielen voor eenvoudige verplaatsing  Inhoud bestelling:  1x Cosi Home Luchtontvochtiger 1x 1-meter lange slang Gebruiksaanwijzing  Kies voor een gezondere lucht in huis met de Cosi Home luchtontvochtiger. Perfect voor zowel thuis als op kantoor. Bestel nu en adem de frisse, droge lucht in die je verdient!
"
400,Luchtontvochtiger AIR NATUREL Evel 117048  - tot 90m² -,,Air Naturel,,,,"373,89",Op voorraad,https://www.bol.com/nl/nl/p/luchtontvochtiger-air-naturel-evel-117048-tot-90m/9200000120385774/,8,"
    Vochtproblemen? Zeg vaarwel tegen schimmels en welkom tegen een gezond huis dankzij Evel, de meest polyvalente ontvochtiger op de markt. Dankzij zijn ‘dessicatie’ technologie (geen kompressor, geen koelgas) is Evel reeds effectief vanaf 0°C. Verder is Evel niet enkel licht, compact en eenvoudig in gebruik, maar eveneens economisch en ecologisch. Met zijn 3 snelheden, zijn roterende wieltjes, zijn handgreep en de functies ‘Timer’ en ‘Clothes dry’, krijgt Evel een vaste plaats in huis, bv. de kelder, de slaapkamer of de badkamer.Air Naturel, healthy air at home !Dessicatie:De vochtige lucht wordt door ventilatie aangetrokken en door een absorberende gel geblazen. De luchtkomt er droog terug uit. Het water wordt uit de gel gescheiden en afgevoerd en de gel wordt dmvwarmte gedroogd. Deze gel dient, in tegenstelling tot niet elektrische varianten, dus niet vervangen teworden.HygroSmart®:Deze functie regelt het toestel in functie van de omgevingstemperatuur voor het bereiken van de ideale vochtigheidsgraad, die zich situeert tussen 45 en 55%Clothes dryHet toestel werkt op maximale snelheid totdat de luchtvochtigheid 20% bedraagt. Dit is de idealeluchtvochtigheid om was te drogen.
  "
401,Luchtontvochtiger - Luchtontvochtiger Slaapkamer - Luchtontvochtigers - Dehumidifier - Luchtontvochtiger Badkamer - Luchtontvochtiger Woonkamer - Luchtontvochtiger Huis,,Merkloos,,,,"142,95",,https://www.bol.com/nl/nl/p/luchtontvochtiger-luchtontvochtiger-slaapkamer-luchtontvochtigers-dehumidifier-luchtontvochtiger-badkamer-luchtontvochtiger-woonkamer-luchtontvochtiger-huis/9300000169365320/,5,"
Op zoek naar een efficiënte en stille oplossing om overtollig vocht in huis tegen te gaan? De draagbare luchtontvochtiger biedt een geavanceerde en energiezuinige manier om de luchtvochtigheid in je woonruimte te reguleren. Dit compacte apparaat is ideaal voor gebruik in de keuken, badkamer, slaapkamer of kast en is perfect voor ruimtes tot 20 m². Kenmerken van de draagbare luchtontvochtiger 1. Zeer efficiënte ontvochtiging: Met een waterreservoir van 1000 ml maakt de luchtontvochtiger gebruik van halfgeleider koelingstechnologie om tot 300 ml vocht per dag te verwijderen, waardoor het een effectieve oplossing is voor vochtproblemen. 2. Ultra stil en krachtig: Dankzij de Peltier technologie werkt de luchtontvochtiger fluisterstil (slechts 30 dB), perfect voor continu gebruik zonder storend geluid. Met slechts 40 watt is het apparaat ook zeer energiezuinig. 3. 7-kleuren nachtlampje & automatische uitschakeling: Deze luchtontvochtiger is uitgerust met een sfeervol 7-kleuren nachtlampje, waardoor het een romantische toevoeging is aan elke kamer. Het apparaat schakelt automatisch uit als het waterreservoir vol is, met een knipperende rode LED en drie piepjes als herinnering om het reservoir te legen. 4. Draagbaar en energiebesparend: Met een handig handvat en compact formaat (15 x 15 x 25,4 cm) is deze mini-ontvochtiger gemakkelijk te verplaatsen en op te bergen. Het lage vermogen van 18 W maakt het een energiebesparende keuze. 5. Makkelijk schoon te maken: Het waterreservoir is eenvoudig te openen en schoon te maken, zodat u altijd kunt genieten van schone en droge lucht. Inhoud van de verpakking1x Ontvochtiger1x stekker met kabel1x handleidingIdeaal voor verschillende ruimtes De luchtontvochtiger is niet alleen functioneel, maar ook stijlvol en past goed in elk interieur. De optimale bedrijfstemperatuur van 15-40 °C maakt hem geschikt voor gebruik in verschillende omgevingen. Conclusie Met zijn efficiëntie, stilte en draagbaarheid is de Teliser draagbare ontvochtiger een uitstekende keuze voor iedereen die op zoek is naar een betrouwbare oplossing voor vochtproblemen in huis. Bestel nu en geniet van een comfortabeler en gezonder binnenklimaat!
"
402,VANTUBO DRY PURY25 Luchtontvochtiger Luchtreiniger,,VANTUBO,,,,"399,-",,https://www.bol.com/nl/nl/p/vantubo-dry-pury25-luchtontvochtiger-luchtreiniger/9300000023097308/,2,"
    Luchtdroger met reinigingsfunctie.Hoge capaciteitsprestaties. Perfect ontwerp. Efficiënte ontvochtiging en luchtzuivering in de ruimte.Catechine filter tegen geuren en verontreinigende stoffen, zilverionen filter tegen bacteriën, antibacteriële filter verdeelt negatieve ionen. Watertank kan vanaf de zijkant worden uitgetrokken. Geïntegreerde handgrepen en snoerhaspel. Het werkt ook bij lage temperaturen. Ideaal!Het droogt en reinigt de lucht. Compacte vorm. Mat witte kleur.Uitgerust met een luchtfiltersysteem dat stofdeeltjes verwijdert.Digitale bediening met een nauwkeurige hygrometer en Led scherm.Instelbare vochtigheidsgraad van 30 tot 80%. Mogelijkheid om een van de twee ventilatorsnelheden te kiezen. 1-24 uur timer.Het werkt in het temperatuurbereik: van 5 tot 32 graden C. Signalering van de noodzaak om het filter te reinigen en de condensaattank te legen. Mogelijkheid om een permanente condensafvoer aan te sluiten. Aanbevolen oppervlakte: _tot*_42 m2_ Tankinhoud: 2,6 liter Ontvochtigingscapaciteit: 25 liter / 24u Luchtstroom: 155 do 220 m3 /h Stroomverbruik: 530 W Geluidsdruk min / med / max: 42 tot 44 db (A) Afmetingen H / B / D /: 482/360/244 mm Netto gewicht: 16 kg Koelmiddel: R290
"
403,Luchtontvochtiger - Luchtontvochtiger Slaapkamer - Luchtontvochtigers - Dehumidifier - Luchtontvochtiger Badkamer - Luchtontvochtiger Woonkamer - Luchtontvochtiger Huis,,Merkloos,,,,"125,95",,https://www.bol.com/nl/nl/p/luchtontvochtiger-luchtontvochtiger-slaapkamer-luchtontvochtigers-dehumidifier-luchtontvochtiger-badkamer-luchtontvochtiger-woonkamer-luchtontvochtiger-huis/9300000169365686/,7,"
Op zoek naar een effectieve en stille oplossing voor vochtproblemen in huis? De luchtontvochtiger biedt een geavanceerde en energiezuinige manier om de vochtigheid in je woonruimte te reguleren. Dit compacte apparaat is ideaal voor gebruik in ruimtes tot 20 m² en is perfect voor de slaapkamer, badkamer, keuken of kantoor. Kenmerken van de luchtontvochtiger 1. Geavanceerde halfgeleiders - Peltier Technologie: Deze luchtontvochtiger maakt gebruik van Peltier koeltechnologie voor efficiënte en veilige vochtverwijdering. Het is ideaal voor ruimtes tot 20 m², zoals slaapkamers, badkamers en keukens. 2. Ontdooistand: Voor gebruik in koudere omstandigheden heeft dit apparaat een ontdooistand die ijsvorming voorkomt bij temperaturen onder de 15℃. 3. Stil en automatische uitschakeling: Met een geluidsniveau van slechts 40-45 decibel werkt deze luchtontvochtiger zeer stil. Het apparaat schakelt automatisch uit en geeft een signaal als het waterreservoir vol is. 4. Kleurrijke LED-verlichting: Een ingebouwde LED-verlichting met zeven kleuren zorgt voor een aangename sfeerverlichting. Deze functie kan ook worden gebruikt als nachtlampje in slaapkamers of woonkamers. 5. 1000ml draagbare watertank: Deze thuisontvochtiger heeft een groot waterreservoir van 1000ml en kan tot 300ml water per dag verwijderen bij 30°C en 80% RV. Compact en krachtig, ideaal om condensatie van ramen te verminderen en schimmelvorming te voorkomen. Perfect voor thuisgebruik De luchtontvochtiger is niet alleen functioneel, maar ook stijlvol en past goed in elk interieur. De optimale bedrijfstemperatuur van 15-40 °C maakt hem geschikt voor gebruik in verschillende omgevingen. Inhoud van de verpakkingLuchtontvochtiger1000 ml waterreservoirHandleidingConclusie De luchtontvochtiger is een uitstekende keuze voor iedereen die op zoek is naar een betrouwbare, stille en efficiënte oplossing voor vochtproblemen in huis. Bestel nu en geniet van een comfortabeler en gezonder binnenklimaat!
"
404,Luchtontvochtiger slaapkamer - Luchtontvochtiger en luchtreiniger - Vochtvreter elektrisch - 1.5L,,Merkloos,,,,"240,95",,https://www.bol.com/nl/nl/p/luchtontvochtiger-slaapkamer-luchtontvochtiger-en-luchtreiniger-vochtvreter-elektrisch-1-5l/9300000166900966/,2,"
  【Geen schimmel & vocht】 - Super makkelijk te gebruiken en houdt alle schimmel en vocht uit het huis.   Geschikt voor grote ruimtes: de luchtontvochtiger is geschikt voor ruimtes tot 100 m3.   Reservoir: het reservoir van de ontvochtiger is zeer groot. Het is maar liefst 1500 ml.   Ionisator inbegrepen: de Comfortontvochtiger heeft ook een ionisator die stofdeeltjes in de lucht vermindert. Laten we gaan voor een schoon huis!   【Grote capaciteit】 - de ontvochtiger heeft een capaciteit van 500 tot 750 ml binnen 24 uur.  
"
405,ALLGoods. Luchtontvochtiger Slaapkamer En Badkamer En Woonkamer En Kelder – Ontvochtiger 750ml – Dehumidifier Stil – 7 Kleuren -Zwart,,ALLGoods.,,,,"114,95",,https://www.bol.com/nl/nl/p/allgoods-luchtontvochtiger-slaapkamer-ontvochtiger-750ml-dehumidifier-stil-7-kleuren-zwart/9300000169889696/,6,"
Creëer het perfecte slaapklimaat met de Luchtontvochtiger voor de Slaapkamer van ALLGoods.!Op zoek naar een effectieve en stille manier om vochtproblemen in je slaapkamer aan te pakken? Onze Luchtontvochtiger biedt de ideale oplossing om jouw slaapomgeving te verbeteren. Plus- en minpunten: + Fluisterstille Werking+ Intelligente Vochtigheidsregeling- Nadeel: Onze Luchtontvochtiger is zo effectief dat je misschien niet meer zonder kunt! Productspecificaties Kleur: ZwartProductdimensie: 12,8 x 12,8 x 21,3 centimeterCapaciteit Watertank: 750mlBediening: HandmatigGeluidsniveau: <40 dB   Waarom is onze Luchtontvochtiger de topper? Energiebesparend maar efficiënt: deze elektrische luchtontvochtiger verwijdert effectief het grootste deel van de luchtvochtigheid en voorkomt schimmel in de kamer, tot 300 ml/dag. Deze ontvochtiger kan bij een temperatuur van 15-40 °C worden gebruikt. Bovendien bespaart hij met een nominaal vermogen van 23 W en een automatische uitschakelfunctie veel stroom.Ultralicht, meer comfort: de luchtontvochtiger werkt stil en zonder je te storen, als je slaapt, werkt of in de woonkamer leest. Laag tot onopvallend 40 dB, deze luchtontvochtiger is ideaal voor dagelijks gebruik, geschikt voor ruimtes van 10-15 m² zoals slaapkamer, kantoor, badkamer, wasruimte enz.Eenvoudig, compact, draagbaar: eenvoudige bediening, start met één knop, gemakkelijk legen. Het drainageontwerp is eenvoudig en comfortabel te reinigen, geschikt voor ouderen. Nog belangrijker is dat de luchtontvochtiger klein compact en klein is en minder dan de grootte van een handpalm inneemt. Het is draagbaar en gemakkelijk te verplaatsen naar elke scène, zelfs op een bureau.Automatische uitschakeling, signaal voor lediging: Veilig ontwerp, deze luchtontvochtiger schakelt automatisch uit als hij vol is, het waterreservoir brandt rood, wat aangeeft dat je de tank moet verwijderen en leegmaken, wat helpt om stroom te besparen. Je hoeft je geen zorgen te maken dat het water overloopt als je niet in de buurt bent.Meerkleurig nachtlampje: wij hebben 7 kleuren sfeerlicht speciaal voor deze luchtontvochtiger ontworpen. Je kunt de 7 wisselende kleuren activeren, je favoriete kleur selecteren of het sfeerlicht bij het inslapen uitschakelen. Bovendien geeft hij het licht dat je nodig hebt als je 's nachts wakker wordt. Waarom deze Luchtontvochtiger de bestseller is? Onze Luchtontvochtiger is ontworpen voor iedereen die verlangt naar een comfortabele en gezonde slaapomgeving. Of je nu vochtproblemen wilt aanpakken, de luchtkwaliteit wilt verbeteren of gewoon een rustgevende sfeer wilt creëren, deze set voldoet aan al je behoeften. We begrijpen het belang van een goede nachtrust en bieden een betrouwbare oplossing voor een optimaal slaapklimaat. Ruime ervaring in Klimaatbeheersing! Met jarenlange ervaring in klimaatbeheersing begrijpen we de behoeften van mensen die streven naar comfort en welzijn in hun leefomgeving. Kwaliteit en effectiviteit staan bij ons voorop, en we streven ernaar om de nieuwste innovaties op het gebied van klimaattechnologie toegankelijk te maken voor iedereen. Inhoud -Luchtontvochtiger   Wacht niet langer! Creëer een gezonde en comfortabele slaapomgeving met onze Luchtontvochtiger voor de Slaapkamer van ALLGoods. Bestel nu en geniet van een verfrissende nachtrust, elke nacht opnieuw!
"
406,VANTUBO DRY ALICE17 Luchtontvochtiger,,VANTUBO,,,,"299,-",,https://www.bol.com/nl/nl/p/vantubo-dry-alice17-luchtontvochtiger/9300000023097199/,6,"
    Geavanceerde luchtdroger. Van hoge kwaliteit. Minimalistisch compact ontwerp. Witte kleur met een glanzende afwerking. Lichtblauwe zijwanden en een bedieningspaneel. Geïntegreerde handgrepen en snoerhaspel. Het werkt ook bij lage temperaturen.
Het droogt de lucht. Compacte vorm. Glanzende witte kleur met lichtblauwe zijkanten en een paneel.
Nauwkeurige hygrometer. Led scherm.
Instelbare vochtigheidsgraad van 35 tot 80%.
2-4 uur timer. Mogelijkheid om een ​​van de twee ventilatorsnelheden te kiezen.
Het werkt in het temperatuurbereik: van 5 tot 32 graden C.
Mogelijkheid om een ​​permanente condensafvoer aan te sluiten.

Aanbevolen oppervlakte: _tot*_20 m2_
Tankinhoud: 3 liter
Ontvochtigingscapaciteit: 17 liter / 24u

Luchtstroom: 115 m3 /h

Stroomverbruik: 320 W
Geluidsdruk min / max: tot 45 db (A)
Afmetingen H / B / D /: 496/353/225 mm
Netto gewicht: 12 kg

Koelmiddel: R290-3
"
407,Luchtontvochtiger slaapkamer - Luchtontvochtiger en luchtreiniger - Vochtvreter elektrisch - 10L,,Merkloos,,,,"345,95",,https://www.bol.com/nl/nl/p/luchtontvochtiger-slaapkamer-luchtontvochtiger-en-luchtreiniger-vochtvreter-elektrisch-10l/9300000166874985/,6,"
  Pakketgewicht: 10.42 kg   Wattage: 200 watt   Gebruiksmodus: Continue   Wattage: 200 watt -   
"
408,Argoclima Dry Pury 13 - 45 m2 - 38 dB - Wit,,Argoclima,,,,"275,06",,https://www.bol.com/nl/nl/p/argoclima-dry-pury-13-45-m2-38-db-wit/9300000048265188/,9,"
Luchtontvochtiger met dubbele functie: ontvochtigen en reinigen!
De Argoclima Dry Pury 13 luchtontvochtiger ontvochtigt en zuivert de lucht in de omgeving met speciale filters, zilverionen en een antibacterieel filter.
Uniek door zijn gestileerde vormgeving. De keuze voor hoogwaardige materialen en de totale witte kleur geven de ontvochtiger een verfijnde en aangename uitstraling.
De Argoclima Dry Pury 13 luchtontvochtiger behoort tot de nieuwste modellen luchtontvochtigers van Argoclima. De stille ontvochtiger heeft een capaciteit van 13 liter per dag.

Tot 45 m², Max. 13 ltr/dag
Luchtontvochtiger met dubbele functie: ontvochtigen en reinigen
Zeer stille ontvochtiger met puur mat witte kleur
Extra filters voor luchtzuivering: catechine + zilverionen + antibacterieel
Gestileerde vormgeving, hoogwaardige materialen

"
409,Equivera Luchtontvochtiger - Luchtontvochtiger Slaapkamer - Luchtontvochtigers - Dehumidifier - Luchtontvochtiger Badkamer - Luchtontvochtiger Woonkamer - Luchtontvochtiger Huis,,Merkloos,,,,"169,95",,https://www.bol.com/nl/nl/p/equivera-luchtontvochtiger-luchtontvochtiger-slaapkamer-luchtontvochtigers-dehumidifier-luchtontvochtiger-badkamer-luchtontvochtiger-woonkamer-luchtontvochtiger-huis/9300000165848541/,8,"
Bent u op zoek naar een doeltreffende oplossing om de vochtigheid in uw huis onder controle te houden? Ontdek onze krachtige ontvochtiger, ontworpen voor uw comfort en gemak. Deze compacte krachtpatser gebruikt geavanceerde koelende halfgeleidercondensatietechnologie om tot 300 ml vocht per dag op te vangen, waardoor uw ruimte tot 28 vierkante meter fris en droog blijft. Perfect voor de Nederlandse vochtige dagen!  Hoogefficiënte ontvochtiging Groot waterreservoir van 1100 ml Twee werkmodi: Sterk en Slaapstand 7 kleurwisselende LED-lampjes Eénknopsvergrendeling Automatische uitschakeling met signaal Draagbaar ontwerp met handvat   Ideaal voor diverse ruimtes: van slaapkamers tot kelders  ​1​ Onze luchtontvochtiger is uitgerust met twee modi om aan al uw behoeften te voldoen. De Sterke modus verlaagt de luchtvochtigheid snel op volle kracht voor een comfortabel binnenklimaat, terwijl de Slaapmodus fluisterstil is zonder storende lichten, ideaal voor ongestoorde nachtrust of geconcentreerd lezen. ​2​ Niet alleen praktisch, maar ook stijlvol met een ingebouwd nachtlampje dat kan schakelen tussen zeven kleuren. Vergrendel uw favoriete kleur of schakel alle lichten uit voor perfecte harmonie in uw ruimte. En maakt u zich geen zorgen over veiligheid: onze ontvochtiger schakelt automatisch uit en waarschuwt u met een signaal wanneer het waterreservoir vol is. ​3​ Het draagbare design met handvat maakt het eenvoudig om de ontvochtiger van kamer naar kamer te verplaatsen, ideaal voor kleding drogen, vochtige slaapkamers, badkamers, comfortabele woonkamers en vochtgevoelige kelders. Neem controle over uw binnenlucht met onze efficiënte ontvochtiger. Ervaar elke dag weer een comfortabele en gezonde leefomgeving. Bestel nu en zeg vaarwel tegen overtollig vocht! Inhoud bestelling: 1x Hoogefficiënte Ontvochtiger 1x Handleiding
"
410,Equivera Luchtontvochtiger - Luchtontvochtiger Slaapkamer - Luchtontvochtigers - Dehumidifier - Luchtontvochtiger Badkamer - Luchtontvochtiger Woonkamer - Luchtontvochtiger Huis,,Merkloos,,,,"335,95",,https://www.bol.com/nl/nl/p/equivera-luchtontvochtiger-luchtontvochtiger-slaapkamer-luchtontvochtigers-dehumidifier-luchtontvochtiger-badkamer-luchtontvochtiger-woonkamer-luchtontvochtiger-huis/9300000165834049/,10,"
Ervaar je problemen met vocht in je huis? Of het nu gaat om een beslagen keukenraam, een muffe slaapkamer of een klam kantoor, de Comfee MDDN-10DEN7 Elektrische Ontvochtiger is jouw oplossing voor een drogere en comfortabelere leefomgeving. Een Krachtige Ontvochtiger voor elke Ruimte: Met een indrukwekkende capaciteit om tot 10 liter vocht per 24 uur uit de lucht te halen, staat deze Comfee ontvochtiger garant voor een optimale luchtvochtigheid in welke ruimte dan ook. Elegant en Efficiënt Ontwerp: Het slanke ontwerp maakt het niet alleen een discrete toevoeging aan je interieur, maar de compacte afmetingen zorgen er ook voor dat je hem gemakkelijk kunt verplaatsen naar waar hij het meest nodig is. Ideaal voor Meerdere Ruimtes: Perfect voor gebruik in de keuken, slaapkamer en kantoor; deze ontvochtiger helpt tegen condensatie, voorkomt schimmelgroei en elimineert dat klamme gevoel, wat bijdraagt aan een gezonder binnenklimaat. Stille Werking: Met een geluidsniveau dat zo laag is dat je nauwelijks merkt dat hij aanstaat, stoort de Comfee MDDN-10DEN7 je dagelijkse activiteiten niet, zelfs niet als je slaapt of werkt. Kenmerken:  Krachtige ontvochtiging: Tot 10 liter per 24 uur Slank en stijlvol ontwerp: Past naadloos in elke kamer Ideaal voor meerdere ruimtes: Keuken, slaapkamer, kantoor Stille werking: Rustig genoeg voor ongestoord gebruik  Technologie en Gemak: Deze Comfee ontvochtiger is uitgerust met gebruiksvriendelijke functies en biedt een eenvoudige bediening. De combinatie van effectiviteit en gebruiksgemak maakt het een essentieel apparaat voor elk huishouden. Lange Levensduur: Ontworpen om lang mee te gaan en met weinig onderhoud, levert de MDDN-10DEN7 consequent prestaties, dag na dag. Productspecificaties: Merk: Comfee Model: MDDN-10DEN7 Ontvochtigingscapaciteit: 10 liter/24 uur Geschikt voor ruimtes tot: - m² (nog in te vullen) Geluidsniveau: - dB (nog in te vullen) Afmetingen: - cm (B x D x H, nog in te vullen) In de doos: 1x Comfee MDDN-10DEN7 Elektrische Ontvochtiger 1x Gebruikershandleiding Garantie en Ondersteuning: Comfee staat bekend om hun betrouwbaarheid en klantenservice. Met deze aankoop ben je verzekerd van een product dat niet alleen je ruimtes optimaliseert, maar ook ondersteuning biedt wanneer je die nodig hebt. Bevrijd jezelf van overtollig vocht en adem weer vrij met de Comfee MDDN-10DEN7 Elektrische Ontvochtiger. Klaar om de luchtvochtigheid in je huis aan te pakken? Voeg hem nu toe aan je winkelwagen en geniet van een droger, gezonder thuis.
"
411,Thermo Hygro datalogger Log32 Th,,Dryfix,,,,"80,05",,https://www.bol.com/nl/nl/p/thermo-hygro-datalogger-log32-th/9200000075640122/,4,"
    Eenvoudig te bedienen datalogger voor het verloop van vochtigheid, temperatuur en dauwpunt. Deze verbeterde versie slaat 60000 metingen op. Met een druk op de knop worden de metingen gestart, automatische beëindiging door het aansluiten op een USB-poort van een PC.
  "
412,Luchtontvochtiger slaapkamer - Luchtontvochtiger en luchtreiniger - Vochtvreter elektrisch - 10L,,Merkloos,,,,"378,95",,https://www.bol.com/nl/nl/p/luchtontvochtiger-slaapkamer-luchtontvochtiger-en-luchtreiniger-vochtvreter-elektrisch-10l/9300000166875314/,7,"
  Comfee Mddn-10den7 elektrisch Ontvochtigingstoestel   10 liter / 24 uur   Slank ontwerp   Ideaal voor Keuken, Slaapkamer, Kantoor  
"
413,Luchtontvochtiger slaapkamer - Luchtontvochtiger en luchtreiniger - Vochtvreter elektrisch - 5.5L,,Merkloos,,,,"515,95",,https://www.bol.com/nl/nl/p/luchtontvochtiger-slaapkamer-luchtontvochtiger-en-luchtreiniger-vochtvreter-elektrisch-5-5l/9300000166912049/,6,"
  20 liter per dag: verwijdert tot 20 liter water per dag met een laag energieverbruik. Ideaal tegen vocht en schimmel in huizen, kelders en badkamers met vochtige omstandigheden   Grote watertank: 5,5 liter watertank schakelt automatisch uit wanneer deze vol is, met een continue afvoerslang voor langdurig gebruik en 4 wielen voor eenvoudig transport tussen kamers   Digitaal LED-Display: het digitale LED-scherm geeft het huidige vochtigheidsniveau weer en stelt u in staat om 4 ontvochtigingsmodi te regelen, waaronder wasmodus, automatische ontdooiing, kinderslot en ventilator   Automatische vochtigheidssensor: met de ingebouwde vochtigheidssensor kunt u de gewenste vochtigheid instellen tussen 30% -80%. Zodra dit niveau is bereikt, wordt het apparaat uitgeschakeld om energie te besparen   24-uurs Timer: met een ingebouwde timer kunt u de ontvochtiger overdag in-of uitschakelen met een handig 'slaapdisplay' om een rustige, ongestoorde nacht te garanderen   
"
414,Luchtontvochtiger slaapkamer - Luchtontvochtiger en luchtreiniger - Vochtvreter elektrisch - 14L,,Merkloos,,,,"638,95",,https://www.bol.com/nl/nl/p/luchtontvochtiger-slaapkamer-luchtontvochtiger-en-luchtreiniger-vochtvreter-elektrisch-14l/9300000166875049/,6,"
  [ Met behulp van de DF 4214 HEPA ] - is een geweldige oplossing als u last heeft van gipsproblemen, dauw-en vorstramen, hoge luchtvochtigheid of zelfs schimmel. Het is ook een goed hulpmiddel als je in kamers met rook, geuren van verf en vernis of zelfs lijm. Dankzij het HEPA-filter is de DF 4214 ideaal voor mensen met allergieën of astma. Naast woningen is het ook zeer geschikt voor wasruimtes, kelders, kantoren of wellnesscentra.   [Meer in één apparaat ] - ontvochtiger of purifier? Met de DF 4214 krijgt u niet alleen een luchtontvochtiger, maar ook een 2-in-1 luchtreiniger. Het apparaat kan gemakkelijk omgaan met overmatige vochtigheid die roestige ramen, vochtig gips of schimmel kan veroorzaken, en het reinigt de lucht in uw huis. Daarnaast krijgt u ook een unieke set van twee gecombineerde filters (HEPA-filter en koolstoffilter) die geuren voorkomen en bacteriën en virussen in uw omgeving doden.   [Droog je wasgoed zonder droger] - nu hoef je geen geld uit te geven aan dure wasdrogers. Bovendien heeft de ontvochtiger een wasdroogfunctie, waarvan het werkingsprincipe is gebaseerd op de verspreiding van warme lucht in de kamer, het verminderen van de vochtigheid in de kamer en het geleidelijk drogen van uw wasgoed.   [Milieuvriendelijk maar krachtig ] - is dat mogelijk? Met een stroomverbruik van slechts 155 W (bij 27°C en 60% RV) bespaart u niet alleen op uw kosten, maar bent u ook milieuvriendelijk - en dat is het waard.   [Stille modus instelbare Timer ] - wilt u de exacte tijd instellen waarna de ontvochtiger automatisch uitschakelt? De verstelbare timer biedt u een vertraagde uitschakeling van maximaal 24 uur. U kunt het apparaat aan laten staan, zelfs als u weg bent. Dankzij de stille werking (42 dB) kan de DF 4214 ook ' s nachts TV kijken of muziek luisteren.   Continue werking - de luchtontvochtiger is uitgerust met een watertank van 2,3 liter en kan dus lang werken zonder dat de watertank vaak hoeft te worden leeggemaakt. Maar als u de tank niet wilt legen, kunt u profiteren van de continue werking dankzij de continue afvoer door de slang (met een binnendiameter van 14 mm).   [Ontvochtiging waarop u kunt vertrouwen] - de DF 4214 kan 14 liter per 24 uur ontvochtigen en is de ideale keuze voor ruimtes tot 25 m2 of 65,2 m3, waardoor de ophoping van overmatig vocht dat uw meubels kan beschadigen of schimmel kan veroorzaken, wordt voorkomen. De luchtstroom van de ontvochtiger bedraagt 95 m3 / h.   [Gemakkelijk transport ] - naast de afmetingen van 478 x 309 x 229 mm (hxbxd) en het gewicht van 11,5 kg, is de DF 4214 HEPA uitgerust met een transporthandvat en wielen voor eenvoudige bediening en transport, waardoor het apparaat gemakkelijk naar elke kamer of ruimte kan worden verplaatst.   [ Extra functies ] - als extra bonus biedt het apparaat een automatische ontdooiing die u bij lage temperaturen zult waarderen, een optionele hygrostaat die de luchtvochtigheid in de kamer regelt, een display met achtergrondverlichting en een kinderslot om interventie en het wijzigen van ongeplande instellingen te voorkomen. -  
"
415,Equivera Luchtontvochtiger - Luchtontvochtiger Slaapkamer - Luchtontvochtigers - Dehumidifier - Luchtontvochtiger Badkamer - Luchtontvochtiger Woonkamer - Luchtontvochtiger Huis,,Merkloos,,,,"399,95",,https://www.bol.com/nl/nl/p/equivera-luchtontvochtiger-luchtontvochtiger-slaapkamer-luchtontvochtigers-dehumidifier-luchtontvochtiger-badkamer-luchtontvochtiger-woonkamer-luchtontvochtiger-huis/9300000165848143/,8,"
Heeft u last van overtollige vochtigheid in uw huis, kantoor of garage? Comfee presenteert de MDDN-12DEN7 Compacte & Draagbare Ontvochtiger, die tot 12 liter vocht per 24 uur uit de lucht verwijdert, wat zorgt voor een drogere en comfortabelere omgeving.  Efficiënte vochtverwijdering (tot 12L per dag) Ultra-stil ontwerp (ideaal voor stille ruimtes) Draagbaar en gemakkelijk te verplaatsen Geschikt voor keuken, slaapkamer, kantoor, en garage  Krachtige Ontvochtiging De MDDN-12DEN7 is uitgerust met geavanceerde technologie om snel en efficiënt vocht te verwijderen uit uw omgeving. Of het nu gaat om uw slaapkamer, kelder of kantoorruimte, deze ontvochtiger zorgt voor een optimale luchtvochtigheid en voorkomt de groei van schimmel en meeldauw. Stil en Onopvallend Geniet van een rustige omgeving met onze Comfee ontvochtiger. Het apparaat werkt zeer stil, waardoor u ongestoord kunt werken of ontspannen zonder lastige geluiden. Compact en Draagbaar Dankzij het compacte ontwerp kan de Comfee MDDN-12DEN7 eenvoudig verplaatst worden naar waar het nodig is. Het is ideaal voor gebruik in verschillende kamers in huis en past discreet in elke ruimte. Eenvoudig in Gebruik De ontvochtiger is ontworpen voor gebruiksgemak. Met intuïtieve bedieningselementen kunt u de gewenste luchtvochtigheid instellen en het apparaat doet de rest. Bescherming tegen Vocht Bescherm uw huis en bezittingen tegen de schadelijke effecten van te hoge luchtvochtigheid. Onze ontvochtiger helpt bij het behouden van de structuur van uw huis en bij het creëren van een gezonder klimaat. Productspecificaties: Merk: Comfee Model: MDDN-12DEN7 Capaciteit: 12 liter / 24 uur Geschikt voor ruimtes tot: 32 m² Geluidsniveau: Zeer stil Functies: Verstelbare hygrostaat, continue afvoer, auto-restart Afmetingen: Specificeer afmetingen van het product Energieklasse: Specificeer energieklasse indien beschikbaar Inhoud bestelling: 1x Comfee Compacte & Draagbare Ontvochtiger 1x Gebruikershandleiding Met Comfee kiest u voor een gezondere leefomgeving en bescherming tegen vocht. Bestel nu en ervaar het comfort van een goed gereguleerde luchtvochtigheid in uw huis of kantoor!
"
416,Master Bouwdroger Ontvochtiger DHP 65 56L-24U,,Master,,,,"2255,95",Op voorraad,https://www.bol.com/nl/nl/p/master-bouwdroger-ontvochtiger-dhp-65-56l-24u/9300000082654222/,7,"
    Professionele bouwdroger / luchtontvochtiger met een grote capaciteit van 56 liter per 24 uur. Deze industriële ontvochtiger heeft een vermogen van 780 Watt en een luchtverplaatsing van 500 m³/u. Perfect voor de bouw, restauratiewerkzaamheden en ontvochtigen na overstroming.Voordelen en eigenschappen van de DHP65 Bouwdroger:• Ingebouwde vochtmeter• Kan eenvoudig worden geopend voor reiniging en kan onder stromend water worden gereinigd• Stapelbaar voor meer capaciteit• Aansluiting voor externe hygrostaat• Duurzame kunststof behuizing• Grote watertank (10,5L) met automatische stop wanneer de tank vol is• Mogelijkheid om constant te werken (24 uur per dag)• Volle tank indicator• Luchtfilter• Automatische ontdooifunctie• Tijdteller• Automatische herstart na stroomuitval• Grote wielen en hendel• Mogelijkheid om de afvoerslang voor condenswater aan te sluitenTechnische specificaties• Capaciteit (30°C/80% RH): 56 l/24• Capaciteit (20°C/60% RH): 22 l/24• Geschikt voor ruimtes tot +-840m³• 780W• 220/240V/50Hz• 53dB• 45 kg• Afmetingen (LxBxH): 570x530x700mm• Luchtverplaatsing: 500 m³/u
  "
417,Equivera Luchtontvochtiger - Luchtontvochtiger Slaapkamer - Luchtontvochtigers - Dehumidifier - Luchtontvochtiger Badkamer - Luchtontvochtiger Woonkamer - Luchtontvochtiger Huis,,Merkloos,,,,"389,95",,https://www.bol.com/nl/nl/p/equivera-luchtontvochtiger-luchtontvochtiger-slaapkamer-luchtontvochtigers-dehumidifier-luchtontvochtiger-badkamer-luchtontvochtiger-woonkamer-luchtontvochtiger-huis/9300000165849932/,5,"
Op zoek naar een effectieve oplossing om overtollig vocht in je woning of kantoorruimte te bestrijden? De Ariston Deos 12 luchtontvochtiger is ontworpen met het Franse vakmanschap en biedt een krachtige strijd tegen vocht, schimmels en bacteriën in ruimtes tot 35 m².  Hoge capaciteit ontvochtiging (12 liter/dag) Instelbare luchtvochtigheidsniveaus (40%, 50%, 60%) Milieuvriendelijk met natuurlijk koelmiddel R290 Stille werking (46 dB) Anti-vries functie voor langere levensduur Automatische herstart na stroomuitval  Optimale Luchtvochtigheidscontrole: Drie instelbare vochtigheidsniveaus zorgen ervoor dat je de perfecte atmosfeer in je ruimte kunt creëren en behouden. Of je nu de lucht wilt drogen om schimmelgroei te voorkomen of een aangenaam klimaat wilt voor je gezondheid en je meubels, de Ariston Deos 12 is jouw betrouwbare partner. Milieubewust Ontwerp: Het gebruik van het milieuvriendelijke R290 koelmiddel betekent dat deze luchtontvochtiger niet alleen goed is voor jouw huis of kantoor, maar ook voor de planeet. Met een lage impact op de opwarming van de aarde en hoge energie-efficiëntie draag je bij aan een duurzame toekomst. Stil en Discreet: De efficiënte compressor minimaliseert geluid tot slechts 46 dB, wat leidt tot een rustige werkomgeving of een ongestoorde slaap. Dit maakt de Ariston Deos 12 ideaal voor gebruik in slaapkamers, studeerkamers en rustige kantoren. Betrouwbare Prestaties: Dankzij de automatische herstartfunctie, zal de luchtontvochtiger na een stroomonderbreking zijn taak hervatten met de eerder ingestelde voorkeuren, waardoor je gerust kunt zijn dat je ruimte altijd beschermd blijft. Technische Specificaties: Merk: Ariston Model: Deos 12 Capaciteit watertank: 2,1 liter Ontvochtigingscapaciteit: 12 liter per dag Geschikt voor: ruimtes tot 35 m² Geluidsniveau: 46 dB Koelmiddel: R290 In de Verpakking: 1x Ariston Deos 12 Luchtontvochtiger 1x Luchtfilter 1x Gebruikershandleiding Voor een gezondere, frissere lucht in je omgeving kies je voor de Ariston Deos 12 luchtontvochtiger. Plaats nu je bestelling en geniet van een comfortabeler thuis of kantoor!
"
418,Luchtontvochtiger slaapkamer - Luchtontvochtiger en luchtreiniger - Vochtvreter elektrisch - 10L,,Merkloos,,,,"365,95",,https://www.bol.com/nl/nl/p/luchtontvochtiger-slaapkamer-luchtontvochtiger-en-luchtreiniger-vochtvreter-elektrisch-10l/9300000166874624/,7,"
  Ontdooi tot 100 m3-de luchtontvochtiger heeft een zeer krachtige ventilator die de luchtvochtigheid in ruimtes tot 100 m3 kan handhaven. De ventilatorsnelheid kan eenvoudig van laag naar hoog worden aangepast via het hygrometer display.   Gemakkelijk te verplaatsen en extra stil - de wielen aan de onderkant van de ontvochtiger maken het gemakkelijk om hem door het huis te verplaatsen. U kunt de luchtontvochtiger en luchtreiniger ook zonder problemen in de slaapkamer gebruiken. De luchtontvochtiger produceert niet meer dan 46 decibel geluid, zodat het uw slaap niet verstoort.   Ontdooit tot 10 liter per dag - de ontvochtiger ontvochtigt tot 10 liter per dag. Het vocht dat uit een ruimte van maximaal 100 m3 wordt verwijderd, wordt opgeslagen in de watertank van de ontvochtiger. De watertank heeft een maximale capaciteit van 2,5 liter.   Met timerfunctie: de hygrometer heeft ook een timerfunctie. Hiermee kunt u de ontvochtiger instellen op een minimale tijd van 1 uur tot een maximale tijd van 24 uur.   Vochtigheidskeuze: de ontvochtiger wordt geregeld via het display aan de bovenkant van het apparaat. Naast de snelheid van de ventilator toont het display ook de temperatuur en de huidige luchtvochtigheid in huis. U kunt de gewenste luchtvochtigheid aanpassen aan uw behoeften.- -  
"
419,Equivera Luchtontvochtiger - Luchtontvochtiger Slaapkamer - Luchtontvochtigers - Dehumidifier - Luchtontvochtiger Badkamer - Luchtontvochtiger Woonkamer - Luchtontvochtiger Huis,,Merkloos,,,,"136,95",,https://www.bol.com/nl/nl/p/equivera-luchtontvochtiger-luchtontvochtiger-slaapkamer-luchtontvochtigers-dehumidifier-luchtontvochtiger-badkamer-luchtontvochtiger-woonkamer-luchtontvochtiger-huis/9300000165833150/,7,"
Heeft u last van overtollig vocht in huis, wat zorgt voor een klamme sfeer en wellicht zelfs schimmelvorming? Maak dan kennis met de Pro Breeze Luchtontvochtiger, uw nieuwe bondgenoot in de strijd tegen vochtigheid. Verwijdert Vocht Efficiënt Met de revolutionaire thermo-elektrische Peltier technologie verwijdert deze Pro Breeze luchtontvochtiger dagelijks tot 450 ml vocht. Perfect voor gebruik in ruimtes zoals uw slaapkamer, kantoor of kelder. Zo creëert u een gezonder binnenklimaat, vrij van hinderlijk vocht en de daarbij horende geurtjes. Groot Waterreservoir Ondanks zijn compacte formaat, heeft deze luchtontvochtiger een ruim waterreservoir van 1000 ml. Ideaal voor langdurig gebruik zonder dat u het reservoir constant hoeft te legen. Of het nu gaat om de keuken, badkamer, slaapkamer of serre, deze Pro Breeze luchtontvochtiger staat garant voor een drogere en comfortabelere omgeving. 4 Uur Uitschakeltimer De ingebouwde 4-uurs timer biedt u de vrijheid om de luchtontvochtiger te laten werken zoals u dat wilt, met automatische uitschakeling om energie te besparen. Dit, samen met de fluisterstille werking, maakt het een perfecte nachtelijke metgezel die uw slaap niet zal verstoren. Intelligente Automatische Uitschakeling Vergeet het constant checken van het waterreservoir. Deze slimme luchtontvochtiger schakelt automatisch uit als het reservoir vol is en een rood licht geeft duidelijk aan wanneer het tijd is om deze te legen. Dit zorgt voor een moeiteloze bediening en onderhoud. Sfeervolle LED Verlichting Voeg een vleugje kleur toe aan uw ruimte met 6 levendige LED kleuren. Gebruik het als sfeerverlichting of nachtlampje om uw kamer of slaapkamer te verfraaien. En als u liever zonder licht slaapt, kunt u de verlichting van het waterreservoir eenvoudig uitschakelen. Pro Breeze is uw oplossing voor een vochtvrije omgeving. Kies voor de efficiëntie van de Pro Breeze Luchtontvochtiger en adem weer vrij in uw eigen thuis. Productspecificaties: Merk: Pro Breeze Capaciteit waterreservoir: 1000 ml Dagelijkse vochtverwijdering: tot 450 ml Technologie: Thermo-elektrische Peltier Geluidsniveau: Fluisterstil Timer: Programmeerbaar tot 4 uur Automatische uitschakeling: Ja LED kleuren: 6 opties Gebruik: Slaapkamers, kantoren, kelders en meer Afmetingen: Compact en draagbaar In de doos: 1x Pro Breeze Luchtontvochtiger 1x Gebruiksaanwijzing Ervaar nu zelf het gemak en comfort van een vochtvrije ruimte met de Pro Breeze Luchtontvochtiger. Bestel vandaag nog en zeg vaarwel tegen vocht!
"
420,Luchtontvochtiger - Luchtontvochtiger Slaapkamer - Luchtontvochtigers - Dehumidifier - Luchtontvochtiger Badkamer - Luchtontvochtiger Woonkamer - Luchtontvochtiger Huis,,Merkloos,,,,"137,95",,https://www.bol.com/nl/nl/p/luchtontvochtiger-luchtontvochtiger-slaapkamer-luchtontvochtigers-dehumidifier-luchtontvochtiger-badkamer-luchtontvochtiger-woonkamer-luchtontvochtiger-huis/9300000169365304/,7,"
Op zoek naar een effectieve en stille oplossing voor vochtproblemen in huis? De luchtontvochtiger is een geavanceerd apparaat dat is ontworpen om op efficiënte wijze de vochtigheid in kleine tot middelgrote ruimtes te reguleren. Met zijn innovatieve technologie en gebruiksgemak is dit apparaat een uitstekende aanvulling voor elke ruimte waar vochtregulatie nodig is. Belangrijkste kenmerken van de luchtontvochtiger 1. Geavanceerde dubbele halfgeleiders: Deze luchtontvochtiger is uitgerust met dubbele halfgeleider koelingstechnologie en biedt een dubbel ontvochtigingseffect, waardoor vocht veilig en efficiënt wordt verwijderd in ruimtes tot 20㎡. 2. Draagbaarheid: Met zijn compacte afmetingen van 5,9 4,7 9,4 inch is deze luchtontvochtiger ideaal voor gebruik in kleine, vochtige ruimtes zoals keukens, badkamers, slaapkamers, campers en kasten. 3. Ultrastille werking: Dankzij het Peltier principe en het ontbreken van een compressor werkt deze luchtontvochtiger zeer stil (ongeveer 40dB), waardoor hij ideaal is voor gebruik in woonruimtes. 4. Ontdooifunctie: Voor gebruik in koudere omgevingen heeft het apparaat een ontdooifunctie, die voorkomt dat het apparaat bevriest bij temperaturen onder de 15℃. 5. Automatische uitschakeling en gekleurd nachtlampje: De luchtontvochtiger heeft een waterreservoir van 1000ml en kan tot 1000ml vocht per dag verwijderen. Het apparaat schakelt automatisch uit als het reservoir vol is en het lampje wordt rood om aan te geven dat het reservoir geleegd moet worden. Ideaal voor comfort en gezondheid De luchtontvochtiger is niet alleen efficiënt in het bestrijden van vocht, maar draagt ook bij aan een comfortabelere en gezondere leefomgeving. Het is een ideale oplossing voor iedereen die te maken heeft met vochtige ruimtes. In de verpakkingOntvochtiger1000 ml waterreservoirGebruiksaanwijzingConclusie De luchtontvochtiger is een uitstekende keuze voor iedereen die op zoek is naar een betrouwbare, stille en efficiënte oplossing voor vochtproblemen in kleinere ruimtes. Met zijn gebruiksvriendelijke ontwerp en effectieve prestaties is het een waardevolle toevoeging aan elk huis. Bestel nu en geniet van een comfortabeler en gezonder binnenklimaat!
"
421,Equivera Luchtontvochtiger - Luchtontvochtiger Slaapkamer - Luchtontvochtigers - Dehumidifier - Luchtontvochtiger Badkamer - Luchtontvochtiger Woonkamer - Luchtontvochtiger Huis,,Merkloos,,,,"169,95",,https://www.bol.com/nl/nl/p/equivera-luchtontvochtiger-luchtontvochtiger-slaapkamer-luchtontvochtigers-dehumidifier-luchtontvochtiger-badkamer-luchtontvochtiger-woonkamer-luchtontvochtiger-huis/9300000165878132/,8,"
Zeg vaarwel tegen vocht en verwelkom comfort met onze hoogefficiënte, draagbare luchtontvochtiger! Perfect voor elke ruimte in uw huis, van vochtige kelders tot stoomachtige badkamers, deze krachtige unit verwijdert tot 300 ml overtollig vocht per dag, waardoor uw omgeving fris en schimmelvrij blijft.  Hoogefficiënte Ontvochtiging Dit compacte wonderapparaat is uitgerust met geavanceerde halfgeleidercondensatietechnologie, ideaal voor ruimtes tot 28 m². Bereik en behoud de perfecte luchtvochtigheid en geniet van een aangenamer klimaat in uw huis.  Grote Capaciteit, Minder Onderhoud Met een royale watertank van 1100 ml biedt onze luchtontvochtiger uren aan ononderbroken werking, wat minder vaak legen betekent voor u. Een slimme automatische uitschakeling en zoemeralarm houden u op de hoogte zodra het reservoir vol is.  Stille Slaapmodus Kies tussen de krachtige ontvochtigingsmodus voor snelle resultaten of de fluisterstille slaapmodus voor ongestoorde nachten. Met de subtiele bediening zonder licht, is het ideaal voor de slaapkamer, zodat u en uw dierbaren in alle rust kunnen rusten.  Sfeervolle LED-verlichting Creëer de perfecte ambiance met 7 wisselende LED-kleuren, vergrendel uw favoriete tint of schakel alle lichten uit voor een ongestoorde slaapomgeving.  Draagbaar en Veelzijdig Het moderne ontwerp met handvat maakt deze luchtontvochtiger uiterst draagbaar. Eenvoudig te verplaatsen van kamer naar kamer; ideaal voor het drogen van kleding, woonkamers en zelfs voor gebruik in campers. Verfris uw leefruimte en verbeter uw welzijn met deze essentiële toevoeging aan uw huis. Uw gezondheid en comfort staan voorop, dus waarom niet investeren in een oplossing die helpt om vochtproblemen effectief aan te pakken? Productspecificaties:  Afmetingen: Compact en draagbaar Geluidsniveau: Zeer stil in slaapmodus Capaciteit waterreservoir: 1100 ml Ontvochtigingscapaciteit: Tot 300 ml/dag (bij 30°C, 80% RV) Geschikt voor ruimtes: Tot 28 m²  In de verpakking:  1x Hoogefficiënte Draagbare Luchtontvochtiger Gebruiksvriendelijke handleiding  Zorg voor een gezonder thuis met onze gebruiksvriendelijke en efficiënte luchtontvochtiger. Wacht niet langer, haal hem nu in huis!
"
422,TROTEC Luchtontvochtiger TTK 355 S,,Trotec,,,,"1849,95",,https://www.bol.com/nl/nl/p/trotec-luchtontvochtiger-ttk-355-s/9300000074041195/,11,"
Dankzij de ergonomische bouw in de uitvoering met verrijdbaar onderstel, met grote wielen en een greepbeugel, kan de TTK 355 S ook over moeilijk begaanbaar terrein of traptreden eenvoudig worden getransporteerd – de rolzuigercompressortechniek maakt daarbij het transport in vrijwel elke stand mogelijk. En in binnenruimten laten de kleurloze rubberen wielen geen sporen achter op parket of andere gevoelige ondergronden.Ook bij de opslag houdt de TTK 355 S zich goed staande – en maakt hij zich verbazingwekkend klein. Hij beschikt namelijk over twee praktische stapelgroeven aan de bovenkant van het apparaat, waardoor TTK-S-apparaten met vergelijkbare afmetingen stabiel en ruimtebesparend kunnen worden opgestapeld tijdens het transport en bij opslag in het depot.* Ontwikkeling, ontwerp, productie: 100 % Trotec* Hoge ontvochtigingscapaciteit ook bij lage temperaturen* Maximale stof- en vochtbescherming voor alle elektrische componenten* Extreem onderhoudsvriendelijke constructie* Optimale hanteringseigenschappen* Dankzij de rolzuigercompressor in elke stand te transporteren en op te slaan* Praktische stapelgroef voor stabiele, ruimtebesparende opslag en transport* Meervoudig stapelbaar bij modellen met dezelfde afmetingen* Voor de praktijk geoptimaliseerd Duits industrieel ontwerp – wettelijk beschermd
Let op: specificaties kunnen zonder opgave van redenen in het belang van een lopende productverbetering door de fabrikant worden gewijzigd.
Aan de afbeeldingen van producten en eventueel getoonde specificaties of keurmerken kunnen geen rechten worden ontleend
"
423,Luchtontvochtiger slaapkamer - Luchtontvochtiger en luchtreiniger - Vochtvreter elektrisch - 12L,,Merkloos,,,,"479,95",,https://www.bol.com/nl/nl/p/luchtontvochtiger-slaapkamer-luchtontvochtiger-en-luchtreiniger-vochtvreter-elektrisch-12l/9300000166912823/,5,"
  Ontvochtigingscapaciteit tot 12 liter / dag + WLAN-besturing (Tuya Smart)!   Elektrische hygrostaat (LED) voor het regelen en aanpassen van de gewenste luchtvochtigheid + helder display incl. Actuele luchtvochtigheid en statusoverzicht + vochtigheidsregeling in stappen van 5% van ca. 30% tot 90%, extra continu gebruik mogelijk!   Timerfunctie voor het kiezen van de automatische resterende looptijd of de starttijd tussen 1-24 uur + automatische functie , d.w.z. het apparaat schakelt automatisch uit incl. na het bereiken van de gewenste vochtigheidswaarde en ook automatisch weer aan wanneer het demper krijgt!   Ook ideaal voor continu bedrijf / continue Ontvochtiging + SmartHome compatibel + kan worden geregeld via externe timer ( alleen mogelijk met sommige apparaten) + twee ventilator/luchtcirculatieniveaus (zwak + sterk) + zeer eenvoudige mobiliteit dankzij draaggreep en wielen!   Geoptimaliseerd voor gebruik in koele omstandigheden, omdat de uitlaatlucht wordt verwarmd bij temperaturen onder 18 graden met ongeveer 3 graden ten opzichte van de luchtinlaat + automatische ontdooifunctie + uitgerust met een zeer efficiënte roterende compressor. Deze door TÜV geteste compressor is een van de krachtigste compressoren op de markt + getest door TÜV ""GS""!   
"
424,Ontvochtiger Huis- Luchtontvochtiger - Professionele Ontvochtiger - Timer 12 uur - 20l/dag - Verwijderbare Tank 4.5L - 250m3/h Dekking - Stil - Vochtigheid 40% tot 80% - LED-Display - Automatische Uitschakeling,,Merkloos,,,,"499,95",,https://www.bol.com/nl/nl/p/ontvochtiger-huis-luchtontvochtiger-professionele-ontvochtiger-timer-12-uur-20l-dag-verwijderbare-tank-4-5l-250m3-h-dekking-stil-vochtigheid-40-tot-80-led-display-automatische-uitschakeling/9300000146420785/,6,"
De professionele ontvochtiger is een krachtige oplossing om de vochtigheidsgraad in huis te verminderen. Met een capaciteit van 20 liter per dag is deze ontvochtiger geschikt voor ruimtes tot wel 200 m². Het apparaat heeft een ingebouwde hygrometer waarmee je eenvoudig de luchtvochtigheid kunt meten en instellen. De ontvochtiger is voorzien van een afneembare watertank van 5,5 liter, die eenvoudig geleegd kan worden. Voordelen:  Geschikt voor grote ruimtes tot wel 200 m² Ontvochtigt tot wel 20 liter per dag Ingebouwde hygrometer voor het meten en instellen van de luchtvochtigheid Afneembare watertank van 5,5 liter Automatische uitschakeling bij volle tank Gemakkelijk te verplaatsen dankzij de wieltjes en handvatten  Met de professionele ontvochtiger haal je een krachtige en handige oplossing in huis voor het verminderen van de luchtvochtigheid. Bestel hem nu en geniet van een gezonder en comfortabeler binnenklimaat!
"
425,EMERIO ONTVOCHTIGER DH-122844,,Emerio,,,,"199,-",,https://www.bol.com/nl/nl/p/emerio-dh-122844-luchtontvochtiger/9300000166949996/,5,"
  De EMERIO luchtontvochtiger, model DH-122844, is ontworpen om het vochtgehalte in je woning te beheersen. Het gebruik van een ontvochtiger is cruciaal voor een gezond binnenklimaat, vrij van schimmels en bacteriën. Met een simpele druk op de knop kun je de DH-122844 instellen op de gewenste luchtvochtigheidsgraad, en dankzij de interne hygrometer stopt het apparaat automatisch wanneer de ingestelde waarde is bereikt. Bovendien stopt de ontvochtiger automatisch wanneer de 6-liter watertank vol is, wat handig is omdat het apparaat met slechts 45 decibel bijzonder stil in gebruik is. De EMERIO DH-122844 is geschikt voor ruimtes tot 40m². Geruisloze luchtontvochtiger De EMERIO DH-122844 luchtontvochtiger is ideaal voor het reguleren van de luchtvochtigheid in de slaapkamer. Met een geluidsniveau van slechts 45 decibel zul je nauwelijks merken dat het apparaat ingeschakeld is. De overloopbeveiliging zorgt ervoor dat je de ontvochtiger veilig kunt laten werken terwijl je slaapt. Naast de slaapkamer is de EMERIO DH-122844 geschikt voor gebruik in verschillende delen van het huis, zoals kelders, badkamers, garages en woonkamers, met een maximale dekking van 40m². Het reguleren van de luchtvochtigheid helpt de groei van schimmels en bacteriën te voorkomen, waardoor een gezond leefklimaat wordt bevorderd. Bovendien kan het de droogtijd van je was verkorten..  6.0 liter waterreservoir Met een royaal waterreservoir van 6 liter kan de EMERIO DH-122844 langdurig functioneren zonder dat het reservoir geleegd hoeft te worden. Zelfs wanneer het reservoir vol is, hoef je je geen zorgen te maken, aangezien de DH-122844 automatisch uitschakelt dankzij de overloopbeveiliging. Je kunt de ontvochtiger ook gebruiken met een waterafvoerslang, waardoor het water direct wordt afgevoerd en het reservoir nooit hoeft te worden geleegd. Automatische bediening met hygrometer De ingebouwde hygrometer van de EMERIO DH-122844 meet voortdurend de actuele luchtvochtigheidsgraad, waardoor het apparaat eenvoudig te bedienen is. Je kunt de ontvochtiger instellen op de gewenste vochtigheid tussen 30% en 80%, waarna de DH-122844 automatisch aan en uit gaat op basis van de gemeten vochtigheid. Digitaal display Met een duidelijk digitaal display en touchtoetsen is de DH-122844 eenvoudig te bedienen. De modusknop maakt het schakelen tussen verschillende standen, zoals ontvochtigen, ventileren of kleding drogen, gemakkelijk. De indicatielampjes geven duidelijk aan naar welk doel de DH-122844 op dat moment werkt, en je kunt eenvoudig zien wanneer het 6-liter waterreservoir vol is. Specificaties  Ontvochtigingscapaciteit: 20 l/24u Maximale luchtstroom 260 m³/u Voor ruimtes tot 40 m² Bedieningspaneel met indicatielampjes en touchtoetsen Instellingen: ontvochtigen, ventileren of kleding-drogen. Timer-functie Overloopbeveiliging Automatische herstart- en ontdooifunctie Waterreservoir (6,0 l) gemakkelijk leeg en schoon te maken Waterafvoerslang voor continue waterafvoer meegeleverd Waterniveau-aanduiding Automatische uitschakeling Geluidsniveau: 45 dB Milieuvriendelijke koelvloeistof: R290 Gemakkelijk te verplaatsen op wieltjes Afmetingen (l x b x h): 35,1 x 23,4 x 58,8 cm  Tips voor een goed vochtklimaat in huis:  · De ideale luchtvochtigheid in huis varieert tussen 40% en 60%, met een aanbevolen niveau van 40% tot 50% in de slaapkamer.  · Regelmatige controle van de luchtvochtigheid helpt onaangename geuren, ademhalingsproblemen, vochtplekken op muren, schimmelvorming en ongedierte te voorkomen.  · Menselijke activiteiten zoals ademen, douchen en koken dragen bij aan de meeste vochtigheid in huis, maar de algehele staat van het huis speelt ook een rol.  · Daarom is dagelijkse ventilatie essentieel. In sommige gevallen is ventilatie alleen niet voldoende en biedt een ontvochtiger een effectieve oplossing.  · Met een luchtontvochtiger zorg je voor een gezonde omgeving voor jezelf, je bezittingen en je leefruimte.  
"
426,Draagbare luchtontvochtiger Waterfilter halve liter,,Luchtontvochtiger,,,,"84,90",,https://www.bol.com/nl/nl/p/draagbare-luchtontvochtiger-waterfilter-halve-liter/9300000167708520/,0,"
Ontworpen voor ontvochtiging van kleine ruimtes Energiebesparend: laag vermogen, hoog windenergie, hoog ontvochtigingsrendement Eenvoudige bediening Efficiënt en stil Automatisch uitschakelen wanneer het water vol is Compact en draagbaar Toepasselijk gebied: 20 vierkante meter of minder (m2) Lengte netsnoer: 1,5 meter Capaciteit watertank: 500 ml Maximale ontvochtiging: 250 ml / dag Afmeting: 150 * 130 * 210 mm.
"
427,"Luchtontvochtiger - 20 m² - 1200ML - voor Campers, Kasten, Slaapkamers, Badkamers en andere Kleine Ruimtes - met Automatische Uitschakelfunctie - 7 Kleuren LEDlicht",,Merkloos,,,,"129,95",,https://www.bol.com/nl/nl/p/kiumo-luchtontvochtiger-20-m-1200ml-voor-campers-kasten-slaapkamers-badkamers-en-andere-kleine-ruimtes-met-automatische-uitschakelfunctie-7-kleuren-ledlicht/9300000160555618/,7,"
Adem Gemakkelijker met de Kiumo Luchtontvochtiger voor in huis, auto en camper! Heb je genoeg van vochtige lucht in je slaapkamer die zorgt voor ongemak en zelfs schimmelvorming? De Kiumo Luchtontvochtiger is hier om jouw leven comfortabeler te maken! Met krachtige prestaties en intelligente bedrijfsmodus creëert deze ontvochtiger de ideale atmosfeer in jouw slaapkamer. Krachtige Luchtontvochtiging: Dankzij zijn geavanceerde technologie verwijdert deze luchtontvochtiger effectief overtollig vocht uit de lucht. Dit helpt om allergenen te verminderen, schimmelgroei te voorkomen en zorgt voor een gezondere leefomgeving. Stille en Efficiënte Werking: De Kiumo Luchtontvochtiger werkt fluisterstil, zodat je ongestoord kunt slapen of ontspannen. Het zal je slaapkamer niet verstoren terwijl het zijn werk doet. Intelligente Bedrijfsmodi: Met verschillende bedrijfsmodi, zoals automatische ontvochtiging en continue werking, kun je de instellingen aanpassen aan jouw behoeften. De ingebouwde uitschakelfunctie zorgt ervoor dat de ontvochtiger stopt wanneer het waterreservoir vol is, wat de veiligheid en efficiëntie verbetert. Groot Waterreservoir: Deze ontvochtiger heeft een royaal waterreservoir van 1,2 liter, waardoor je hem niet voortdurend hoeft te legen. Hierdoor kun je hem voor langere tijd laten draaien zonder onderbrekingen. Compact en Stijlvol Design: Het slanke en moderne ontwerp van de Kiumo Luchtontvochtiger past perfect in elke slaapkamerinrichting. Het neemt weinig ruimte in beslag en kan gemakkelijk worden verplaatst waar je maar wilt. Creëer een comfortabelere en gezondere leefomgeving met de Kiumo Luchtontvochtiger. Verbeter de luchtkwaliteit in je huis en zeg vaarwel tegen vochtproblemen. Wacht niet langer, bestel nu en geniet van een betere nachtrust in de slaapkamer!
"
428,Emerio DH-128153 - Luchtontvochtiger,,Emerio,,,,"179,-",,https://www.bol.com/nl/nl/p/emerio-dh-128153-luchtontvochtiger/9300000166949999/,7,"
  De EMERIO luchtontvochtiger, model DH-128153, is ontworpen om het vochtgehalte in je woning te beheersen. Het gebruik van een ontvochtiger is cruciaal voor een gezond binnenklimaat, vrij van schimmels en bacteriën. Met een simpele druk op de knop kun je de DH-128153 instellen op de gewenste luchtvochtigheidsgraad, en dankzij de interne hygrometer stopt het apparaat automatisch wanneer de ingestelde waarde is bereikt. Bovendien stopt de ontvochtiger automatisch wanneer de 2-liter watertank vol is, wat handig is omdat het apparaat met slechts 42 decibel geluid bijzonder stil in gebruik is. De EMERIO DH-128153 is geschikt voor ruimtes tot 25m². Geruisloze luchtontvochtiger De EMERIO DH-128153 luchtontvochtiger is ideaal voor het reguleren van de luchtvochtigheid in de slaapkamer. Met een geluidsniveau van slechts 42 decibel zul je nauwelijks merken dat het apparaat ingeschakeld is. De overloopbeveiliging zorgt ervoor dat je de ontvochtiger veilig kunt laten werken terwijl je slaapt. Naast de slaapkamer is de EMERIO DH-128153 geschikt voor gebruik in verschillende delen van het huis, zoals kelders, badkamers, garages en woonkamers, met een maximale dekking van 25m². Het reguleren van de luchtvochtigheid helpt de groei van schimmels en bacteriën te voorkomen, waardoor een gezond leefklimaat wordt bevorderd. Bovendien kan het de droogtijd van je was verkorten..  2.0 liter waterreservoir Met een waterreservoir van 2 liter kan de EMERIO DH-128153 langdurig functioneren zonder dat het reservoir geleegd hoeft te worden. Zelfs wanneer het reservoir vol is, hoef je je geen zorgen te maken, aangezien de DH-128153 automatisch uitschakelt dankzij de overloopbeveiliging. Je kunt de ontvochtiger ook gebruiken met een waterafvoerslang, waardoor het water direct wordt afgevoerd en het reservoir nooit hoeft te worden geleegd. Automatische bediening met hygrometer De ingebouwde hygrometer van de EMERIO DH-128153 meet voortdurend de actuele luchtvochtigheidsgraad, waardoor het apparaat eenvoudig te bedienen is. Je kunt de ontvochtiger instellen op de gewenste vochtigheid tussen 30% en 80%, waarna de DH-128153 automatisch aan en uit gaat op basis van de gemeten vochtigheid. Digitaal display Met een duidelijk digitaal display en touchtoetsen is de DH-128153 eenvoudig te bedienen. De modusknop maakt het schakelen tussen verschillende standen, zoals ontvochtigen, ventileren of kleding drogen, gemakkelijk. De indicatielampjes geven duidelijk aan naar welk doel de DH-128153 op dat moment werkt, en je kunt eenvoudig zien wanneer het 2-liter waterreservoir vol is. Specificaties  Ontvochtigingscapaciteit: 12 l/24u Maximale luchtstroom 120 m³/u Voor ruimtes tot 20 m² Bedieningspaneel met indicatielampjes en touchtoetsen Instellingen: ontvochtigen, ventileren of kleding-drogen. Overloopbeveiliging Automatische herstart- en ontdooifunctie Waterreservoir (2,0 l) gemakkelijk leeg en schoon te maken Waterafvoerslang voor continue waterafvoer meegeleverd Automatische uitschakeling Geluidsniveau: 42 dB Milieuvriendelijke koelvloeistof: R290 Gemakkelijk te verplaatsen dankzij de geïntegreerde handgrepen Afmetingen (l x b x h): 28,2 x 20,4 x 43 cm  Tips voor een goed vochtklimaat in huis:  · De ideale luchtvochtigheid in huis varieert tussen 40% en 60%, met een aanbevolen niveau van 40% tot 50% in de slaapkamer.  · Regelmatige controle van de luchtvochtigheid helpt onaangename geuren, ademhalingsproblemen, vochtplekken op muren, schimmelvorming en ongedierte te voorkomen.  · Menselijke activiteiten zoals ademen, douchen en koken dragen bij aan de meeste vochtigheid in huis, maar de algehele staat van het huis speelt ook een rol.  · Daarom is dagelijkse ventilatie essentieel. In sommige gevallen is ventilatie alleen niet voldoende en biedt een ontvochtiger een effectieve oplossing.  · Met een luchtontvochtiger zorg je voor een gezonde omgeving voor jezelf, je bezittingen en je leefruimte.  
"
429,Emerio DH-127463 -Luchtontvochtiger,,Emerio,,,,"249,-",,https://www.bol.com/nl/nl/p/emerio-dh-127463-luchtontvochtiger/9300000166949998/,5,"
  De EMERIO luchtontvochtiger met schoendroger, model DH-127463, is ontworpen om het vochtgehalte in je woning te beheersen. Het gebruik van een ontvochtiger is cruciaal voor een gezond binnenklimaat, vrij van schimmels en bacteriën. Met een simpele druk op de knop kun je de DH-127463 instellen op de gewenste luchtvochtigheidsgraad, en dankzij de interne hygrometer stopt het apparaat automatisch wanneer de ingestelde waarde is bereikt. Bovendien stopt de ontvochtiger automatisch wanneer de 5,5-liter watertank vol is, wat handig is omdat het apparaat met slechts 48 decibel stil in gebruik is. De EMERIO DH-127463 is geschikt voor ruimtes tot 50m². Geruisloze luchtontvochtiger De EMERIO DH-127463 luchtontvochtiger is ideaal voor het reguleren van de luchtvochtigheid in de slaapkamer. Met een geluidsniveau van 48 decibel zul je nauwelijks merken dat het apparaat ingeschakeld is. De overloopbeveiliging zorgt ervoor dat je de ontvochtiger veilig kunt laten werken terwijl je slaapt. Naast de slaapkamer is de EMERIO DH-127463 geschikt voor gebruik in verschillende delen van het huis, zoals kelders, badkamers, garages en woonkamers, met een maximale dekking van 50m². Het reguleren van de luchtvochtigheid helpt de groei van schimmels en bacteriën te voorkomen, waardoor een gezond leefklimaat wordt bevorderd. Bovendien kan het de droogtijd van je was verkorten..  5.5 liter waterreservoir Met een waterreservoir van 5.5 liter kan de EMERIO DH-127463 langdurig functioneren zonder dat het reservoir geleegd hoeft te worden. Zelfs wanneer het reservoir vol is, hoef je je geen zorgen te maken, aangezien de DH-127463 automatisch uitschakelt dankzij de overloopbeveiliging. Je kunt de ontvochtiger ook gebruiken met een waterafvoerslang, waardoor het water direct wordt afgevoerd en het reservoir nooit hoeft te worden geleegd. Automatische bediening met hygrometer De ingebouwde hygrometer van de EMERIO DH-127463 meet voortdurend de actuele luchtvochtigheidsgraad, waardoor het apparaat eenvoudig te bedienen is. Je kunt de ontvochtiger instellen op de gewenste vochtigheid tussen 30% en 80%, waarna de DH-127463 automatisch aan en uit gaat op basis van de gemeten vochtigheid. Digitaal display Met een duidelijk digitaal display en touchtoetsen is de DH-127463 eenvoudig te bedienen. De modusknop maakt het schakelen tussen verschillende standen, zoals ontvochtigen, ventileren of kleding drogen, gemakkelijk. De indicatielampjes geven duidelijk aan naar welk doel de DH-127463 op dat moment werkt, en je kunt eenvoudig zien wanneer het 5.5-liter waterreservoir vol is. Specificaties  Ontvochtigingscapaciteit: 25 l/24u Maximale luchtstroom 195 m³/u Voor ruimtes tot 50 m² Bedieningspaneel met indicatielampjes en touchtoetsen Instellingen: ontvochtigen, ventileren, kleding-drogen en schoen-droog-functie Timer functie Overloopbeveiliging Automatische herstart- en ontdooifunctie Waterreservoir (5.5 l) gemakkelijk leeg en schoon te maken Waterafvoerslang voor continue waterafvoer meegeleverd Automatische uitschakeling Geluidsniveau: 48 dB Milieuvriendelijke koelvloeistof: R290 Gemakkelijk te verplaatsen dankzij de wieltjes Afmetingen (l x b x h): 34 x 21 x 55 cm  Tips voor een goed vochtklimaat in huis:  · De ideale luchtvochtigheid in huis varieert tussen 40% en 60%, met een aanbevolen niveau van 40% tot 50% in de slaapkamer.  · Regelmatige controle van de luchtvochtigheid helpt onaangename geuren, ademhalingsproblemen, vochtplekken op muren, schimmelvorming en ongedierte te voorkomen.  · Menselijke activiteiten zoals ademen, douchen en koken dragen bij aan de meeste vochtigheid in huis, maar de algehele staat van het huis speelt ook een rol.  · Daarom is dagelijkse ventilatie essentieel. In sommige gevallen is ventilatie alleen niet voldoende en biedt een ontvochtiger een effectieve oplossing.  · Met een luchtontvochtiger zorg je voor een gezonde omgeving voor jezelf, je bezittingen en je leefruimte.  
"
430,Air Naturel Orain Luchtontvochtiger Wit/Hout,,Air Naturel,,,,"155,42",Op voorraad,https://www.bol.com/nl/nl/p/air-naturel-orain-luchtontvochtiger-wit-hout/9200000120385770/,4,"
    Air Naturel Orain luchtontvochtigerVoor een ruimte van ongeveer 20m²Reservoir beschikt over een permanente uitgang om een afvoerpomp op aan te sluitenOntvochtigingscapaciteit van 750 ml per dagWasbare pré-filterKleur/materiaal: wit/hout
"
431,Luchtontvochtiger slaapkamer - Luchtontvochtiger en luchtreiniger - Vochtvreter elektrisch - 12L,,Merkloos,,,,"365,95",,https://www.bol.com/nl/nl/p/luchtontvochtiger-slaapkamer-luchtontvochtiger-en-luchtreiniger-vochtvreter-elektrisch-12l/9300000166901202/,7,"
  Superstil en energiezuinig: de silent luchtontvochtiger maakt gebruik van een zeer efficiënte compressor met een laag geluidsniveau en een minimaal energieverbruik. Met de automatische sensor kunt u de luchtvochtigheid in de ruimte bewaken en wordt de elektrische luchtontvochtiger uitgeschakeld zodra de gewenste luchtvochtigheid is bereikt.   Verwijdert 12 liter WATER PER dag: deze elektrische ontvochtiger heeft een extra grote watertank met een inhoud van 2,5 liter en absorbeert tot 12 liter water uit de lucht. In tegenstelling tot andere huisontvochtigers, absorbeert het vocht snel en efficiënt om uw huis fris en droog te houden.   LED DISPLAY met 5 standen: deze energiezuinige luchtontvochtiger voor thuis en badkamer heeft een gebruiksvriendelijk 3-standen LED display (continu, automatisch en relatief). De compacte luchtontvochtiger heeft 2 snelheidsinstellingen (hoog / laag) om altijd het perfecte luchtvochtigheidsniveau voor uw huis te vinden (tussen 30-90%).   COMPACT & draagbaar: dit draagbare kleine Ontvochtigingstoestel kenmerkt 4 wielen. U kunt het gemakkelijk verplaatsen of Opslaan wanneer het niet in gebruik is. Het moderne en strakke ontwerp van de automatische ontvochtiger past in elk huis of kantoor. Inbegrepen is een lange 1 meter slang voor een continue afvoer.   Perfecte bescherming: een goede huisontvochtiger biedt de beste bescherming tegen schimmel, raamcondensatie en ander vocht in het huis. Door water uit de lucht op te nemen, verbetert de vochtverwijderaar effectief de kwaliteit van de lucht om u heen. Iedereen in je gezin kan beter ademen en gezond blijven.-  
"
432,TROTEC Industriële ontvochtiger DH 95 S,,Trotec,,,,"2919,95",,https://www.bol.com/nl/nl/p/trotec-industriele-ontvochtiger-dh-95-s/9300000075045647/,4,"
    De professionele DH 95 S ontvochtiger is de ideale oplossing voor het voorkomen van schimmel en het tegengaan van corrosieschade bij industriële processen.Bovendien beschikt deze krachtige industriële ontvochtiger, in tegenstelling tot vergelijkbare in de handel verkrijgbare apparaten, over een ingebouwde condenspomp.* Ingebouwde condenspomp* Extreem onderhouds- en service-vriendelijke constructie en aansprekend design* Stille en effectieve ontvochtiging* Optimale gewicht-prestatieverhouding* Voorkomen van schimmel en tegengaan van corrosieschade* Lagere verwarmingskosten door geoptimaliseerde luchtvochtigheid* Bescherming tegen vochtschade van inventaris en productie-installaties* Verhinderen van condensvorming* Bescherming tegen vochtschade bij bouwmaterialen* Vermindering van storende geuren* Bescherming tegen verhoogde kiemvorming in levensmiddelen* Verbetering van de luchtkwaliteit - bescherming van de gezondheid* Verbeteren van de uitvalzekerheid van elektronische apparaten* Luchtdroging voor procesoptimalisering in de industrie* Bescherming en behoud van waardevolle goederen
  "
433,Draagbare luchtontvochtiger voor Thuis - Stille Luchtontvochtiger met 7 Lichtkleuren - Energiebesparend - Automatische Uitschakeling - Luchtontvochtiger voor Badkamer,,Merkloos,,,,"99,95",,https://www.bol.com/nl/nl/p/conopu-draagbare-luchtontvochtiger-voor-thuis-stille-luchtontvochtiger-met-7-lichtkleuren-energiebesparend-automatische-uitschakeling-luchtontvochtiger-voor-badkamer/9300000160550180/,6,"
Zeg Vaarwel tegen Vochtige Ruimtes met de CONOPU Luchtontvochtiger Heb je genoeg van vochtige en klamme ruimtes in je huis? De CONOPU Luchtontvochtiger is hier om je te helpen! Deze krachtige luchtontvochtiger is ontworpen om vocht uit de lucht te verwijderen, waardoor je huis comfortabeler en gezonder wordt. Energiebesparend en Efficiënt: Onze luchtontvochtiger is niet alleen effectief, maar ook energiebesparend. Het apparaat werkt efficiënt om vocht te verwijderen en heeft een automatische uitschakelfunctie wanneer het waterreservoir vol is, wat zorgt voor zorgeloos gebruik. Gezondere Lucht, Gezonder Leven: Het verminderen van overtollig vocht in je huis kan helpen bij het voorkomen van schimmel, allergieën en andere gezondheidsproblemen. Met de CONOPU Luchtontvochtiger creëer je een gezondere leefomgeving voor jou en je gezin. Stil en Compact Design: Dankzij het compacte en stille ontwerp kun je deze luchtontvochtiger overal in je huis plaatsen. Het is perfect voor slaapkamers, woonkamers, kelders, badkamers en zelfs in de caravan. Eenvoudig in Gebruik: Met een eenvoudige bediening en een duidelijk zichtbaar waterreservoir is deze luchtontvochtiger zeer gebruiksvriendelijk. Gewoon aansluiten, inschakelen en laten werken. Bestel nu: Zeg vaarwel tegen vochtproblemen in je huis en geniet van een comfortabele en gezondere leefomgeving. Bestel nu de CONOPU Luchtontvochtiger en adem gemakkelijker in je eigen huis!
"
434,TROTEC Industriële ontvochtiger DH 115 S,,Trotec,,,,"4969,95",,https://www.bol.com/nl/nl/p/trotec-industriele-ontvochtiger-dh-115-s/9300000075050882/,5,"
    Vochtschade in de industrie kan een kostbare aangelegenheid worden. Dure installaties en machines moeten vooral ook worden beschermd tegen voch om condens- en roestvorming tegen te gaan. De DH 115 S is zeer geschikt voor dit doel en ideaal voor toepassing in ruimten tot 2600 m³.Onze professionele ontvochtiger biedt de optimale klimatologische omstandigheden in grotere installaties en hallen, bijvoorbeeld om te voorkomen dat kartonnen verpakkingen week worden en hun stevigheid verliezen.Bovendien beschikt deze krachtige industriële ontvochtiger, in tegenstelling tot vergelijkbare in de handel verkrijgbare apparaten, over een ingebouwde condenspomp.* Ingebouwde condenspomp* Extreem onderhouds- en service-vriendelijke constructie en aansprekend design* Stille en effectieve ontvochtiging* Optimale gewicht-prestatieverhouding* Voorkomen van schimmel en het tegengaan van corrosieschade* Lagere verwarmingskosten door geoptimaliseerde luchtvochtigheid* Bescherming tegen vochtschade van inventaris en productie-installaties* Verhinderen van condensvorming* Bescherming tegen vochtschade bij bouwmaterialen* Vermindering van storende geuren* Bescherming tegen verhoogde kiemvorming in levensmiddelen* Verbetering van de luchtkwaliteit - bescherming van de gezondheid* Verbeteren van de uitvalzekerheid van elektronische apparaten* Luchtdroging voor procesoptimalisering in de industrie* Bescherming en behoud van waardevolle goederen
  "
435,Klarstein DryFy20 Luchtontvochtiger - 420W - 20l/d - 230m³/h - 40-50m² - DrySelect - 45dB - Antraciet,,Klarstein,,"1,0",1,"338,99",,https://www.bol.com/nl/nl/p/klarstein-dryfy20-luchtontvochtiger-20-liter-dag-230m-uur-dehumidifier-voor-40-tot-50-m-uitneembare-watertank-ontvochtiger-luchtreiniger-420w-45-db/9300000016949138/,19,"
De makkelijkste weg naar de ideale luchtvochtigheid: de Klarstein DryFy 20 luchtontvochtiger droogt vochtige ruimtes na bouw- en renovatiewerkzaamheden of waterschade of reguleert ongecompliceerd de luchtvochtigheid in keuken, bad- of slaapkamer. Met de juiste luchtvochtigheid voelt u zich direct beter: de Klarstein DryFy 20 dehumidifier bestrijdt vochtige lucht in een handomdraai en zorgt voor een vrije ademhaling in keuken, bad- of slaapkamer en voor een snel drogen na bouw- of renovatiewerkzaamheden. Met zijn krachtige 420W vermogen en een luchtcirculatie van 100 m³ per uur onttrekt hij tot 20 liter vocht per dag – hiermee is de Klarstein DryFy 20 luchtontvochtiger ideaal voor ruimtes van 40 tot 50 m². Dankzij de geïntegreerde nylon en actieve koolfilters bestrijdt hij daarnaast ook nog stofdeeltjes en geurtjes in de omringende lucht en verbetert zo het klimaat gelijk dubbel. Een grote, 5 liter tank verzamelt het water en kan eenvoudig worden geleegd. Praktisch is ook de grote gebruiksvriendelijkheid: via het bovenzijdig geplaatste display kan de DryFy 20 middels enkele toetsen voor zijn taak worden geprogrammeerd. Dankzij DrySelect kan de doelluchtvochtigheid precies zo ingesteld worden als gewenst. Daarnaast staan een timer en de keuze tussen power en silent modus tot uw beschikking. Met zoveel vermogen hoeft de DryFy 20 zich gegarandeerd niet te verstoppen want ook met zijn uiterlijk is niets mis: zijn elegante lijnvoering maakt van de luchtontvochtiger een echte blikvanger die zelfs in woonkamer of conferentieruimte de inrichting effectief verrijkt. Zo eenvoudig als nooit tevoren naar een perfecte luchtvochtigheid: de Klarstein DryFy 20 dehumidifier zorgt voor de beste lucht. Beschikbare varianten: DryFy 20 liter, DryFy 10 liter (artikel 10032040), DryFy 16 liter (artikel 10032041), DryFy 30 liter (artikel 10032043) Eigenschappen:  Ideale luchtvochtigheid: 10 liter / 24 h ontvochtigigingsvermogen voor het drogen van interne ruimtes na bouw- en renovatiewerkzaamheden of voor het reguleren van de luchtvochtigheid in keuken, badkamer of slaapkamer  Elegant design: blikvanger door de golvende lijnvoering  Krachtig: 420 W vermogen voor 230 m³/h luchtcirculatie - ideaal voor 40 tot 50 m²  Lange gebruiksduur: 5 liter watertank inclusief afvoerslag voor duurzaam gebruik  DrySelect: programmeerbare doelluchtvochtigheid en timer voor individuele wensen Omvang Levering:   1 x Luchtontvochtiger 1 x Afvoerslang Gebruikershandleiding in Duits en Engels  Afmetingen:   Afmeting: ca. 34 x 51 x 24 cm (BxHxD) Lengte netkabel: ca. 170 cm Gewicht: ca. 14,2 kg  Artikelnummer: 10032663
  "
436,Turbionaire luchtontvochtiger Start 5 met Peltier systeem en zeer stil,,Turbionaire,,,,"119,-",,https://www.bol.com/nl/nl/p/turbionaire-luchtontvochtiger-start-5-met-peltier-systeem-en-zeer-stil/9300000071699167/,9,"
Dezeluchtontvochtiger met Peltier-systeem is voornamelijk ontworpen om de incidentele vochtigheidsschommelingen in de woonruimtes te corrigeren door deze te verlagen en op het optimale niveau te houden
De START 5 is een zeer goed alternatief voor compressor-ontvochtigers in het geval van ruimtes die geen grote schommelingen in luchtvochtigheid vertonen en geen last hebben van substantieel overtollig water.
De START 5 is een in Europa geproduceerd device en daarmee kwalitatief aanzienlijk beterdan de goedkope import uit verweggistan.
Kenmerken:

Waterniveau-indicator aan de voorkant van de tank
Zeer stil tijdens gebruik, slechts 42dB
Gebruik met lange levensuur
Automatisch afsluiten
Eenvoudig te gebruiken
Eco Frinedly

Technische specificatie:
• Kleur: Wit - Grijs
• Ontvochtiging: (32 ° C / 90% RV) 500 ml / dag
• Temperatuurbereik: + 10 ° - + 50 ° C
• Automatische stop: ja
• Waterniveau-indicator: ja
• Auto Stop (Rezervor plin): ja
• Toepassingsgebied: tot 20 m²
• Spanning: 100-240V / 50/60 Hz
• Stroomverbruik: 40W
• Nominale stroom: 1,1 Ah
• Functiemodus: Peltier-systeem
• Watertank: 1.5L
• Geluidsniveau: 42dB
• Formaat: 223x158x308 mm
• Grootte van de verpakking: 247x182x378 mm
• Brutogewicht: 2,3 kg
• Brutogewicht: 3 kg
  "
437,TROTEC Luchtontvochtiger TTK 350 S,,Trotec,,,,"1209,95",,https://www.bol.com/nl/nl/p/trotec-ttk-350-s-luchtontvochtiger/9200000065369246/,4,"
Industriële luchtontvochtiger TTK 350 SDeze robuuste luchtontvochtiger heeft een metalen behuizing met kunststof coating en is uitgerust met een beugelgreep. Dankzij de grote wielen kan het appraat eenvoudig worden gestransporteerd.  Het uitwasbare luchtfilter van de TTK 350 S is gemakkelijk toegankelijk en snel te reinigen. De aan-uitknop en het controlelampje van het condensreservoir zijn voorzien van een beschermkap tegen binnendringend stof en tegen spatwater. De draaischakelaar voor het instellen van de luchtvochtigheid is verzonken waardoor het onbedoeld wijzigen van de ingestelde waarde wordt voorkomen. Praktische productkenmerken van de TTK 350 S in één oogopslag:  Hoge ontvochtigingscapaciteit ook bij lage temperaturen Robuuste metalen behuizing voorzien van kunststof coating Stabiele verrijdbare constructie Dankzij rolzuigercompressor in elke positie te transporteren en op te slaan Hygrostaatgeregelde automatische ontvochtiging Kwaliteits-heetgasontdooiing Optioneel: MID-conforme dubbele teller voor bedrijfsuren en kilowatturen  Let op: specificaties kunnen zonder opgave van redenen in het belang van een lopende productverbetering worden gewijzigd. Aan de afbeeldingen van producten en eventueel getoonde specificaties of keurmerken kunnen geen rechten worden ontleend  
"
438,MSW - Werkplaatsontvochtiger - 200 m³/u - 16 l/dag,,MSW,,,,"1849,-",,https://www.bol.com/nl/nl/p/msw-werkplaatsontvochtiger-200-m-u-16-l-dag/9300000162914860/,10,"
De werkplaatsontvochtiger zorgt voor droge lucht Veel klassieke luchtontvochtigers verlagen de luchtvochtigheid tot waarden rond de 50 %. Als u afhankelijk bent van een zeer lage luchtvochtigheid, gebruik dan een absorptiedroger, die de luchtvochtigheid veel meer verlaagt. Zo voorkom je al tijdens de productie corrosie of condensvorming die je producten beschadigt. Dankzij de stille werking gebruik je hem bij bijvoorbeeld waterschade ook binnenshuis zonder dat hij teveel overlast geeft. De absorptiedroger is makkelijk in gebruik, handig en vooral effectief! Hoogtepunten  Oppervlakte: 30 - 40 m² Capaciteit: 16 l/dag Luchtdebiet: 200 m³/u Bedrijfstemperatuur: -10 - 50 °C Roestvrijstalen behuizing   Dankzij het handige handvat neem je het compacte apparaat eenvoudig mee naar de plek waar je de luchtvochtigheid flink wilt verlagen. Bij continu gebruik verwijdert de luchtontvochtiger tot 16 l vocht uit de lucht per dag. Binnenin de unit zit een roterend wiel dat vocht absorbeert. De luchtontvochtiger-droger maakt indruk met een 200 m luchtstroom van³/h. Met deze prestatiewaarden kun je de luchtontvochtiger optimaal gebruiken in een werkplaats met een oppervlakte van 30 - 40 m². Dankzij een temperatuurbereik van -10 - 50 °C kun je de absorptiedroger ook bij lage kamertemperatuur rond de 0 °C betrouwbaar gebruiken. Kies je voor handmatige bediening, dan werkt de elektrische luchtontvochtiger ononderbroken totdat je hem uitschakelt. In de automatische stand schakelt het apparaat uit zodra de door jou ingestelde luchtvochtigheid is bereikt. Tijdens het gebruik stijgt de kamertemperatuur tot 10 °C, wat ook het drogen vergemakkelijkt. Zo bent u goed gepositioneerd voor verschillende ruimtelijke situaties.
"
439,TROTEC Bouwdroger TTK 500,,Trotec,,,,"2799,95",,https://www.bol.com/nl/nl/p/trotec-bouwdroger-ttk-500/9300000073884338/,19,"
    De combinatie van hoog ontvochtigingsvermogen bij een minimaal energieverbruik, de grote mate van mobiliteit en het ruimtebesparend gebruik maakt de TTK 500 tot de ideale ontvochtiger, zelfs bij lage temperaturen – voor langdurig gebruik ook optioneel verkrijgbaar met hygrostaat en condenspomp.Deze professionele condensdroger is ontworpen voor maximale mobiliteit onder ruwe werkomstandigheden. Derhalve beschikt de TTK 500 over een verrijdbaar onderstel met verstelbare beugelgreep en grote rubberwielen, die geen strepen nalaten – bovendien is hij voorzien van een robuuste metalen behuizing.De TTK 500 is bovendien zo ontworpen dat de apparaten bij opslag en transport in verband kunnen worden geplaatst om ruimte te besparen. Bij opslag kunnen zelfs tot 3 apparaten op elkaar worden gestapeld.Innovatief centraal chassis – onderhoudsvriendelijk modulair conceptTTK 500 en de TTK 900 beschikken over een innovatief centraal onderstel met een eenvoudig en snel afneembare, robuuste metalen behuizing. Ideaal voor service, onderhoud en reiniging.De elektronica is niet alleen speciaal ingekapseld waardoor hij op betrouwbare wijze beschermd is tegen schadelijke invloeden – ze is bovendien modulair ontworpen en de afzonderljke elektronicamodulen zijn onderhoudsvriendelijk met elkaar verbonden. De uitwisseling van afzonderlijke modules gaat derhalve snel en probleemloos, zelfs op de standplaats: stekker eruit, module wisselen, stekker weer insteken – klaar. Onderbrekingen in verband met onderhoud kunnen zo tot een minimum worden teruggebracht.* Ontwikkeling, design, productie: 100 % Trotec* Hoog ontvochtigingsvermogen – ook bij temperaturen onder 15 °C* Geschikt voor ruimten tot 470 m³ bij bouwdroging en waterschadesanering* Drooghouden van ruimten tot 940 m³* Inzetbaar bij een temperatuur vanaf 0 °C* Extreem krachtige  roterende compressor* Professionele heetgas-ontdooi-automaat met bypass-proces* Innovatief centraal chassis, eenvoudig afneembaar voor snelle reiniging en inspectie* Bijzonder onderhoudsvriendelijk: elektronische insteekmodules, gemakkelijk te verwisselen zonder gereedschap* Ruimtebesparend te stapelen – neemt weinig plaats in bij opslag* Dankzij TTK-compressortechniek in elke positie te transporteren – zowel rechtop als op zijn kant* Robuust en uiterst mobiel – dankzij grote wielen ook op ruwe bouwplaatsen of op trappen eenvoudig hanteerbaar* Krachtige axiale ventilator voor een hoog luchtdebiet* Gemakkelijk te verwisselen, uitwasbaar luchtfilter* Aansluiting van externe hygrostaat* Verstelbare beugelgreep – horizontaal of verticaal* Seriematig voorzien van bedrijfsurenteller* MID-conforme duale teller voor bedrijfsuren en energieverbruik optioneel
  "
440,Argoclima Dry Pury 25 - Luchtontvochtiger - 125 m2 - 42 dB - Wit,,Argoclima,,,,"268,95",,https://www.bol.com/nl/nl/p/argoclima-dry-pury-25-luchtontvochtiger-125-m2-42-db-wit/9300000025766291/,4,"
Luchtontvochtiger met dubbele functie: ontvochtigen en reinigen!
De Argoclima Dry Pury 25 luchtontvochtiger ontvochtigt en zuivert de lucht in de omgeving met speciale filters, zilverionen en een antibacterieel filter.
Uniek door zijn gestileerde vormgeving. De keuze voor hoogwaardige materialen en de totale witte kleur geven de ontvochtiger een verfijnde en aangename uitstraling.
De Argoclima Dry Pury 25 luchtontvochtiger behoort tot de nieuwste modellen luchtontvochtigers van Argoclima. De stille ontvochtiger heeft een capaciteit van 25 liter per dag.

Tot 125 m², Max. 25 ltr/dag
Luchtontvochtiger met dubbele functie: ontvochtigen en reinigen
Extra filters voor luchtzuivering: catechine + zilverionen + antibacterieel
Zeer stille ontvochtiger met puur mat witte kleur
Gestileerde vormgeving, hoogwaardige materialen

"
441,"Webber DEQ10 - Luchtontvochtiger - 33,2x19,3 cm - 3-traps filter",,WEBBER,,,,"172,03",,https://www.bol.com/nl/nl/p/webber-deq10-luchtontvochtiger-33-2x19-3-cm-3-traps-filter/9300000161649005/,7,"
De WEBBER DEQ10 luchtontvochtiger is een geavanceerd apparaat dat voor een schone en frisse atmosfeer in uw woning zorgt. Met een krachtig 3-traps filtersysteem, inclusief een HEPA13-filter, verwijdert deze luchtontvochtiger tot 99,97% van de deeltjes zo klein als 0,3 micron. Dit betekent dat schadelijke gassen, allergenen, bacteriën, virussen en onaangename geuren doeltreffend worden geëlimineerd, wat bijdraagt aan uw gezondheid en comfort. Dubbele functionaliteit voor ultieme resultaten Een opvallend kenmerk van de WEBBER DEQ10 luchtontvochtiger is zijn dubbele vermogen. Dit apparaat combineert niet alleen ontvochtiging, maar ook luchtzuivering, waardoor u twee problemen tegelijkertijd kunt aanpakken. Met een royale tankcapaciteit van 1 liter kan deze luchtontvochtiger tot wel 750 ml vocht per dag verwijderen. Bovendien biedt het apparaat handige functies zoals een timer en twee instelbare ventilatormodi, zodat u het kunt afstemmen op uw specifieke behoeften. Efficiëntie bij elke temperatuur De betrouwbaarheid van deze luchtontvochtiger wordt versterkt door het ingebouwde automatische ontdooisysteem. Hierdoor kan het apparaat blijven functioneren, zelfs bij temperaturen tot 5˚C, wat de efficiëntie ervan verbetert. Daarnaast voorziet het in twee handige indicatoren: één voor het vervangen van het filter en één voor het waterniveau, waardoor u te allen tijde op de hoogte bent van de status. Met zijn stille werking biedt de WEBBER DEQ10 luchtontvochtiger het gebruikscomfort dat u zoekt. Belangrijke kenmerken:  3-traps filtratiesysteem met HEPA13-filter Verwijdert tot 99,97% van verontreinigende stoffen zo klein als 0,3 micron Dubbele functie van ontvochtiging en luchtzuivering Verwijdert tot 750 ml vocht per dag Uitgerust met een timer en twee ventilatormodi Automatisch ontdooisysteem voor optimale efficiëntie Indicatoren voor vervanging van het filter en waterniveau Geschikt voor mensen met allergieën Veilig voor kinderen Stil en energiebesparend  Specificaties:  Kleur: wit Hoogte: 33,2 cm Breedte: 19,3 cm Diepte: 19,3 cm Maximale ruimtegrootte: 20 m2 Tankcapaciteit: 1liter Gewicht: 5 kg Afmetingen verpakking: 40x25x25 cm 
"
442,Fral FlipperDry 400W Luchtontvochtigers,,Fral,Fral Flipperdry,"5,0",1,"469,-",,https://www.bol.com/nl/nl/p/fral-flipperdry-400w-luchtontvochtigers/9200000015460824/,0,"
    maximaal 300 m3 / 24 liter per dag   De Fral Flipper Dry is 400 een ontvochtiger met een bewezen staat van dienst. Deze ontvochtiger biedt een totale controle over de luchtvochtigheid en zorgt daardoor voor verbetering van de luchtkwaliteit (minder schimmels en lagere luchtvochtigheid) en heeft een fluisterstille werking.     De Flipper Dry 400 luchtontvochtiger heeft een mooi Italiaans design dat past binnen elk interieur en heeft een degelijke metalen omkasting. Ideale ontvochtiger voor slaapkamer, woonkamer, kantoor, kelder en garage in huis.     De kleine zwenkwielen maken de Flipper Dry 400 eenvoudig verplaatsbaar. Deze ontvochtiger heeft een maximale ontvochtigingscapaciteit van 24 liter per dag, gemeten bij 32 °C en 90 % relatieve vochtigheid. De ontvochtiger is erg stil en verbruikt slechts 330 Watt bij een temperatuur van 20°C en een relatieve vochtigheid van 60%.     Op het controlepaneel is eenvoudig de gewenste vochtigheid in te stellen. Het systeem is daarvoor uitgevoerd met een analoog instelbare hygrostaat en heeft een elektronisch geregelde ontdooifunctie.  
"
443,TROTEC Industriële ontvochtiger DH 60,,Trotec,,,,"4819,95",,https://www.bol.com/nl/nl/p/trotec-industriele-ontvochtiger-dh-60/9300000074775971/,6,"
Industriële ontvochtiger DH 60De voor de wandmontage voorbereide DH 60 overtuigt ook bij lage temperaturen door een hoge ontvochtigingscapaciteit. Zijn professionele heetgas-ontdooiing maakt daarbij een werking mogelijk vanaf 5 °C. Daarom is de ontvochtiger ook optimaal voor droging van onverwarmde magazijnen en parkeergarages. Met de DH 60 profiteert u van een professionele, onderhoudsvrije industriële ontvochtiger die bijzonder geschikt is voor volledig automatisch hygrostaatgeregeld continugebruik.* Hoge ontvochtigingscapaciteit ook bij lage temperaturen * Corrosiebestendige constructie * Vollautomatische snelle ingebruikname * Professionele heetgasontdooiing * Vanaf 5 °C inzetbaar * Sterke radiale ventilator
Deze specificaties kunnen zonder opgave van redenen in het belang van een lopende productverbetering door de fabrikant worden gewijzigd.
"
444,Equivera Luchtontvochtiger - Luchtontvochtiger Slaapkamer - Luchtontvochtigers - Dehumidifier - Luchtontvochtiger Badkamer - Luchtontvochtiger Woonkamer - Luchtontvochtiger Huis,,Merkloos,,,,"132,95",,https://www.bol.com/nl/nl/p/equivera-luchtontvochtiger-luchtontvochtiger-slaapkamer-luchtontvochtigers-dehumidifier-luchtontvochtiger-badkamer-luchtontvochtiger-woonkamer-luchtontvochtiger-huis/9300000165832276/,6,"
Heeft u last van vochtigheid in uw huis, camper of kantoorruimte? OMISOON biedt dé oplossing met zijn elektrische ontvochtiger die hoog rendement combineert met laag energieverbruik. Dit compacte toestel is uw nieuwe bondgenoot tegen vocht, schimmel en onaangename geuren.  Efficiënt ontvochtigen (tot 500 ml per dag) Groot reservoir (1200 ml) Laag energieverbruik Automatische uitschakeling en waarschuwingslicht Stille werking (<43 dB) Automatisch ontdooien 7 kleurrijke LED-lampjes Compact en gebruiksvriendelijk Ideaal voor ruimtes van 10-15 m²  Hoogwaardige Ontvochtiging Met een ruim reservoir van 1200 ml onttrekt deze ontvochtiger tot 500 ml vocht per dag bij een temperatuur van 30°C en een relatieve luchtvochtigheid van 80%. Dankzij het transparante, drijvende tankontwerp controleert u gemakkelijk de waterstand. Bij een volle tank schakelt het apparaat zichzelf veilig uit, met een knipperend rood licht ter herinnering. Geruisloze Werking Geniet van een rustige omgeving met onze elektrische ontvochtiger. Dankzij de efficiënte gelijkstroommotor werkt dit apparaat met een geluidsniveau van minder dan 43 decibel, waardoor uw dagelijkse routine ongestoord blijft. Gebruiksvriendelijk en Automatisch Ontdooisysteem Deze ontvochtiger is ontworpen voor uw gemak. Met de automatische ontdooifunctie werkt het apparaat probleemloos door bij lagere temperaturen. Bij vorst op de condensatorribben schakelt de ontdooimodus in, en keert terug naar ontvochtigen zodra de temperatuur stijgt. Sfeervolle Verlichting Creëer met de 7 gekleurde LED-lampjes een sfeervol effect in elke ruimte. Kies voor een continu kleurveranderende weergave of zet uw favoriete kleur vast. Perfect voor een romantische of ontspannende achtergrondverlichting. Compact en Ruimtebesparend De OMISOON luchtontvochtiger is perfect voor kleine ruimtes van 10-15 m². Het neemt weinig ruimte in en met een simpele druk op de knop zorgt u voor een drogere en aangenamere leefomgeving. Ideaal voor in kasten, slaapkamers, badkamers en meer. Ervaar nu zelf het verschil met de OMISOON elektrische ontvochtiger. Bestel vandaag nog en zeg vaarwel tegen overtollig vocht! Productspecificaties: Merk: OMISOON Kleur: Wit Capaciteit Waterreservoir: 1200 ml Geluidsniveau: <43 dB Vermogen: Efficiënte vochtafvoer tot 500 ml/dag LED-Lichten: 7 kleuren Afmetingen: Compact en geschikt voor kleine ruimtes Gebruik: Eenvoudig, met één knop Inhoud van de Verpakking: 1x OMISOON Elektrische Luchtontvochtiger 1x Handleiding Met OMISOON creëert u een gezondere leefomgeving voor uzelf en uw geliefden.
"
445,"Taurus DH2201, 325 W, 345 mm, 250 mm, 560 mm, 14 kg, 400 mm",,Taurus,,,,"259,06",,https://www.bol.com/nl/nl/p/taurus-dh2201-325-w-345-mm-250-mm-560-mm-14-kg-400-mm/9300000025109548/,3,"
    Taurus DH2201. Stroomverbruik (typisch): 325 W. Breedte: 345 mm, Diepte: 250 mm, Hoogte: 560 mm. Breedte verpakking: 400 mm, Diepte verpakking: 310 mm, Hoogte verpakking: 615 mm
  "
446,"Ontvochtiger Taurus DH1201 (2,5 L)",Nieuw artikel,Taurus,,,,"196,32",,https://www.bol.com/nl/nl/p/ontvochtiger-taurus-dh1201/9300000025109551/,4,"
    Als je op zoek bent naar huishoudelijke apparaten tegen de beste prijzen, mis dan de Ontvochtiger Taurus DH1201 (2,5 L) niet, samen met een uitgebreide selectie van kleine huishoudelijke apparaten!Kleur: WitMateriaal: PlasticBereik: 25 m²Vermogen: 210 W2,5 L
"
447,Luchtontvochtiger slaapkamer - Luchtontvochtiger en luchtreiniger - Vochtvreter elektrisch - 2L,,Merkloos,,,,"475,95",,https://www.bol.com/nl/nl/p/luchtontvochtiger-slaapkamer-luchtontvochtiger-en-luchtreiniger-vochtvreter-elektrisch-2l/9300000166875467/,7,"
  Krachtig en toch energiezuinig-efficiënte compressortechnologie zorgt voor een groot vermogen (120 m3/h - ideaal voor ruimtes tot 25 m2). Het apparaat ontvochtigt tot 13,5 l / dag, met een maximaal verbruik van slechts 180 W (bij 30 °C en 80% vochtigheid). Dit maakt het het meest economische apparaat in zijn klasse.   [ 3-in - 1] - Ontvochtig lucht, schone lucht en droog wassen. Dit alles wordt geleverd door één multifunctioneel apparaat. Kan worden gebruikt in huishoudens die geen wasdroger hebben of op plaatsen die last hebben van te vochtige lucht of slechte geur.   Efficiënte koolstoffilter: de functionele luchtreiniging wordt verstrekt door het koolstoffilter. Dit zal in bijna elke ruimte van pas komen, omdat het grovere deeltjes vangt (met het blote oog niet zichtbaar stof, pollen en andere allergenen) en vooral gasvormige stoffen elimineert (sigarettenrook, gassen die vrijkomen uit lijm, vernis, coatings, verf, spray en kunststoffen). De verpakking bevat 1 koolstoffilter.   [Bijzonder stil] - is een van de stilste apparaten in zijn klasse. Dit maakt het geschikt, bijvoorbeeld in de slaapkamer, waar u bovendien de slaapmodus (slaap) kunt gebruiken, waar na het stationair draaien alle indicatoren geleidelijk donkerder worden en de ventilator automatisch van hoge naar lage snelheid schakelt.   Klein en mobiel: het is een klein apparaat van 50 x 28 x 20 cm (H x B x D) uitgerust met een handvat en flexibele wielen. Hierdoor kunt u de luchtontvochtiger eenvoudig binnenshuis verplaatsen. Dankzij de 1,8 m voedingskabel hoeft u het apparaat niet direct naast een stopcontact te plaatsen.   [Automatisch vochtonderhoud] - de functies van automatisch vochtonderhoud, uitschakeltimer en kinderslot zijn het vermelden waard. Als het reservoir met een capaciteit van 2 l niet voldoende is, kunt u de afvoerslang gebruiken om het condensaat continu af te voeren.   Milieuvriendelijk R290 koelmiddel-natuurlijk, freonvrij, ecologisch en koolstofarm koelmiddel, bekend als propaan. Heeft geen negatieve invloed op de ozonlaag en minimale impact op de opwarming van het klimaat. Dit maakt propaan milieuvriendelijk en behoudt tegelijkertijd de goede eigenschappen van het apparaat. Coëfficiënt GWP 3, CO2-equivalent 0,00018 t. -   
"
448,TROTEC Industriële luchtontvochtiger TTK 380 ECO,,Trotec,,,,"1189,95",,https://www.bol.com/nl/nl/p/trotec-industriele-luchtontvochtiger-ttk-380-eco/9200000105728918/,9,"
TROTEC Industriële luchtontvochtiger TTK 380 ECO  First class bouwdroging tegen economy tarief  Wie op zoek is naar een bedrijfsmatig inzetbare professioneel uitgevoerde ontvochtiger en daarbij ook nog eens op de centen let, kiest voor de TTK 380 ECO. De serie ECO-ontvochtigers van Trotec maakt het mogelijk: teruggebracht tot wat werkelijk belangrijk is, heeft de TTK 380 ECO geen onnodige extra functies hetgeen ten goede komt aan de eisen die gesteld worden aan de noodzakelijke functies voor langdurige en onderhoudsvrije drooghoud- en ontvochtigingswerkzaamheden.  Binnenin de robuuste verrijdbare stalen constructie zorgt een krachtige rolzuigercompressor voor een hoog ontvochtigingsvermogen en mede dankzij de professionele heetgas-ontdooiautomaat overtuigt de TTK 380 ECO zelfs bij lage temperaturen door een hoge ontvochtigingscapaciteit.  Transport gaat gemakkelijk en veilig, want dankzij de grote wielen en praktische beugelgreep is de TTK 380 ECO ook op ruwe bouwplaatsen gemakkelijk hanteerbaar, waarbij de geïntegreerde netsnoerhouder en stekkerfixatie voor extra veiligheid zorgen.  De TTK 380 ECO is af fabriek uitgerust met een bedrijfsurenteller voor gebruiksregistratie en met een aansluiting voor een externe hygrostaat voor hygrostaatgeregeld gebruik.  Dit in combinatie met een externe condensafvoeraansluiting maken van de TTK 380 ECO de ideale ontvochtiger voor langdurige droogwerkzaamheden voor continu-gebruik zonder toezicht.   Voordelen in de praktijk:   * Bijzonder economische oplossing voor typische bedrijfsmatige ontvochtigingswerkzaamheden  * Hoog ontvochtigingsvermogen ook bij lagere temperaturen  * Robuuste verrijdbare stalen constructie  * Dankzij rolzuigercompressor in elke stand te transporteren en op te slaan  * Heetgas-ontdooiautomaat  * Aansluitmogelijkheid voor externe hygrostaat
  "
449,Klarstein Drybest 2000 2G Luchtontvochtiger - Ionisator - 700 ml/d - 70 W - Grijs,,Klarstein,,"1,0",1,"117,98",,https://www.bol.com/nl/nl/p/drybest-2000-2g-luchtontvochtiger-ionisator-700-ml-d-70-w-grijs/9300000017431887/,7,"
Diep ademhalen: de Klarstein Drybest 2000 2G luchtontvochtiger verlost u van vochtige, muffige lucht en zorgt ervoor dat ademen weer een genot wordt. Neem afscheid van vochtige lucht en condenswaterneerslag. Met de tweede generatie Klarstein Drybest 2000 luchtontvochtigers verwijdert u nu nog beter overvloedige vochtigheid uit de lucht. Tot wel 700 ml water per dag filtert hij uit de lucht en vangt dit op in zijn 2 liter opvangreservoir. Door het gebruik van een Peltier-element is de Drybest 2000 2G uiterst zuinig. Het apparaat gebruikt slechts 70 W stroom en is bij gebruik bovendien fluisterzacht. Het apparaat werkt zo lang tot een sensor herkent dat het waterreservoir vol is. Dan schakelt hij automatisch uit. Zodra het opvangreservoir geleegd is - bijvoorbeeld als water voor de kamerplanten - start hij weer. Twee LED's laten goed herkenbaar zien of het apparaat aan staat en of de watertank geleegd moet worden. Verbeter met de Klarstein Drybest 2000 2G luchtontvochtiger effectief het klimaat in kleine, slecht te ventileren ruimtes: inloopkasten, badkamers en proviandkamers behoren tot zijn werkgebied. Hij verwijdert ongewenste waterdamp en helpt vochtplekken en condenswater te verkomen. Voor nog meer frisheid zorgt de geïntegreerde ionisator die het stof in de lucht bindt en onaangename luchtjes vermindert. Het beproefde, bescheiden elegante design van de Klarstein Drybest 2000 luchtontvochtiger past probleemloos met zijn compacte afmetingen in iedere woon- en werkomgeving. Goede luchtcondities: De Klarstein Drybest 2000 2G luchtontvochtiger verlost u van overvloedige vochtigheid en draagt bij aan een aangenaam klimaat. Beschikbare kleuren: zwart, grijs (artikel 10029871) Eigenschappen: compacte luchtontvochtiger en ionisator ter verwijdering van overvloedige vochtigheid en stofdeeltjes uit de lucht zuinig: slechts 70 w stroomverbruik verbetert het ruimteklimaat in inloopkasten, kleine badkamers of proviandkamers vermindert condenswaterneerslag en voorkomt schimmel fluisterzacht in het gebruik dankzij Peltier-element Omvang Levering:   1 x apparaat 1 x opvangreservoir 1 x voeding Duitstalige gebruiksaanwijzing (andere talen: Engels, Italiaans, Frans, Spaans)  Afmetingen:   Maten: ca. 24 x 36 x 12,5 cm (BxHxD) Gewicht: ca. 1860 g  Artikelnummer: 10029872
  "
450,TROTEC Luchtontvochtiger TTK 95 E,,Trotec,,"4,0",7,"264,95",,https://www.bol.com/nl/nl/p/trotec-luchtontvochtiger-ttk-95-e/9200000064007246/,10,"
TROTEC Luchtontvochtiger TTK 95 EVakkundige droogmethode voor grote kantoor- en woonruimtesHij houdt ruimten tot 90 m² vakkundig en betrouwbaar droog en condenseert hierbij dagelijks maximaal 30 liter vocht uit lucht.Hierbij werkt de hygrostaatgeregelde ontvochtigingsautomaat nauw samen met de streefwaardevoorkeuze tussen 30 en 90 % r.v. in stappen van 5 %. zodra de gewenste vochtigheidswaarde is bereikt, schakelt de automaat de compressor, om energie te besparen, uit – en weer in, als de vochtigheidswaarde weer wordt overschreden. Bij dit proces draait de ventilator overigens gewoon door en blijft ook de weergave op het digitale display actief. Zo is bijvoorbeeld op elk moment de actuele status van de relatieve luchtvochtigheid af te lezen. De timerfunctie, een wasdroogfunctie, een waarschuwingslampje bij vol waterreservoir, evenals de overloopbeveiliging met automatische uitschakeling maken de comfortuitrusting van de TTK 95 E compleet. Bovendien maakt het geïntegreerde, uitwasbare luchtfilter extra luchtreiniging mogelijk door het filteren van stof of dierenhaar en maakt de aansluiting voor een externe condensafvoer een langdurig onbeheerd gebruik mogelijk.Dankzij wieltjes en de praktische, inklapbare handgreep is de TTK 95 E ook zeer geschikt voor het wisselen van de gebruikslocatie.Optimale luchtcirculatie in de ruimte dankzij de swingfunctieDe krachtige Luchtonvochtiger TTK 95 E levert een luchthoeveelheid van 185 m³ per uur. De luchtcirculatie kan via twee ventilatorsnelheden, de swingfunctie en de instelbare uitblaasrichting optimaal worden aangepast aan elk type ruimte.De gelijkmatig draaiende luchtklep opent en sluit in een hoek van 90 ° en zorgt er zo voor dat de ontvochtigde lucht gelijkmatig in de ruimte wordt verspreid.Veilig was drogen met behulp van een luchtontvochtigerBehalve voor het ontvochtigen van de lucht in een ruimte kan een luchtontvochtiger ook eenvoudig worden ingezet voor het drogen van was - ter ondersteuning of compleet ter vervanging van een gebruikelijke wasdroger. De wasdroog-functie (ook wel textieldroog-modus of superdry-functie genoemd) is vergelijkbaar met het traditioneel drogen van de was in de buitenlucht.Luchtontvochtigers hebben als voordeel dat de was net als in de buitenlucht op een veilige manier wordt gedroogd. Kleuren blijven behouden en de kleding blijft langer mooi dan bij het gebruik van wasdrogers en daarbij wordt ook nog eens minder energie verbruikt.Bovendien kunnen wol, zijde of fijne synthetische stoffen zonder problemen gedroogd worden. In tegenstelling tot het drogen van de was buiten blijft de was zachter en voelt prettiger aan op de huid.Was kan ook gedroogd worden met luchtontvochtigers zonder wasdroog-functie. De luchtvochtigheidswaarde moet dan als volgt worden ingesteld:Kastdroog:46 % relatieve luchtvochtigheid Strijkdroog:58 % relatieve luchtvochtigheid Licht gedroogd:65 % relatieve luchtvochtigheid Propaan (R290) als milieuvriendelijk koudemiddel in luchtonvochtigersJaarlijks worden door het gebruik van synthetische koudemiddelen miljoenen tonnen milieu-onvriendelijk C02 (broeikasgassen) uitgestoten. Daarom is het gebruik van alternatieve koelmiddelen voor ons het voornaamste doel. Doordat er bij deze luchtontvochtiger gebruik wordt gemaakt van propaan (R290) als koudemiddel wordt er een waardevolle bijdrage geleverd aan de bescherming van het milieu.Het natuurlijke koudemiddel propaan (R290) is een organische verbinding en behoort tot de koolwaterstoffen. In tegenstelling tot synthetische koudemiddelen zorgt het milieuvriendelijke propaan (R290) noch voor aantasting van de ozonlaag (ODP = 0) noch voor een toename van het broeikas-effect (GWP = 3).Nog een extra voordeel voor het milieu: dankzij de voortreffelijke thermodynamische eigenschappen is propaan (R290) een zeer energie-efficiënt koudemiddel waardoor aanzienlijk wordt bespaard op de kosten voor elektriciteit. Voordelen in de praktijk:* Hygrostaatgeregelde ontvochtigingsautomaat met streefwaardevoorkeuze tussen 30 en 90 % r.v. in stappen van 5 %* Zodra de gewenste luchtvochtigheid is bereikt, schakelt de compressor vanzelf weer uit. De ventilator draait door. De weergave blijft aan. Bij overschrijding wordt het apparaat automatisch weer geactiveerd.* Waarschuwingslampje bij vol waterreservoir* Overloopbeveiliging met automatische uitschakeling* Circulatie-ontdooiautomaat* Aansluiting voor externe condensafvoer* Goed afleesbaar display met verlichting* Weergave van de relatieve luchtvochtigheid* Wasdroogfunctie* Timerfunctie* 2 ventilatiestanden* Swingfunctie voor gelijkmatige verspreiding van de lucht* Snoeropwikkeling Let op: specificaties kunnen zonder opgave van redenen in het belang van een lopende productverbetering door de fabrikant worden gewijzigd. Aan de afbeeldingen van producten en eventueel getoonde specificaties of keurmerken kunnen geen rechten worden ontleend
"
451,Master Luchtontvochtiger DH721 - 21L/24u - 490W - 65m³,Nieuw artikel,Master,,,,"792,57",,https://www.bol.com/nl/nl/p/master-luchtontvochtiger-dh721-21l-24u-490w-65m/9200000019484697/,6,"
    De MASTER DH 721 luchtontvochtiger verwijdert effectief overtollig vocht uit gebouwen en versnelt het drogen ervan. In de HORECA-industrie wordt het o.a. gebruikt in kelders, magazijnen, bijkeukens, wasserijen, droogkamers, vestiaires, enz. De capaciteit van 21 l / 24 h zorgt voor een effectieve droging van ruimtes met een capaciteit tot 156 m3. Duurzame behuizing die bestand is tegen beschadiging, wielen zorgen voor een hoog gebruikscomfort. Het apparaat heeft een ingebouwde condensaatcontainer met automatische controle van de vulling. Het is ook mogelijk om een ??condensafvoerleiding aan te sluiten, waardoor de luchtontvochtiger vele uren onafgebroken kan werken. De DH 721 heeft een gemakkelijk af te lezen bedieningspaneel en een ingebouwde hygrostaat.     Product voordelen    Hoge capaciteit Duurzame ombouw Gemakkelijk te gebruiken Ingebouwde hygrostaat Mogelijkheid om constant te werken (24 u/dag) Waterreservoir met de functie van automatische uitschakeling van het apparaat bij volle waterreservoir Mogelijkheid om de afvoerslang voor condenswater aan te sluiten (24 u/dag) Luchtfilter Witte kleur    Technische specificaties    Netto gewicht (kg) 21 Aansluitspanning 220 V Diepte 335 mm Hoogte 580 mm Indicatie vol Ja Max. ontvochtigingscapaciteit per 24 uur 20 l Opgenomen vermogen 490 W Geluidsniveau 42 dB(A) Soort Industrieel Volume watertank 4.7 l Breedte 305 mm Met luchtfilter Ja    Leveringsomvang   1x Master Luchtontvochtiger DH721 - 21L/24u - 490W - 65m³  
"
452,TROTEC Industriële luchtontvochtiger TTK 570 ECO professionele kwaliteit,,Trotec,,,,"1789,95",,https://www.bol.com/nl/nl/p/trotec-industriele-luchtontvochtiger-ttk-570-eco-professionele-kwaliteit/9200000105907758/,21,"
TROTEC Industriële luchtontvochtiger TTK 570 ECO  Onze prijs-kwaliteit kampioen voor bedrijfsmatige ontvochtiging en drooghoudwerkzaamheden.  Is uw motto bij het zoeken naar een geschikte luchtontvochtiger ""voor een dubbeltje op de eerste rang"", dan is de TTK 570 ECO het ideale apparaat. Deze bouwdroger biedt professionele kwaliteit in een zuinige uitvoering en heeft een ontvochtigingscapaciteit van 110 liter water per dag!  De robuust afgewerkte TTK 570 ECO heeft een solide stalen constructie en is verrijdbaar, zodat hij ook op ruwe bouwplaatsen goed hanteerbaar is. De ergonomische beugelgreep, grote rubberen wielen en de opstelvoeten met rubberdempers aan de voorzijde zorgen ervoor dat het apparaat eenvoudig hanteerbaar is bij transport en stabiel geplaatst kan worden bij ingebruikname.  Praktisch detail bij transport: handig weggewerkte stroomkabel dankzij de geïntegreerde netsnoerhouder met stekkerfixering.  Binnenin de robuuste verrijdbare stalen constructie zorgt een krachtige rolzuigercompressor voor een hoog ontvochtigingsvermogen en mede dankzij de professionele heetgas-ontdooiautomaat overtuigt de TTK 570 ECO zelfs bij lage temperaturen door een hoge ontvochtigingscapaciteit.  De TTK 570 ECO is af fabriek uitgerust met een bedrijfsurenteller voor gebruiksregistratie en met een aansluiting voor een externe hygrostaat voor hygrostaatgeregeld gebruik.  Dit in combinatie met een externe condensafvoeraansluiting maken van de TTK 570 ECO de ideale ontvochtiger voor langdurige droogwerkzaamheden voor continu-gebruik zonder toezicht.   Voordelen in de praktijk:  * Bijzonder economische oplossing voor typische bedrijfsmatige ontvochtigingswerkzaamheden * Hoog ontvochtigingsvermogen ook bij lagere temperaturen * Robuuste verrijdbare stalen constructie * Dankzij rolzuigercompressor in elke stand te transporteren en op te slaan * Heetgas-ontdooiautomaat * Aansluitmogelijkheid voor externe hygrostaat
  "
453,"Supra DU 162 ECO, 353 mm, 225 mm, 496 mm, 12 kg",,Supra,,,,"225,87",,https://www.bol.com/nl/nl/p/supra-du-162-eco-353-mm-225-mm-496-mm-12-kg/9300000110627915/,0,"
    Supra DU 162 ECO. Breedte: 353 mm, Diepte: 225 mm, Hoogte: 496 mm
  "
454,Argoclima Dry Pury 11- Luchtontvochtiger - 40 m2 - 36 dB - Wit,,Argoclima,,,,"253,74",,https://www.bol.com/nl/nl/p/argoclima-dry-pury-luchtontvochtiger-40-m2-36-db-wit/9300000077445333/,7,"
Luchtontvochtiger met dubbele functie: ontvochtigen en reinigen!
De Argoclima Dry Pury 11 luchtontvochtiger ontvochtigt en zuivert de lucht in de omgeving met speciale filters, zilverionen en een antibacterieel filter.
Uniek door zijn gestileerde vormgeving. De keuze voor hoogwaardige materialen en de totale witte kleur geven de ontvochtiger een verfijnde en aangename uitstraling.
De Argoclima Dry Pury 11 luchtontvochtiger behoort tot de nieuwste modellen luchtontvochtigers van Argoclima. De stille ontvochtiger heeft een capaciteit van 11 liter per dag.

Tot 40 m², Max. 11 ltr/dag
Luchtontvochtiger met dubbele functie: ontvochtigen en reinigen
Extra filters voor luchtzuivering: catechine + zilverionen + antibacterieel
Zeer stille ontvochtiger met puur mat witte kleur
Gestileerde vormgeving, hoogwaardige materialen

"
455,TROTEC Adsorptieluchtontvochtiger TTR 300,,Trotec,,,,"2049,95",,https://www.bol.com/nl/nl/p/trotec-adsorptieluchtontvochtiger-ttr-300/9300000074780380/,8,"
Dankzij de traploos instelbare luchtregeling kan de capaciteit worden aangepast op kleinere ruimten, waardoor de geluidssterkte en het stroomverbruik dienovereenkomstig afnemen.Een seriematige 4-polige aansluitcontactdoos voor externe schakelingen maakt flexibel schakelen op afstand van de TTR 300 mogelijk via een optionele hygrostaat, tijdklok of andere externe schakelapparatuur met een geschikte aansluitstekkerHet filter is niet vastgeschroefd zodat het gemakkelijk kan worden losgemaakt.
 
* Luchthoeveelheid traploos instelbaar* Snelle en eenvoudige filtervervanging* Extreem onderhouds- en service-vriendelijke constructie* Geschikt voor het installeren in tussenplafonds* Plaatstalen behuizing, verzinkt en poedergecoat* Ruimtebesparend stapelbaar* Licht en handzaam* Hoogwaardige premium-componenten* Voor de praktijk geoptimaliseerd Duits industrieel ontwerp – wettelijk beschermd* Professionele kwaliteit ""Made in Germany""* Hygrostaat-aansluiting* Lange levensduur, robuust en betrouwbaar
"
456,Argoclima Dry Nature 17 - Luchtontvochtiger - 65 m2 - 47 dB - Wit,,Argoclima,,,,"249,-",,https://www.bol.com/nl/nl/p/argoclima-dry-nature-17-luchtontvochtiger-65-m2-47-db-wit/9300000011593760/,6,"
Luchtontvochtiger Argoclima Dry Nature 17 is een gebruiksvriendelijke, eenvoudige en slanke ontvochtiger. De verplaatsbare luchtdroger is voor vele toepassingen te gebruiken in ruimtes tot 65 m², hij zorgt al voor luchtontvochtiging bij een ruimtetemperatuur vanaf 5°C. Een compacte luchtdroger, dus makkelijk verplaatsbaar en overal inzetbaar.
De ontvochtiger verwijdert tot 17 liter water per dag en is geschikt voor ontvochtiging in veel soorten ruimtes zoals een woonkamer, slaapkamer, kantoor, hobbyruimte of vakantiewoning.

Tot 65 m², Max. 17 ltr/dag
Aansluiting voor continue condensafvoer
Slanke en compacte luchtontvochtiger
Stijlvol lucht ontvochtigen!
Makkelijk verplaatsbaar

"
457,TROTEC Luchtontvochtiger TTK 650 S,,Trotec,,,,"1939,95",,https://www.bol.com/nl/nl/p/trotec-luchtontvochtiger-ttk-650-s/9300000073893651/,5,"
Effectieve ontvochtigingsresultaten, zelfs bij lage temperaturen, waarborgt de professionele heetgas-ontdooi-automaat van de TTK 650 S. Door zijn uiterst hoge ontvochtigingscapaciteit heeft deze industriële ontvochtiger in plaats van een waterreservoir een directe aansluiting voor condensafvoer.Vaak wisselende bouwplaatsen zijn voor de TTK 650 S geen probleem want dankzij de stabiele verrijdbare constructie met beugelgreep en grote wielen voor maximale mobiliteit kan deze ontvochtiger snel en comfortabel van de ene naar de andere gebruikslocatie worden getransporteerd.De bedrijfsschakelaar van de TTK 650 S is voorzien van een beschermkap waardoor hij is beschermd tegen stof en spatwater, de hygrostaat wordt ingesteld met behulp van een stelschroef, die verzonken is ingebouwd ter beveiliging tegen onbedoeld wijzigen van de instelling.* 100 % Trotec - ontwikkeling, design, productie* Geproduceerd in Europa, exclusief bij Trotec verkrijgbaar* Hoge ontvochtigingscapaciteit ook bij lage temperaturen* Robuuste metalen behuizing voorzien van kunststof coating* Stabiele verrijdbare constructie* Dankzij rolzuigercompressor in elke positie te transporteren en op te slaan* Hygrostaatgeregelde automatische ontvochtiging* Kwaliteits-heetgasontdooiing* MID-conforme dubbele teller voor bedrijfsuren en kilowatturen (optioneel) Let op: de specificaties kunnen zonder opgave van redenen in het belang van een lopende productverbetering door de fabrikant worden gewijzigd. Aan de afbeeldingen van producten en eventueel getoonde specificaties of keurmerken kunnen geen rechten worden ontleend
"
458,Argoclima Dry Pury 17 - Luchtontvochtiger - 70 m2 - 41 dB - Wit,,Argoclima,,,,"323,81",,https://www.bol.com/nl/nl/p/argoclima-dry-pury-17-luchtontvochtiger-70-m2-41-db-wit/9300000077445336/,8,"
Luchtontvochtiger met dubbele functie: ontvochtigen en reinigen!
De Argoclima Dry Pury 17 luchtontvochtiger ontvochtigt en zuivert de lucht in de omgeving met speciale filters, zilverionen en een antibacterieel filter.
Uniek door zijn gestileerde vormgeving. De keuze voor hoogwaardige materialen en de totale witte kleur geven de ontvochtiger een verfijnde en aangename uitstraling.
De Argoclima Dry Pury 17 luchtontvochtiger behoort tot de nieuwste modellen luchtontvochtigers van Argoclima. De stille ontvochtiger heeft een capaciteit van 17 liter per dag.

Tot 70 m², Max. 17 ltr/dag
Luchtontvochtiger met dubbele functie: ontvochtigen en reinigen
Extra filters voor luchtzuivering: catechine + zilverionen + antibacterieel
Zeer stille ontvochtiger met puur mat witte kleur
Gestileerde vormgeving, hoogwaardige materialen

"
459,Stylies Regulus luchtontvochtiger - 12 liter per dag,,Stylies,,,,"267,52",Op voorraad,https://www.bol.com/nl/nl/p/stylies-regulus-luchtontvochtiger-12-liter-per-dag/9300000164815765/,4,"
Compacte, performante ontvochtiger met compressor met een capaciteit van 12 liter per dag. Eenvoudig verplaatsbaar dankzij praktische wieltjes en continue waterafvoer is mogelijk. Debiet L/24u 12 Liter Elektrisch Ja Geluidsniveau (Maximum) 45 dB(A) Inhoud waterreservoir 2,5 Liter Maximaal oppervlak 20 m² Bediening Aantal standen 2 Connectiviteit Wi-Fi Nee Functies Soort luchtontvochtiger Kompressor Fysieke kenmerken Breedte 29 cm Diepte 24 cm Hoogte 46 cm Kleur Wit Gebruiksgemak Continu afvoer mogelijk Ja Timerfunctie Ja Transportwieltjes Ja Oplossing Vocht Ja Stroom Vermogen 250 W Waterreservoir Melding vol waterreservoir Ja
  "
460,TROTEC Adsorptieluchtontvochtiger TTR 200,,Trotec,,,,"1809,95",,https://www.bol.com/nl/nl/p/trotec-adsorptieluchtontvochtiger-ttr-200/9300000074053635/,5,"
Een seriematige 4-polige aansluitcontactdoos voor externe schakelingen maakt flexibel schakelen van de TTR 200 mogelijk via een optionele hygrostaat. De traploos regelbare luchthoeveelheidsregeling maakt het mogelijk om bij kleinere ruimten, waar slechts geringe luchthoeveelheden nodig zijn, de geluidssterkte en het stroomverbruik eenvoudig terug te regelen.* Luchthoeveelheid traploos instelbaar* Snelle en eenvoudige filtervervanging* Extreem onderhouds- en service-vriendelijke constructie* Geschikt voor het installeren in tussenplafonds* Plaatstalen behuizing, verzinkt en poedergecoat* Ruimtebesparend stapelbaar* Licht en handzaam* Hoogwaardige premium-componenten* Voor de praktijk geoptimaliseerd Duits industrieel ontwerp – wettelijk beschermd* Professionele kwaliteit ""Made in Germany""* Hygrostaat-aansluiting* Lange levensduur, robuust en betrouwbaar
Let op: specificaties kunnen zonder opgave van redenen in het belang van een lopende productverbetering door de fabrikant worden gewijzigd.
Aan de afbeeldingen van producten en eventueel getoonde specificaties of keurmerken kunnen geen rechten worden ontleend
 
"
461,VANTUBO DRY NATURE17 Luchtontvochtiger Hoge performantie Mechanische luchtuitlaatkleppen,,VANTUBO,,,,"269,-",,https://www.bol.com/nl/nl/p/vantubo-dry-nature17-luchtontvochtiger-hoge-performantie-mechanische-luchtuitlaatkleppen/9300000023096291/,4,"
    Elegante luchtontvochtiger. Hoge performantie. Ontvochtigt effectief de lucht in uw huis. Modern ontwerp. SOFT-TOUCH-paneel. Mechanische luchtuitlaatkleppen met verstelbare richting. Geïntegreerde handgrepen en multidirectionele wielen. Het werkt ook bij lage temperaturen.
Het droogt de lucht.
Compacte vorm. Mat witte kleur.
Gemakkelijk te reinigen inlaatluchtfilter.
Nauwkeurige hygrometer. Led scherm.
De luchtvochtigheid is instelbaar van 40 tot 80%.
Mogelijkheid om een ​​van de twee ventilatorsnelheden te kiezen.
1-24 uur timer.
Het werkt in het temperatuurbereik: van 5 tot 35 graden C.
Mogelijkheid om een ​​permanente condensafvoer aan te sluiten.

Aanbevolen oppervlakte: _tot*_20 m2_
Tankinhoud: 3,8 liter
Ontvochtigingscapaciteit: 17 liter / 24u

Luchtstroom: 250 m3 /h

Stroomverbruik: 260 W
Geluidsdruk min / med / max: tot 47 db (A)
Afmetingen H / B / D /: 560/342/234 mm
Netto gewicht: 13 kg

Koelmiddel: R290
"
462,TROTEC Industriële compact-luchtontvochtiger TTK Qube,,Trotec,,,,"1269,95",,https://www.bol.com/nl/nl/p/trotec-industriele-compact-luchtontvochtiger-ttk-qube/9300000073894170/,25,"
    De hoogwaardige automatische heetgas-ontdooiing van de TTK Qube garandeert in vergelijking met andere dooi-systemen een veel efficiënter ontvochtigingsvermogen zonder dooipauzes op gezette tijden waarin het ontvochtigingsproces wordt onderbroken! Het condenswater kan via een externe afvoer ook over meer verdiepingen worden afgevoerd, omdat de seriematige condenspomp is ontworpen voor een opvoerhoogte van maximaal 10 meter.Ten opzichte van goedkopere rolcompressors biedt de hoogwaardige roterende compressor van de TTK Qube het voordeel van een hoger vermogen bij een in vergelijking lager energieverbruik – daarbij houdt hij nog reserves over voor een hoog ontvochtigingsvermogen in niet verwarmde ruimten. Bovendien is hij voorzien van een comfortfunctie voor extra stille ontvochtiging - ideaal voor waterschadeherstel in woonomgevingen.* Hoog ontvochtigingsvermogen ook bij lage temperaturen* Professionele condensdroger met krachtige roterende compressor* Professionele kwaliteit - made in EU* Comfortfunctie voor een geluidsarm ontvochtigingsproces* Elektronische componenten maximaal beschermd tegen stof en vocht* Automatische uitschakeling van de compressor bij oververhitting* Supercompacte constructie, lichtgewicht, eenvoudig stapelbaar* Geïntegreerde condenspomp met een opvoervermogen van max. 10 m* Extreem onderhoudsvriendelijke constructie* MID-conforme dubbele teller voor bedrijfsuren en kilowatt-uren* Ontwikkeling, design, productie: 100 % Trotec
"
463,TROTEC Industriële ontvochtiger DH 105 S,,Trotec,,,,"4629,95",,https://www.bol.com/nl/nl/p/trotec-industriele-ontvochtiger-dh-105-s/9300000075046362/,5,"
    Een te hoge luchtvochtigheid in productiehallen en bij industriële processen kan tot talrijke problemen zoals corrosie en condensvorming leiden. Met een ontvochtigingscapaciteit van 175 liter per dag beschermt de DH 105 S effectief tegen vochtschade.Bovendien beschikt deze krachtige industriële ontvochtiger, in tegenstelling tot vergelijkbare in de handel verkrijgbare apparaten, over een ingebouwde condenspomp.* Ingebouwde condenspomp* Extreem onderhouds- en service-vriendelijke constructie en aansprekend design* Stille en effectieve ontvochtiging* Optimale gewicht-prestatieverhouding* Voorkomen van schimmel en corrosieschade* Lagere verwarmingskosten door geoptimaliseerde luchtvochtigheid* Bescherming tegen vochtschade van inventaris en productie-installaties* Verhinderen van condensvorming* Bescherming tegen vochtschade bij bouwmaterialen* Vermindering van storende geuren* Bescherming tegen verhoogde kiemvorming in levensmiddelen* Verbetering van de luchtkwaliteit - bescherming van de gezondheid* Verbeteren van de uitvalzekerheid van elektronische apparaten* Luchtdroging voor procesoptimalisering in de industrie* Bescherming en behoud van waardevolle goederen
  "
464,auto lucht ontvochtiger - Auto ontvochtiger - Herbruikbaar - 400 gram - Anti condens - Vochtverdrijver - Vochtvreter - Auto-ontvochtiger,,Cantaro,,"3,3",7,"18,95",,https://www.bol.com/nl/nl/p/auto-lucht-ontvochtiger-auto-ontvochtiger-herbruikbaar-400-gram-anti-condens-vochtverdrijver-vochtvreter-auto-ontvochtiger/9300000134187421/,2,"
Elke autorijders kent het: Vooral in het koude seizoen beslaan de ruiten aan de binnenkant waardoor er niet doorheen kan worden gekeken. In de winter kan het ook gebeuren, dat de ruiten zelfs aan de binnenkant bevriezen. De herbruikbare auto vochtvreter is de redder in nood: Het met silicagel gevulde kussen wordt tijdens het parkeren gewoon bij de voorruit geplaatst en trekt de vochtigheid automatisch uit de lucht.
Doordat het ongewenst vocht uit de lucht word getrokken, bestrijd het ook muffe geurtjes! Wanneer het blauwe vlakje op het kussentje van kleur veranderd, betekend dit dat het geen vocht meer op kan nemen. U kunt het kussen dan op 600 watt maximaal 6 minuten in de magnetron doen, en dan is hij weer volledig bruikbaar!Vochtvreter auto in detail

Afmeting H x B x D: ca. 3,5 x 18 x 10,5 cm
Gewicht: ca. 300 g
Materiaal: Vlies, silicagel
Kleur: Zwart, blauw
Set van 2 stuksExtra informatie
Voor auto, vrachtwagen, camper, kast, tent etc. 
Tegen beslagen ruiten, schimmel en vlekken
Indicatievlakje wordt wit, wanneer het kussen gedroogd moet worden
Kan om te drogen voor 6 minuten bij 600 Watt in de magnetron geplaatst worden
Vrij van gevaarlijke gifstoffen en dimethylformamide
Zacht materiaal, geen krassen in het interieur.
met de kleine omvang past het kussen in vele hoeken en gaten

Leveromvang- 2 x auto vochtvreter
Specificatie:
vulling: silicagel.

gewicht: 400 gram.
set: 2 stuks.
Herbruikbaar product.

Let op: Uit de buurt van kleine kinderen houden.
"
465,Equivera Luchtontvochtiger - Luchtontvochtiger Slaapkamer - Luchtontvochtigers - Dehumidifier - Luchtontvochtiger Badkamer - Luchtontvochtiger Woonkamer - Luchtontvochtiger Huis,,Merkloos,,,,"433,95",,https://www.bol.com/nl/nl/p/equivera-luchtontvochtiger-luchtontvochtiger-slaapkamer-luchtontvochtigers-dehumidifier-luchtontvochtiger-badkamer-luchtontvochtiger-woonkamer-luchtontvochtiger-huis/9300000165855494/,8,"
Heeft u last van overtollig vocht, schimmelgroei of slechte geuren in uw huis, vooral tijdens de koude maanden? De Pro Breeze Sorptie-ontvochtiger biedt een robuuste oplossing voor uw vochtproblemen, zelfs in koelere omgevingen. Met een vermogen om tot 10 liter vocht per dag te absorberen, is dit apparaat perfect voor grote ruimtes zoals huizen, badkamers, garages en kelders.  Efficiënte vochtabsorptie (tot 10 liter/dag) Werkt bij lage temperaturen (tot 1°C) Grote waterreservoir van 3 liter Automatische uitschakelfunctie Instelbare vochtigheidsgraad Digitaal bedieningspaneel met LED-indicatoren Doorlopende afvoer voor langdurig gebruik   Werkt optimaal bij specifieke temperatuurranges  Krachtig en Betrouwbaar Waar traditionele compressorontvochtigers tekortschieten bij koelere temperaturen, blijft de Pro Breeze Sorptie-ontvochtiger moeiteloos water verzamelen bij temperaturen tot wel 1°C. Dit maakt het een uitstekende keuze voor gebruik in koudere omstandigheden of tijdens de wintermaanden. Automatisch en Handig Vergeet het handmatig legen van de tank; de Pro Breeze ontvochtiger schakelt automatisch uit wanneer de 3L tank vol is en wordt geleverd met een doorlopende afvoerslang voor ononderbroken gebruik. U kunt de gewenste vochtigheidsgraad instellen met de geïntegreerde hygrostaat, waarna het apparaat zichzelf uitschakelt om energie te besparen. Gebruiksvriendelijk Design Een digitaal bedieningspaneel voorzien van LED-lampjes maakt het eenvoudig om het vochtigheidsniveau te bewaken en de krachtige luchtontvochtiger naar wens te bedienen. De zwenkbare luchtuitlaat zorgt ervoor dat u de luchtstroom precies daar kunt richten waar het nodig is. Kies voor de Pro Breeze Sorptie-ontvochtiger voor een drogere, comfortabelere omgeving in elke ruimte, ongeacht de temperatuur. Productspecificaties: Merk: Pro Breeze Capaciteit: 10 liter/dag Watertank: 3 liter Minimale Werktemperatuur: 1°C Vochtigheidsregeling: Ingebouwd Bedieningspaneel: Digitaal met LED-indicatoren Afvoer: Doorlopende afvoerslang inbegrepen Geluidsniveau: Niet gespecificeerd Inhoud bestelling: 1x Pro Breeze Sorptie-ontvochtiger 1x Doorlopende afvoerslang 1x Gebruikershandleiding Upgrade uw leefomgeving met de Pro Breeze Sorptie-ontvochtiger, uw betrouwbare partner tegen vocht, ook in de kou!
"
466,Eeese Hugo 25L Luchtontvochtiger,,Eeese,,,,"389,-",,https://www.bol.com/nl/nl/p/eeese-hugo-25l-luchtontvochtiger/9300000140487792/,7,"
De Eeese Hugo 25L luchtontvochtiger onderscheidt zich van andere luchtontvochtigers van hetzelfde formaat door zijn extreem lage geluidsniveau van slechts 44 dB(A). Deze Eeese Hugo 25L luchtontvochtiger is uitstekend geschikt voor alle vertrekken in huis tot 120 m². De Hugo is ook geschikt voor gebruik in badkamers, omdat hij IPX4- geclassificeerd is voor gebruik in natte ruimtes. Bovendien heeft hij een heel laag stroomverbruik van slechts 290 Watt. IPX4 LUCHTONTVOCHTIGER Zeer laag stroomverbruik Met de praktische timerfunctie kunt u zelf bepalen wanneer de ontvochtiger actief moet zijn. De ontvochtiger heeft een laag stroomverbruik van 290 Watt. Dit is zeer laag voor een ontvochtiger met een capaciteit van 25 liter per dag. De Hugo kan rechtstreeks worden aangesloten op een afvoer met een afvoerslang. Dit is handig omdat men op deze manier de badkamer of bijkeuken kunt ontvochtigen zonder dat u zich zorgen hoeft te maken dat de tank vol raakt. Als men ervoor kiest om geen afvoerslang te gebruiken, schakelt de luchtontvochtiger gewoon automatisch uit als de tank vol is. WiFi Bedien de luchtontvochtiger via de telefoon. Deze luchtontvochtiger is voorzien van WiFi, wat het mogelijk maakt om het apparaat via een mobiele telefoon te bedienen. Hij is intelligent, flexibel en innovatief. Deze luchtontvochtiger is compatibel met Google Assistant. Eenvoudige vochtigheidsinstelling De Eeese Hugo 25L luchtontvochtiger heeft een eenvoudige en logische luchtvochtigheidsinstelling, waardoor men eenvoudig de gewenste luchtvochtigheid in het vertrek instelt. Deze instellingen worden automatisch opgeslagen, zelfs als de luchtontvochtiger wordt uitgeschakeld. Hierdoor hoeft men de luchtontvochtiger bij een volgend gebruik niet opnieuw in te stellen. De luchtontvochtiger kan worden gebruikt in de slaapkamer terwijl men slaapt. Gebruikt u een Hugo 25L luchtontvochtiger in de slaapkamer, dan is het geen probleem om de luchtdroger 's nachts te laten draaien. De luchtontvochtiger heeft een slimme slaapstand, die eenvoudig kan worden geactiveerd. Als deze functie wordt gebruikt, werkt de luchtontvochtiger op een lage ventilatorsnelheid en een geluidsniveau van slechts 42 dB(A). Het stijlvolle design van de luchtontvochtiger Hugo past in elk huis. Door de praktische handgrepen verplaats men de luchtontvochtiger gemakkelijk van kamer naar kamer. Zo heeft u er maximaal profijt van. Hugo – een kwaliteitsproduct van Eeese De Eeese Hugo 25L maakt deel uit van de populaire serie van Eeese. Alle apparaten in deze serie zijn gemaakt met als doel de perfecte synergie te creëren tussen gedegen kennis van het Europese klimaat en milieu, een stijlvol en gestroomlijnd Scandinavisch design en de nieuwste technologie. Hugo’s speciale talenten  Extreem stil – slechts 44 dB(A) WiFi - compatibel met Google Assistent Zeer laag stroomverbruik – slechts 290 Watt Stijlvol en compact design IPX4-geclassificeerd – geschikt voor gebruik in badkamers Wasbaar luchtfilter Handige handgrepen – eenvoudig te verplaatsen Kinderbeveiliging Automatische uitschakeling bij een volle watertank Automatische timer 
"
467,Fral FlipperDry 400Z Luchtontvochtigers,,Fral,,,,"469,-",,https://www.bol.com/nl/nl/p/fral-flipperdry-400z-luchtontvochtigers/9200000104409171/,0,"
    maximaal 300 m3 / 24 liter per dagDe Fral Flipper Dry is 400 een ontvochtiger met een bewezen staat van dienst. Deze ontvochtiger biedt een totale controle over de luchtvochtigheid en zorgt daardoor voor verbetering van de luchtkwaliteit (minder schimmels en lagere luchtvochtigheid) en heeft een fluisterstille werking.De Flipper Dry 400 luchtontvochtiger heeft een mooi Italiaans design dat past binnen elk interieur en heeft een degelijke metalen omkasting. Ideale ontvochtiger voor slaapkamer, woonkamer, kantoor, kelder en garage in huis.De kleine zwenkwielen maken de Flipper Dry 400 eenvoudig verplaatsbaar. Deze ontvochtiger heeft een maximale ontvochtigingscapaciteit van 24 liter per dag, gemeten bij 32 °C en 90 % relatieve vochtigheid. De ontvochtiger is erg stil en verbruikt slechts 330 Watt bij een temperatuur van 20°C en een relatieve vochtigheid van 60%.Op het controlepaneel is eenvoudig de gewenste vochtigheid in te stellen. Het systeem is daarvoor uitgevoerd met een analoog instelbare hygrostaat en heeft een elektronisch geregelde ontdooifunctie.
  "
468,Lucht ontvochtiger,,Merkloos,,,,"99,99",,https://www.bol.com/nl/nl/p/lucht-ontvochtiger/9300000165431585/,8,"
 DeLuchtbevochtiger met Aromatherapie is de perfecte metgezel voor een gezondere en aangenamere leefomgeving. Met een grote capaciteit van 5 liter, stille werking en handige functies, helpt deze luchtbevochtiger symptomen zoals een verstopte neus, droge huid en hoesten te verlichten. Geniet van een kalmerende geurervaring met de etherische oliën van je keuze via het ingebouwde aromatherapiepatroon aan de onderkant. Kenmerken:  Grote Capaciteit: Deze luchtbevochtiger heeft een indrukwekkende capaciteit van 5 liter, waardoor hij tot 35 uur bevochtiging ondersteunt voordat bijvulling nodig is. Aromatherapie-ondersteuning: Voeg je favoriete etherische oliën toe voor een aangename geurervaring via het etherische oliepatroon. Stille Werking: Met geluidsniveaus zo laag als 28 dB blijft je omgeving rustig en ongestoord. 360° Draaibare Sproeier: De draaibare sproeier zorgt voor gelijkmatige bevochtiging in alle richtingen. Automatische Uitschakelbescherming: Het apparaat schakelt automatisch uit wanneer het water bijna op is, met een indicator voor watertekort die rood oplicht. Eenvoudig Vullen en Reinigen: De 14,7 cm opening maakt bijvullen en reinigen eenvoudig.  Specificaties:  Kleur: Groen Filtertype: Koolstof Capaciteit: 5 Liter Bedieningsmodus: Verdamping Productafmetingen: 24.5 x 20,3 x 24,7 CM Looptijd: 35 uur Gewicht van item: 1,71 Kilogram  Inhoud van de doos:  Luchtbevochtiger met Aromatherapie - Groen Handleiding  De Luchtbevochtiger met Aromatherapie in het frisse groen is niet alleen functioneel, maar voegt ook een vleugje stijl toe aan je interieur. Bestel nu en geniet van een gezondere en meer ontspannen leefomgeving.
"
469,Luchtontvochtiger slaapkamer - Luchtontvochtiger en luchtreiniger - Vochtvreter elektrisch - 24L,,Merkloos,,,,"715,95",,https://www.bol.com/nl/nl/p/luchtontvochtiger-slaapkamer-luchtontvochtiger-en-luchtreiniger-vochtvreter-elektrisch-24l/9300000166873135/,6,"
  Deze elegante ontvochtiger, bewaard in een nadrukkelijk eenvoudig wit, is elke aanbeveling waard, bijvoorbeeld met betrekking tot de ontvochtigingsprestaties. De verwijdert tot 24 liter vocht per dag uit de omgevingslucht en is geschikt voor ruimtes tot 50 m2   De biedt vier bedrijfsmodi en zorgt zo voor een drogere ruimtelucht die aangenamer is voor het lichaam. Aan de ene kant is er de hygrostaatgestuurde automatische ontvochtiging met een doelvoorkeuze tussen 35 en 85% relatieve luchtvochtigheid in comfortabele stappen van 5% inclusief een schakelbare turboblower en aan de andere kant de speciale comfortfunctie. Daarnaast zijn een wasmachine-droogfunctie en de permanente functie beschikbaar als extra bedrijfsmodi.   Met de praktische 24-uurs timerfunctie kunt u van tevoren instellen wanneer het apparaat zichzelf in-of uitschakelt. Zo wordt het functiebereik afgerond door het waarschuwingslampje wanneer de watertank vol is en de overvulbeveiliging met automatische uitschakeling. Een discreet kijkvenster aan de voorzijde is een ander speciaal kenmerk van de ontvochtiger en maakt het ook mogelijk om het watertankniveau visueel te controleren.   Het wasbare luchtfilter en een afvoeraansluiting, die continu onbeheerd gebruik mogelijk maken, ronden de handige uitrusting af en maken het apparaat uiterst gebruiksvriendelijk. En met deze ontvochtiger wordt een verandering van kamer een puur genot-dankzij de praktische kabelhouder, geïntegreerde handgrepen en stuurbare wielen   De uitneembare watertank heeft een inhoud van 3 liter en een vulniveau venster. Het apparaat stopt automatisch wanneer de tank vol is en signaleert het via LED. Het gemakkelijk verwijderbare luchtfilter houdt pluisjes en haar van huisdieren vast en kan snel en gemakkelijk worden afgeveegd of gewassen   Automatische uitschakeling betekent dat de compressor uitschakelt wanneer deze de gewenste luchtvochtigheid bereikt, maar de ventilator blijft werken. Aan de andere kant heeft de apparatuur drie verschillende modi en afgezien daarvan heeft de ventilator twee snelheden -  
"
470,Luchtontvochtiger slaapkamer - Luchtontvochtiger en luchtreiniger - Vochtvreter elektrisch - 2.5L,,Merkloos,,,,"265,95",,https://www.bol.com/nl/nl/p/luchtontvochtiger-slaapkamer-luchtontvochtiger-en-luchtreiniger-vochtvreter-elektrisch-2-5l/9300000166901248/,5,"
  Efficiënte Ontvochtiging: onze ontvochtiger maakt gebruik van halfgeleidercondensatietechnologie en is geschikt voor slaapkamers, keukens, badkamers, kasten, caravans en andere ruimtes. Het houdt de luchtvochtigheid onder de 45% en zorgt voor een effectieve Ontvochtiging.   7 kleuren LED-Licht: onze ontvochtiger is uitgerust met 7 kleuren LED-verlichting voor een ontspannen en romantische sfeer. De kleuren kunnen worden bevestigd om een aangename omgeving te creëren terwijl de luchtvochtigheid in huis wordt gecontroleerd.   Stille en snelle Ontvochtiging: onze ontvochtiger heeft een snelle modus (30-40 dB) en een stille modus (minder dan 30 dB). De snelle modus vermindert effectief de luchtvochtigheid, terwijl de stille modus u niet stoort tijdens het slapen of studeren.   Compact en draagbaar: onze ontvochtiger is compact en draagbaar, Ideaal voor verschillende ruimtes zoals keuken, badkamer, slaapkamer, kelder en garage. Het is gemakkelijk te vervoeren en te gebruiken op verschillende plaatsen.   Voorkomt schimmel en vochtigheid: als de luchtvochtigheid meer dan 50% is, kunnen onaangename geuren en schimmels ontstaan. Onze luchtontvochtiger verzamelt vocht en geeft frisse lucht af, zodat u kunt genieten van een gezonde en comfortabele omgeving.  
"
471,MSW Luchtontvochtiger - 138 l / 24 h - 70 - 100 m² - 857 m³/u - met handvat,,MSW,,,,"959,-",,https://www.bol.com/nl/nl/p/msw-luchtontvochtiger-138-l-24-h-70-100-m-857-m-u-met-handvat/9300000139643205/,10,"
Vochtige ruimtes zijn verleden tijd met de bouwdroger Of het nu gaat om nieuwbouw of bij renovatiewerkzaamheden: met de bouwdroger van MSW krijgt u droge wanden. Met de luchtontvochtiger voorkomt u schimmelvorming op vochtige muren, wat kostbare nabewerking met zich mee zou brengen. Daarnaast kun je dankzij droge wanden veel eerder beginnen met vervolgwerkzaamheden zoals stukadoorswerk of schilderwerk. Product hoogtepunten  tot 138 l / 24 h kamergrootte: 70 - 100 m² circulerende lucht: 857 m³/u vermogen: 1300 W LED-scherm   Bij continu gebruik verwijder je met de luchtontvochtiger tot wel 138 liter vocht per dag dat anders aan de muren zou blijven hangen. Het hoogste rendement bereik je bij een kamertemperatuur van 30 °C en een luchtvochtigheid van 80 %. Hiervoor circuleert het apparaat tot 857 m³/h lucht en koelt deze met behulp van de 1300 W krachtige compressor. Hiervoor gebruikt het apparaat de koelvloeistof R290, die uiterst milieuvriendelijk is. De gecondenseerde vloeistof loopt vervolgens via een slang weg. De kamerontvochtiger is perfect voor ruimtes van 70 - 100 m². Het droogapparaat is voorzien van een LED-display waarop u alle gewenste waarden kunt instellen en regelen. Gebruik een 24-uurs timer voor de werking. Daarnaast heeft de bouwdroger een automatische uitschakeling. Met de geïntegreerde ontdooifunctie kun je ontvochtigen tot 5 °C. Daarnaast start het apparaat automatisch als de luchtvochtigheid in de ruimte te hoog is. Een sensordisplay informeert u over fouten, zodat u adequaat kunt reageren. U kunt het ingebouwde luchtfilter eenvoudig verwijderen en wassen voor herhaald gebruik.
"
472,Fral FlipperDry 300W Luchtontvochtigers,,Fral,Fral Flipperdry,,,"399,-",,https://www.bol.com/nl/nl/p/fral-flipperdry-300w-luchtontvochtigers/9200000010135006/,0,"
    maximaal 250 m3 / 19 liter per dag   De Fral FlipperDry 300 Wit ontvochtiger is al geruime tijd leverbaar en heeft een zeer goede reputatie. Deze ontvochtiger is namelijk: functioneel, fluisterstil, duurzaam.     De Flipper Dry 300 heeft een mooi Italiaans design dat past binnen elk interieur en heeft een degelijke metalen omkasting. Ideale ontvochtiger voor slaapkamer, woonkamer, kantoor, kelder en garage in huis.     De kleine zwenkwielen maken de ontvochtiger Flipper Dry 300 makkelijk verplaatsbaar. De Fral Flipper Dry 300 is optioneel leverbaar met een verwarmingselement van 1.000 Watt (HEAT).     De voornaamste kenmerken zijn:    Automatische ontdooi-functie, Ingebouwde hygrostaat, Automatische stop bij 'reservoir vol', Laag energieverbruik, Fluisterstille werking, Wasbaar luchtfilter, 4 Zwenkwielen voor eenvoudige verplaatsing, Nauwelijks onderhoud, Eenvoudige bediening.  
"
473,Luchtreiniger Mini Air Purifier met Ionisator - Inclusief 2x HEPA-13 filter - Led lampje - Wit - RAVEG,,Raveg,,"4,2",79,"39,99",Op voorraad,https://www.bol.com/nl/nl/p/luchtreiniger-mini-air-purifier-met-ionisator-inclusief-2x-hepa-13-filter-led-lampje-wit-raveg/9300000072557954/,10,"
Heb je last van een slechte luchtkwaliteit in jouw persoonlijke omgeving? Zorg dan voor gezuiverde lucht van uitstekende kwaliteit met de luchtreiniger van Raveg!
 Als je hooikoorts of een katten allergie hebt, weet je hoe vervelend het is als je de dag door moet komen als er pollen of katten allergenen in de lucht zitten. Ook als je in een omgeving zit waar er gerookt wordt of waar vieze geurtjes hangen, kun je veel last hebben van de slechte of vieze luchtkwaliteit. Dit merk je vaak aan een verzwaarde ademhaling, concentratieverlies of vermoeidheid, en dat wil jij voorkomen! Op zulke momenten wil je de lucht in je persoonlijke nabije omgeving reinigen zodat je weer goed en zuiver kunt ademhalen en functioneren. Dat kan, met de Mini Air Purifier van Raveg! 
 Voordelen van de Raveg luchtreiniger 

24 uur per dag filtering voor de perfecte luchtkwaliteit in de ruimte
Gedimd sfeerlicht voor extra beleving en zodat je de Air Purifier ook als nachtlampje kunt gebruiken
360 graden reiniging zodat onzuivere lucht vanuit je gehele nabije omgeving wordt opgenomen, gefilterd en gezuiverd
Combinatie van Ionisatie en HEPA filter reiniging zodat meer dan 99,8% van de onzuivere lucht wordt gereinigd
Clean Air Delivery Rate van 144m3 zodat een ruimte van 144 kubieke meter in één uur kan worden gereinigd en de luchtreiniger daarmee ideaal is om in je nabije omgeving te plaatsen om de lucht te reinigen
Vervangbaar H12 HEPA / Geactiveerd koolstoffilter zodat je de Air Purifier langdurig en effectief kunt blijven gebruiken. Nu inclusief een set filters!
USB Kabel zodat je niet gebonden bent aan batterijen om de Air Purifier te gebruiken maar gemakkelijk het stopcontact kunt kiezen
Compact en handzaam zodat de Air Purifier makkelijk overal is mee te nemen en te plaatsen
Zeer stille werking zodat je nooit last hebt van vervelend gezoem van de luchtreiniger. Geluidsniveau is lager dan 32dB

 Wat is het verschil tussen de Raveg luchtreiniger en andere luchtreinigers? 
 De Raveg luchtreiniger is een luchtreiniger die 5 technologieën (Hepa-filter, actief koolfilter, voorfilter, Ultra Violet Straling en een ionisator) gebruikt om de lucht gezond te maken. De Raveg luchtreiniger verwijdert geuren, schimmels, virussen en bacteriën, 24/7 vanaf de bron en op een milieuvriendelijke manier. De Raveg luchtreiniger is revolutionair in zijn aanpak door als eerst gebruik te maken van een UV licht. 
 5 geavanceerde filtertechnologieën 
 De Hepa-filter, actief koolfilter, voorfilter, Ultra Violet straling en een ionisator werken naadloos samen om allergenen, bacteriën, virussen, mijten, schimmelsporen, huidschilfers en rook van 0,2 micron te verwijderen en luchtvervuiling tegen te gaan. Deze filtertechnologie zorgt voor de zuiverste lucht die jij nodig hebt om optimaal te presteren. Een geavanceerd luchtfiltratieproces met een Hepa-filter zorgt voor zuivere lucht dat de gezondheidoptimaliseert. De filter, in de vorm van een cilinder en daardoor een 360​​° luchtinlaat en luchtuitlaat heeft, zorgt ervoor dat in korte tijd meer lucht uit alle richtingen wordt gezuiverd. De Raveg luchtfilter zuivert tot 140 m³/u. De ionisator maakt het filtersysteem compleet. 
 
 Hoe werkt een ionisator? 
 Een ionisator (ozon vrij) verspreidt negatieve ionen in de ruimte. In het apparaat wordt een negatieve hoogspanning op een naald gezet. De ionisator brengt maar liefst 30.000 tot 60.000 ionen per seconde in de ruimte. De negatieve ionen hechten zich aan de positief geladen ionen (virussen, fijnstof, bacteriën en schimmels). Met kunstmatige ionisatie creëer je een herstel van de natuurlijke concentratie van negatieve ionen. Door het lage vermogen, is het proces volledig veilig. 
 
 Geluid en Licht 
 Het geluidsniveau bij een normaal werkende stand ligt op een niveau van 30 dB en op maximaal vermogen ligt het geluidsniveau op 32 dB, dit biedt een rustgevende en comfortabele slaapomgeving. Het warme paarse nachtlampje geeft een sfeervol en rustgevend licht. De paarse kleur stimuleert namelijk rust en slaap. De Raveg Air Purifier verbetert dus niet alleen de luchtkwaliteit, maar ook de rust en slaap! 
 
 USB-stroomvoorziening 
 De Raveg luchtreiniger wordt voorzien van stroom door middel van een usb aansluiting. Eenvoudig aan te sluiten op je stekkerblok, laptop of andere usb adapters. USB-kabel wordt meegeleverd. 
 24 uur per dag filteren 
 De Raveg luchtreiniger is eenvoudig in gebruik. Door onnodige knoppen in het vernieuwde design te hebben verwijderd, staat de luchtzuivering 24 uur per dag aan. Gedurende de dag komen er nieuwe verontreinigingen in de lucht. Zo komen er bijvoorbeeld pollen binnen als de voordeur opengaat en komt er stof vrij als je op de bank neerploft. Om de lucht optimaal te zuiveren is het belangrijk dat de zuiveraar continu aanstaat. 
 Zeer geschikt voor o.a. mensen met: 

Benauwdheid & kortademigheid
Vermoeidheid
Honden- en kattenallergie
Huisstofmijt & allergie
Pollenallergie
Overmatig gevoelig voor griep

 
 
 Geschikt voor ruimtes zoals: 

Huiskamer
Gang, hal
Kantoor
Werkkamer
Tandartspraktijken
Kapsalons
Pedicures
Studeerkamer
Babykamer/kinderkamer

"
474,Soler & Palau  Badkamer - Toilet - Ventilator | Silent 100 CRZ badkamerventilator timer 95 m3/h,Nieuw artikel,Soler & Palau,,"3,7",6,"117,95",Op voorraad,https://www.bol.com/nl/nl/p/soler-palau-badkamer-toilet-ventilator-silent-100-crz-badkamerventilator-timer-95-m3-h/9200000057303288/,8,"
Axiale muur- of plafondventilatoren, ontworpen om ventilatieproblemen in kleine vertrekken, toiletten of badkamers op te lossen. De motoren van de SILENT serie worden op silent-elastic-blocks gemonteerd die de trillingen absorberen. Op deze manier wordt het geluid van deze afzuiginstallatie aanzienlijk teruggebracht, tot fluisterstiul. Voorts zijn de motoren van de SILENT serie uitgerust met kogellagers voor een lange levensduur (langer dan 30.000 bedrijfsuren). Tevens zijn alle ventilatoren IP45 waterbestendig en voorzien van terugslagkleppen.
"
475,Mesa Living 4-in-1 Aircooler en Heater - Ventilator - Luchtontvochtiging,,MESA LIVING,,"5,0",1,"79,99",Op voorraad,https://www.bol.com/nl/nl/p/mesa-living-4-in-1-aircooler-en-heater-ventilator-luchtontvochtiging/9300000042095621/,5,"
Handige koeling, verwarming en ventilatie in één.De Mesa Living 4-in-1 Air Cooler/heater is de ideale combinatie van verwarmen en koelen. Afhankelijk  van wat je nodig hebt, geeft de cooler/heatercombinatie onmiddellijk een aangename warmte of koelte, wat  je maar wil. De combinatie kan overal worden gebruikt: in de slaapkamer, kinderkamer, garage, woonkamer of keuken. Met wielen om makkelijk te verplaatsen.VoordelenGrote voordelen zijn de 4 geintegreerde functies in één apparaat: verwarmen, koelen, ventileren en ontvochtigen. Verder heb je geen afvoerslang, dus je kunt de 4-in-1 Cooler/Heater echt overal plaatsen.Hij heeft wieltjes om hem nog gemakkelijker te kunnen verrijden. Voor de koelfunctie gebruikt het apparaat geen gas maar gewoon water, dat je extra kunt koelen door ijsboxen in de watertank te leggen. Doordat hij gewoon water gebruikt, wordt de lucht niet droog.Verdere functies: oscillator, hoogwaardig, afwasbaar filter, groot, makkelijk te bedienen bedieningspaneel.Technische specs4 in 1 luchtkoeler / verwarming / luchtreiniger / luchtbevochtigerVermogen: 65W3 snelheden voor koeling: laag / gemiddeld / hoog2 vermogenskeuzes voor verwarming: 1000W / 2000WWatertank volume: 6 lAutomatische horizontale swingHandmatige aanpassing van de verticale luchtstroomTouch control Met afstandsbediening;1-12 uur timerTopvulwaterfunctieIonisator inbegrepenSuper laag geluidsniveau <50dBProductafmetingen: 33,5 x 30,5 x 63 cm
  "
476,"Luchtreiniger Kleine Thuis Desktop - Intelligente Negatieve Ion Technologie - Voor Geur, Formaldehyde, Rook en Stof Verwijdering",,Merkloos,,,,"150,-",,https://www.bol.com/nl/nl/p/luchtreiniger-kleine-thuis-desktop-intelligente-negatieve-ion-technologie-voor-geur-formaldehyde-rook-en-stof-verwijdering/9300000172361415/,6,"
Luchtreiniger Kleine Thuis Desktop: Adem Gemakkelijk Op zoek naar een krachtige luchtreiniger die perfect past op jouw bureau? Maak kennis met onze Luchtreiniger Kleine Thuis Desktop! Met intelligente negatieve ion technologie verwijdert deze alleseter ongewenste geuren, formaldehyde, rook en stof. Adem gemakkelijk in een schone en frisse omgeving. Je verdient toch het allerbeste? Voordelen:  Frisse lucht: Geniet weer van frisse lucht in je huis! Elimineer nare geurtjes: Zeg vaarwel tegen ongewenste geuren. Intelligente technologie: Reinigt de lucht optimaal. Compact ontwerp: Speciaal ontworpen voor kleine ruimtes, zoals je thuis desktop. Verbeterde ademhaling: Verminder allergieën en adem gemakkelijker. Gezonder binnenklimaat: Verminder de kans op gezondheidsproblemen. Geen zorgen meer: Schadelijke stoffen worden effectief verwijderd. Comfort en ontspanning: Creëer een comfortabele en ontspannen omgeving in je huis.  Bestel nu en adem weer opgelucht in je eigen huis! Verwijder moeiteloos geur, formaldehyde, rook en stof: De Luchtreiniger Kleine Thuis Desktop maakt gebruik van intelligente negatieve ion technologie om deze vervelende elementen uit de lucht te verwijderen. Nooit meer last van nare geurtjes of schadelijke stoffen in huis! Compact formaat, perfect voor thuisgebruik: Dankzij het kleine formaat past deze luchtreiniger moeiteloos op je bureau, nachtkastje of keukentafel. Geniet altijd van schone lucht, waar je ook bent in huis! Eenvoudige bediening en stille werking: Met slechts een paar knoppen kun je de luchtreiniger gemakkelijk bedienen. Daarnaast werkt het apparaat fluisterstil, zodat je niet gestoord wordt tijdens je bezigheden of slaap. Specificaties:  Verwijdert effectief geuren, formaldehyde, rook en stof in je kleine thuisdesktopomgeving. Maakt gebruik van intelligente negatieve ion technologie om de luchtkwaliteit te verbeteren. Geschikt voor gebruik in een kleine ruimte en kan gemakkelijk op je bureau worden geplaatst. Biedt een stille werking, zodat je niet wordt gestoord tijdens je werk of studie. Helpt allergenen en verontreinigende stoffen uit de lucht te verwijderen. Stijlvol design dat goed past bij je interieur. Eenvoudige bediening met een aan/uit-knop. Energiezuinig en milieuvriendelijk.  Veelgestelde Vragen: 1. Is deze luchtreiniger geschikt voor kleine ruimtes zoals een desktop? Ja, deze luchtreiniger is speciaal ontworpen voor kleine ruimtes zoals desktops. Met zijn compacte formaat past hij perfect op een bureau of tafel. 2. Kan deze luchtreiniger helpen bij het verwijderen van geuren? Zeker! Deze luchtreiniger maakt gebruik van intelligente negatieve ionentechnologie om onaangename geuren effectief te verwijderen. 3. Helpt deze luchtreiniger bij het verwijderen van formaldehyde? Ja, deze luchtreiniger is uitgerust om formaldehyde effectief te verwijderen, waardoor de luchtkwaliteit in jouw huis verbetert. 4. Kan deze luchtreiniger ook helpen bij het verwijderen van rook? Absoluut. Deze luchtreiniger is ontworpen om rookdeeltjes te verwijderen en zo de luchtkwaliteit te verbeteren. 5. Verwijdert deze luchtreiniger ook stofdeeltjes? Jazeker! Deze luchtreiniger gebruikt geavanceerde technologie om stofdeeltjes uit de lucht te filteren, zodat jij kunt genieten van een schone en stofvrije omgeving.
"
477,Itho Daalderop CVE-S eco fan ventilator box alles-in-1 pakket SE 325m3/h + vochtsensor + RFT auto + 4 ventielen - euro stekker,Nieuw artikel,Itho Daalderop,,"5,0",2,"319,99",Op voorraad,https://www.bol.com/nl/nl/p/itho-daalderop-cve-s-eco-fan-ventilator-box-alles-in-1-pakket-se-325m3-h-vochtsensor-rft-auto-4-ventielen-euro-stekker/9200000097637450/,6,"
De Itho Daalderop CVE-S SE mechanische ventilator is ontwikkeld voor de centrale afzuiging van woningen. De ventilator heeft een maximale capaciteit van 325 m³/h en is daarmee geschikt voor de afzuiging van de badkamer en toiletruimtes. De compacte CVE-S ecofan is eenvoudig te monteren op iedere denkbare manier: aan het plafond, tegen de wand, op de vloer en zelfs tegen een schuin dak.De CVE-Secofan RFT SE is standaard voorzien van een eurostekker, RF-ontvanger, AUTO-RFT bediening (536-0150), vochtsensor en vier kunststof afvoer ventielen (DAV 125). Hierdoor is de ventilator geschikt voor vraaggestuurde ventilatie. Wanneer de ventilator gekoppeld is met de AUTO RFT-bediening (art nr: 536-0150) en op de automatische stand staat, zullen alle aanwezige sensoren geactiveerd worden. Standaard is de CVE-S voorzien van een vochtsensor. De ventilator zal dan automatisch optoeren wanneer er een ophoging van het vochtgehalte wordt geconstateerd. Daarnaast is de ventilator te voorzien van een CO2 ruimtesensor. Technische specificatiesMateriaal behuizing: KunststofLuchthoeveelheid hoog bij 100 Pa: 375 m³/hLuchthoeveelheid hoog bij 150 Pa: 325 m³/hLuchthoeveelheid hoog bij 200 Pa: 280 m³/hLuchthoeveelheid hoog bij 250 Pa: 230 m³/hLuchthoeveelheid hoog bij 300 Pa: 175 m³/hOpgenomen vermogen conform EPN norm: 0,03 kWCos. phi conform EPN norm: 0,52Type motor: GelijkstroomElektrische aansluiting: Aansluitsnoer met randaarde stekkerMet draadloze afstandsbediening: JaGeschikt voor draadloze afstandsbediening: JaMet vochtsensor: JaGeschikt voor vraaggestuurde ventilatie: JaType toerenregeling: 3 toerenNom. Kanaaldiameter: 125 mmAansluiting: SteekeindAantal aanzuigaansluitingen: 4Achteraansluiting: NeeHoogte: 350 mmBreedte: 355 mmDiepte: 294 mm
"
478,Levoit Core 200s Smart True HEPA Air Purifier - Luchtreiniger,,Levoit,,,,"99,-",,https://www.bol.com/nl/nl/p/levoit-core-200s-smart-true-hepa-air-purifier-luchtreiniger/9300000052333150/,26,"
LEVOIT luchtreinigers voor thuis, slimme wifi Alexa-bediening, H13 True HEPA-filter voor allergieën, huisdieren, rook, stof, pollen, ozonvrij, 24db stille reiniger voor slaapkamer met display uit, Core 200S

Pure lucht, betaalbare prijs: onze meest populaire serie luchtreinigers is terug met een geheel nieuw slim model. De Core 200S is speciaal ontworpen in Californië en kan op afstand worden bediend, zodat je schema's kunt instellen, ventilatorsnelheden kunt aanpassen en meer, allemaal vanaf je smartphone.
Originele vervangingsfilters: Gebruik voor de beste prestaties en de langste levensduur originele Levoit-vervangingsfilters. Gebruik de in-app-functie om de levensduur van uw filter te controleren. Wanneer het tijd is voor een nieuw filter, zoek dan op Core 200S.
Effectieve zuivering: het compacte frame en het 360°-ontwerp helpen de Core 200S de lucht te zuiveren waar u hem ook neerzet, en ververst de lucht 5x per uur in kamers zo groot als 183 ft² / 17 m²
Verbeterde filtratie: terwijl het ultrafijne nylon voorfilter en het zeer efficiënte actieve koolfilter grote deeltjes opvangen en geuren en dampen absorberen, vangt het H13 True HEPA-filter 99,97% van de verontreinigingen in de lucht met een grootte van 0,3 micron op, waardoor uw omgeving wordt ontdaan van stof, pollen, huidschilfers van huisdieren, schimmelsporen en meer.
Stille werking: met geluidsniveaus van slechts 24 dB reinigt de Core 200S uw lucht zonder u 's nachts wakker te houden. Voor een volledig ononderbroken slaap, schakel alle lichten uit met de Display Off-knop.
Overal toegang: met de VeSync-app kunt u uw slimme luchtreiniger overal bedienen. Pas de instellingen aan terwijl je in de andere kamer, op kantoor of met de hond aan het wandelen bent.
Spraakbesturing: de Core 200S is compatibel met Amazon Alexa en Google Assistant, zodat u uw luchtreiniger kunt gebruiken zonder een vinger op te tillen.
Schema's instellen: met de VeSync-app kun je timers programmeren of aangepaste schema's maken, zodat je altijd frisse lucht hebt, precies wanneer je dat wilt.
Eenvoudige installatie: om te beginnen, zet u gewoon de Core 200S aan en opent u de VeSync-app. Daar vind je eenvoudige instructies om je luchtreiniger aan te sluiten. Zodra de installatie is voltooid, kunt u de luchtreiniger bedienen met uw smartphone of het displaypaneel.
Volledig gecertificeerd: de Core 200S is grondig getest op veilige prestaties. Het is ETL-vermeld, FCC-gecertificeerd, CARB-gecertificeerd en voldoet aan de strikte normen van Californië voor reinigingsapparatuur binnenshuis.

 
"
479,"G-Units - Luchtbevochtiger - 2,5L capaciteit - Humidifier - Stille geluidsniveau - 3,8L/dag - Luchtreiniger",,G-units,,,,"34,95",,https://www.bol.com/nl/nl/p/g-units-luchtontvochtiger-2-5l-capaciteit-dehumidifier-stille-geluidsniveau-3-8l-dag-luchtreiniger/9300000171031860/,7,"
Op zoek naar de perfecte luchtbevochtiger voor jouw slaapkamer of werkruimte? Dan is deze G-Units luchtbevochtiger een perfecte match voor jou! Deze witte humidifier heeft niet alleen een moderne design, maar heeft ook enorme capaciteit van tot wel 3 Liter, powerhouse efficientie hydrateert de lucht voor een comfortabele sfeer. Voorkom bacteriën, schimmels en virussen in huis. Ervaar absoluut kalmte met een fluister geluidsniveau van tot wel minder dan 36 dB, perfect voor concentratie tijdens het werken of jouw dagelijkse nachtrust! Met deze luchtbevochtiger zijn nare luchtjes binnen no-time verdwenen! Afmetingen: 13x13x150cm Capaciteit: 2-3L Bediening: Deze luchtbevochtiger is eenvoudig te bedienen. De apparaat is voorzien van een gebruiksvriendelijk bedieningspaneel met een duidelijke knop. Ook wordt er een handleiding meegeleverd voor het geval je hulp nodig hebt bij het gebruik. Power bron: Elektrisch via USB-C port
"
480,Luchtreiniger met Ionisator – Air Purifier met HEPA Filter – Clean Air – Luchtzuiveraar met UV,,SolidWay,,"4,1",43,"27,95",Op voorraad,https://www.bol.com/nl/nl/p/luchtreiniger-met-ionisator-air-purifier-met-hepa-filter-clean-air-luchtzuiveraar-met-uv/9300000144491348/,8,"
Geniet van een schone lucht Een luchtreiniger is noodzakelijk om een gezond en comfortabel leef- en werkomgeving te kunnen garanderen. Voldoende verse lucht is van belang, zeker als je weet dat we ongeveer 90% van onze tijd binnen doorbrengen.   Met een combinatie van ionisatie, koolstof- en HEPA-filters geniet jij van de allerbeste luchtkwaliteit in jouw omgeving. Deze krachtige air purifier pakt alle kleine deeltjes op; of het nou gaat om bacteriën, allergenen, aerosolen of vervuilende stoffen.   Waarom de Solid Goods® luchtreiniger de slimste keuze is:   ✓ Vaarwel allergieën Last van pollen of fijnstof? Onze luchtreiniger filtert allergenen uit de lucht en vermindert allergische klachten bij astma en hooikoorts. Vaarwel verstopte neus!   ✓ USB kabel Onze luchtreiniger is makkelijk te gebruiken met de bijgeleverde USB-kabel. Zo heb je geen batterijen meer nodig. Handig toch?   ✓ Geen nare geurtjes meer Of het nou om rooklucht of oud meubilair gaat, onze luchtzuiveraar pakt alle luchtjes aan. Zo geniet je écht van je huis en zijn nare geurtjes verleden tijd.   ✓ Muisstil Met een extra stille motor heb jij geen last van gezoem en kun je thuis zonder irritaties je ding blijven doen. Zo zal de purifier je niet wakker houden en is het apparaat ook perfect voor op de slaapkamer.   ✓ Desinfectie & nachtlamp in 1 Onze luchtzuiveraar is voorzien van een UV-led lamp die gebruikt kan worden als desinfectiemiddel én sfeerlamp. Deze slimme techniek doodt bacteriën zonder chemische stoffen en maakt je ruimte tegelijk wat mooier.   ✓ Ideaal voor onderweg Ook onderweg genieten van een gezonde omgeving? Onze compacte luchtreiniger is lichtgewicht & makkelijk mee te nemen.   Specificaties • Materiaal: ABS • Geluidsniveau: <35 dB • UV-golflengte: 265 nm • Filtercapaciteit: 10 m2 • Vermogen: 5W • Afmetingen: 13 x 13 x 19 mm   100% tevredenheidsgarantie Wij staan volledig achter de kwaliteit van onze producten en bieden jou een onvoorwaardelijke garantie van 12 maanden. Niet tevreden met jouw aankoop of loop je tegen problemen aan? Onze klantenservice staat voor je klaar. Bestel jouw luchtreiniger met HEPA filter vandaag nog en zorg extra goed voor je gezondheid!
"
481,"Malatec - Luchtbevochtiger met hygrometer - 4,5L - Aromatherapie - Ionisator",,Malatec,,,,"58,95",,https://www.bol.com/nl/nl/p/malatec-luchtbevochtiger-met-hygrometer-4-5l-aromatherapie-ionisator/9300000132785666/,11,"

ULTRASONIC - de luchtbevochtiger werkt volgens het principe van ultrasone golven . Wat betekent dit voor jou? De luchtbevochtiger maakt gebruik van hoogfrequente geluidsgolven om het water af te breken in microscopisch kleine deeltjes, waardoor het verandert in koele en verfrissende stoom .


AROMATHERAPIE - met aromatische oliën creëer je niet alleen een gezonde maar ook een aangename sfeer . Giet gewoon 1-2 druppels op het sponsfilter in het afsluitbare compartiment aan de onderkant van de luchtbevochtiger en de geur verspreidt zich met de nevel. In water oplosbare oliën kunnen direct aan het water worden toegevoegd, dus hetzelfde als in de set met de luchtbevochtiger.


STILLE WERKING - De ultrasone luchtbevochtiger produceert een signaal met een frequentie van een miljoen keer per seconde. De luchtbevochtiger genereert zo min mogelijk geluid, waardoor hij niet belastend is voor het huishouden - in het bijzonder geschikt voor kinderen , die vaak licht slapen. De luchtbevochtiger zal de dagelijkse activiteiten of het werk niet hinderen. Het kan gemakkelijk de hele nacht lopen en zal de slaap niet verstoren , integendeel - het zal de kwaliteit verbeteren en de gebruiker zal meer verfrist zijn, de nevel die eruit komt, stelt u in staat om te ontspannen en de stress die gedurende de dag is opgebouwd te minimaliseren. Het apparaat heeft een nachtlichtmodus, na het aanzetten geeft de luchtbevochtiger een zacht blauw licht.


GEVOELIG TOUCHPANEEL + AFSTANDSBEDIENING - een intuïtief, digitaal bedieningspaneel maakt de bediening van de luchtbevochtiger niet alleen eenvoudig, maar ook comfortabel . Het paneel op de luchtbevochtiger is erg gevoelig, je hoeft niet vaak op een enkele knop te drukken en moeite te hebben met het instellen van de parameters - één aanraking is voldoende . Op het overzichtelijke display lees je eenvoudig alle parameters af die door het apparaat worden weergegeven - zelfs op grotere afstand. De set bevat ook een afstandsbediening waarmee u het apparaat op afstand kunt bedienen, wat het comfort van de gebruiker aanzienlijk verbetert.


SPECIFICATIE - kleur: zwart; materiaal: PP, ABS, AS; vermogen: 40W; bereik: 20m2; tankinhoud: 4,5 l; efficiëntie: 350 ml / uur; hygrostaat: JA; timer: JA; aanraakscherm: JA; afstandsbediening inbegrepen: JA; nachtmodus: JA; oliën in de set: 3; afmetingen: 33/23/16cm; gewicht: 2.035 kg; gewicht in het pakket: 2.461 kg.

SPECIFICATIE:

zwarte kleur
Materiaal: PP, ABS, AS
vermogen: 40W
Dekking: 20m2
tankinhoud: 4,5l
efficiëntie: 350 ml / uur
hygrostaat: JA
timer: JA
aanraakscherm: JA
afstandsbediening inbegrepen: JA
nachtmodus: JA
oliën in de set: 3
afmetingen: 33/23/16 cm
gewicht: 2.035 kg
gewicht in het pakket: 2.461 kg

INBEGREPEN:

bevochtiger
op afstand
3 geuroliën
keramisch filter

"
482,Igoods  Mini Luchtreiniger - Air Purifier - Auto Home Office Desktop USB Powered Ultraviolet Luchtreiniger Sterilisatie - Wit,,Igoods,,"1,0",1,"25,95",Op voorraad,https://www.bol.com/nl/nl/p/igoods-mini-luchtreiniger-air-purifier-auto-home-office-desktop-usb-powered-ultraviolet-luchtreiniger-sterilisatie-wit/9300000111356556/,9,"
    Model: HF-JH-0128Kleur witVoeding: USBNominale spanning: 5VNominaal vermogen: 5WNominale frequentie: 50HzGolflengte: 365NmToepassingsgebied: 21m²-30m²Filtertype: composietfilterHoe het werkt: UVLuchtvolume luchtreiniger: 50 kubieke meter / uurCADR: 60m³ / hDR: 45m³ / hTVOC: 40m³ / hCCM: P4CCM: F4Tolueen: 40 mm³ / hRuis: 35dBNetto gewicht: 0,5 kgProductgrootte: 118 * 180 mmKabellengte: 1mFunctie: sterilisatieWerkomgeving: thuis, kantoor, etc.Pakket bestaat uit:1 * UV-reiniger:1 * USB-kabel:1 * Gebruikershandleiding:
  "
483,CREATE - Ultrasone luchtbevochtiger en geurverspreider - - 4L - 12 uur timer - 40m2 - HUMIZEN ULTRASONIC,,Create,,,,"64,95",,https://www.bol.com/nl/nl/p/create-ultrasone-luchtbevochtiger-en-geurverspreider-4l-12-uur-timer-40m2-humizen-ultrasonic/9300000163541165/,6,"
Ultrasone Cool Mist-luchtbevochtiger en 4 liter etherische oliediffuser. Bevochtigt ruimtes van 30/40 m2 met zijn 3 luchtbevochtigingsmodi. Het heeft een digitaal LED-aanraakscherm, een automatisch uitschakelsysteem wanneer het water in de tank opraakt, een timer tot 12 uur en een watertank van bovenaf.  Type bevochtiging ultrasonore Timer ja Verwijderbare / wasbare niet-elektrische onderdelen ja Werktemperatuur 19 ºC - 37 ºC Beveiligingssysteem ja Vermogen 110W Werkoppervlak 30 - 40 m2 Automatisch uitschakelen ja Sensoren 2 Tankcapaciteit 4 L Controle Digitale Soft Touch Frequentie 50/60 Hz bevochtiging Max: 450 ml / uur Essentie Diffuser ja Afmetingen 224x224x335 mm Afstandsbediening ja Materiaal ABS, PP, EVA, silicagel, PPS Gewicht 2,8 kg snelheden 5 Modi / Functies 3 Spanning/Voltage 220 - 240V Geluidsniveau 35 dB Certificaten CE & RoHS Garantie 2 jaar 
"
484,Philips Luchtreiniger Gopure 5212 18 Cm 12v Zwart,,Philips,,,,"77,-",Op voorraad,https://www.bol.com/nl/nl/p/philips-luchtreiniger-gopure-5212-18-cm-12v-zwart/9300000015428837/,15,"
    Philips GoPure 5215 luchtreinigerDeze Philips-luchtreiniger zorgt voor frisse lucht in de auto. De GoPure 5212-filtertechnolgie verwijdert tot wel 100 vervuilende stoffen, waaronder allergenen, bacteriën, virussen en uitlaatgassen. Deze luchtzuiveraar is uitgerust met SelectFilter Plus, een onafhankelijk gecertificeerd filter dat 90% van pollen in de lucht verwijdert. De unieke SelectFilter Plus-filtratietechnologie van Philips verwijdert snel en efficiënt deeltjes die in de auto worden gedetecteerd, zoals PM2.5. Met een Clean Air Delivery Rate (CADR) van 16 m3/uur voor PM2.5 wordt 50% van een standaard sedan of SUV binnen 10 minuten gefilterd. Met deze technologie worden niet alleen schadelijke deeltjes verwijderd, maar ook sigarettenrook en stof, zodat je frisse, schone lucht in kunt ademen. Ook wordt de lucht ontdaan van uitlaatgassen die via de ventilatie van buiten naar binnen komen. Met de meegeleverde voedingskabel van 4 meter plaats je de zuiveraar waar je maar wilt in je auto.Specificaties:Kleur: zwartMateriaal: kunststofAfmetingen: 180 x 180 x 68 m (L x B x H)Voeding: 12 volt kabelLengte voedingskabel: 4 meterTechnische specificaties:Automatische in-/uitschakeling: jaIndicator voor het vervangen van het filter: jaSnelheidsstanden: 2, boost/silentLevensduur filter: 350 uurGeluidsniveau: 40 dBA (laag), 55 dBa (hoog/boost)Vermogen: 3 wattSpanning: 12 voltSpecificaties filtratie:Filtratie tolueen: CADR van 11 m3 per uurFiltratie TVOC: CADR van 11 m3 per uurFiltratie formaldehyde: CADR van 6 m3 per uurFiltratie uitlaatgassen SO2/NO2: CADR van 7,9 en 13 m3 per uurFiltratie van fijne deeltjes: CADR van 16 m3 per uurInhoud:1 Luchtzuiveraar1 Bevestigingsriem1 Voedingskabel2 Haaksluitingen
  "
485,CREATE - Ultrasone luchtbevochtiger en geurverspreider - 4L - 12 uur timer - 40m2 - HUMIZEN ULTRASONIC,,Create,,,,"64,95",,https://www.bol.com/nl/nl/p/create-ultrasone-luchtbevochtiger-en-geurverspreider-4l-12-uur-timer-40m2-humizen-ultrasonic/9300000163540503/,6,"
 Ultrasone Cool Mist-luchtbevochtiger en 4 liter etherische oliediffuser. Bevochtigt ruimtes van 30/40 m2 met zijn 3 luchtbevochtigingsmodi. Het heeft een digitaal LED-aanraakscherm, een automatisch uitschakelsysteem wanneer het water in de tank opraakt, een timer tot 12 uur en een watertank van bovenaf.   Type bevochtiging ultrasonore Timer ja Verwijderbare / wasbare niet-elektrische onderdelen ja Werktemperatuur 19 ºC - 37 ºC Beveiligingssysteem ja Vermogen 110W Werkoppervlak 30 - 40 m2 Automatisch uitschakelen ja Sensoren 2 Tankcapaciteit 4 L Controle Digitale Soft Touch Frequentie 50/60 Hz bevochtiging Max: 450 ml / uur Essentie Diffuser ja Afmetingen 224x224x335 mm Afstandsbediening ja Materiaal ABS, PP, EVA, silicagel, PPS Gewicht 2,8 kg snelheden 5 Modi / Functies 3 Spanning/Voltage 220 - 240V Geluidsniveau 35 dB Certificaten CE & RoHS Garantie 2 jaar 
"
486,CREATE - Plafondventilator 40W silent Ø132 cm Winter/Zomer met verlichting - Wifi - Donker hout - WINDCALM DC,,Create,,,,"134,95",,https://www.bol.com/nl/nl/p/create-windcalm-dc-geluidloos-plafondventilator-winter-zomer-functie-wit-donker-hout-met-verlichting-wifi-132-cm-6-snelheden-timer/9300000139547089/,11,"
    WIND CALM Met een behuizing van aluminium en 6 snelheden verhoogt hij uw energie-efficiëntie het hele jaar door, koelt in de zomer en verdeelt de warmte van de verwarming in de winter. Het exclusieve ontwerp, geïnspireerd op luchtvaartpropellers, is ultrastil en efficiënt. Bedien hem comfortabel met zijn afstandsbediening en programmeerbare timer. U kunt deze ventilator naar wens aanpassen. Kies de kleur van de motor en de bladen, of je hem wilt zonder licht of met licht (selecteerbaar tussen warm, neutraal en koud) en of je wilt dat hij WiFi-connectiviteit bevat (zie beschikbaarheid). Smart-plafondventilator Kies bij aankoop de versie met wifi en u ontvangt een SMART-ventilator. U kunt hem overal vandaan bedienen en programmeren met uw mobiele telefoon, dankzij onze CREATE-app. Koperen gelijkstroommotor en 6 snelheden Zijn motor, die efficiënter en duurzamer is, heeft 6 snelheden. Daardoor ontstaan verschillende luchtstromen, zodat u steeds het debiet kunt kiezen dat u het beste uitkomt. Totale controle en programmeerbare timer Met de afstandsbediening kunt u alles regelen, zoals het programmeren van de timer van 1 tot 8 uur, zodat hij automatisch uitschakelt als de gekozen tijd verstreken is. Plafondventilator met 3 lichttemperaturen Als je ervoor kiest de plafondventilator met verlichting te kopen, kun je de switchen tussen de drie kleurtemperaturen van zijn led van 15 W: warm, neutraal of koud – en zo de sfeer scheppen die je verkiest. De lichtsterkte is niet regelbaar. Ideaal voor verschillende kamers in huis Deze plafondventilator met een diameter van 132 cm is perfect om verschillende binnenruimtes in huis van ongeveer 13 m² tot 25 m² te ventileren en te acclimatiseren.    Temp. de kleur 3000K, 4000K, 6500K Timer 1h, 2h, 4h, 8h Ventilatorsnelheid 100/136/167/193/210/223 rpm Motortype DC Vermogen 40 W Zomer/Winter functie Ja Werkoppervlak 15m² - 25m² Verstelbare hoogte Nee Elektrische isolatieklasse II Frequentie 50-60 Hz Luchtstroom 85/110/140/170/200/210 m³/min Afmetingen Ø1320x235/315 mm Citaten materiaal hout snelheden 6 Gewicht 6 kg IP-bescherming IP20 Spanning/Voltage 220-240V Geluidsniveau 50 dB Certificaten CE & RoHS Garantie 2 jaar Omkeerbare vleugels Nee Ventilatorgrootte Medium (Ø132cm) Grootte van de flat / kamer Middelgroot (13m² tot 25m²) Gebruik Binnen Energieklasse licht A++ Energieklasse ventilator F 
"
487,Luchtreiniger - Air Purifier - Mini Luchtreiniger met Ionisator / Actieve Koolstof - Vervangbaar HEPA Filter - UV lamp,,Boostiv,,"3,7",145,"32,99",,https://www.bol.com/nl/nl/p/luchtreiniger-air-purifier-mini-luchtreiniger-met-ionisator-actieve-koolstof-vervangbaar-hepa-filter-uv-lamp/9300000042943644/,13,"
Heb je last van een slechte luchtkwaliteit in jouw persoonlijke omgeving? Zorg dan voor gezuiverde lucht van uitstekende kwaliteit met de Air Purifier van Boostiv!
 Als je hooikoorts of een katten allergie hebt, weet je hoe vervelend het is als je de dag door moet komen als er pollen of katten allergenen in de lucht zitten. Ook als je in een omgeving zit waar er gerookt wordt of waar vieze geurtjes hangen, kun je veel last hebben van de slechte of vieze luchtkwaliteit. Dit merk je vaak aan een verzwaarde ademhaling, concentratieverlies of vermoeidheid, en dat wil jij voorkomen! Op zulke momenten wil je de lucht in je persoonlijke nabije omgeving reinigen zodat je weer goed en zuiver kunt ademhalen en functioneren. Dat kan, met de Mini Air Purifier van Boostiv! 
 Voordelen van de Boostiv Mini Purifier 

24 uur per dag filtering voor de perfecte luchtkwaliteit in de ruimte
Gedimd sfeerlicht voor extra beleving en zodat je de Air Purifier ook als nachtlampje kunt gebruiken
360 graden reiniging zodat onzuivere lucht vanuit je gehele nabije omgeving wordt opgenomen, gefilterd en gezuiverd
Combinatie van Ionisatie en HEPA filter reiniging zodat meer dan 99,8% van de onzuivere lucht wordt gereinigd
Clean Air Delivery Rate van 144m3 zodat een ruimte van 144 kubieke meter in één uur kan worden gereinigd en de luchtreiniger daarmee ideaal is om in je nabije omgeving te plaatsen om de lucht te reinigen
Vervangbaar H12 HEPA / Geactiveerd koolstoffilter zodat je de Air Purifier langdurig en effectief kunt blijven gebruiken. Nu inclusief een set filters!
USB Kabel zodat je niet gebonden bent aan batterijen om de Air Purifier te gebruiken maar gemakkelijk het stopcontact kunt kiezen
Compact en handzaam zodat de Air Purifier makkelijk overal is mee te nemen en te plaatsen
Zeer stille werking zodat je nooit last hebt van vervelend gezoem van de luchtreiniger. Geluidsniveau is lager dan 32dB

 Wat is het verschil tussen de Boostiv luchtreiniger en andere luchtreinigers? 
 De Boostiv luchtreiniger is een luchtreiniger die 5 technologieën (Hepa-filter, actief koolfilter, voorfilter, Ultra Violet Straling en een ionisator) gebruikt om de lucht gezond te maken. De Boostiv luchtreiniger verwijdert geuren, schimmels, virussen en bacteriën, 24/7 vanaf de bron en op een milieuvriendelijke manier. De Boostiv luchtreiniger is revolutionair in zijn aanpak door als eerst gebruik te maken van een UV licht. 
 5 geavanceerde filtertechnologieën 
 De Hepa-filter, actief koolfilter, voorfilter, Ultra Violet straling en een ionisator werken naadloos samen om allergenen, bacteriën, virussen, mijten, schimmelsporen, huidschilfers en rook van 0,2 micron te verwijderen en luchtvervuiling tegen te gaan. Deze filtertechnologie zorgt voor de zuiverste lucht die jij nodig hebt om optimaal te presteren. Een geavanceerd luchtfiltratieproces met een Hepa-filter zorgt voor zuivere lucht dat de gezondheidoptimaliseert. De filter, in de vorm van een cilinder en daardoor een 360​​° luchtinlaat en luchtuitlaat heeft, zorgt ervoor dat in korte tijd meer lucht uit alle richtingen wordt gezuiverd. De Boostiv luchtfilter zuivert tot 140 m³/u. De ionisator maakt het filtersysteem compleet. 
 
 Hoe werkt een ionisator? 
 Een ionisator (ozon vrij) verspreidt negatieve ionen in de ruimte. In het apparaat wordt een negatieve hoogspanning op een naald gezet. De ionisator brengt maar liefst 30.000 tot 60.000 ionen per seconde in de ruimte. De negatieve ionen hechten zich aan de positief geladen ionen (virussen, fijnstof, bacteriën en schimmels). Met kunstmatige ionisatie creëer je een herstel van de natuurlijke concentratie van negatieve ionen. Door het lage vermogen, is het proces volledig veilig. 
 
 Geluid en Licht 
 Het geluidsniveau bij een normaal werkende stand ligt op een niveau van 30 dB en op maximaal vermogen ligt het geluidsniveau op 32 dB, dit biedt een rustgevende en comfortabele slaapomgeving. Het warme paarse nachtlampje geeft een sfeervol en rustgevend licht. De paarse kleur stimuleert namelijk rust en slaap. De Boostiv Air Purifier verbetert dus niet alleen de luchtkwaliteit, maar ook de rust en slaap! 
 
 USB-stroomvoorziening 
 De Boostiv Air Purifier wordt voorzien van stroom door middel van een usb aansluiting. Eenvoudig aan te sluiten op je stekkerblok, laptop of andere usb adapters. USB-kabel wordt meegeleverd. 
 24 uur per dag filteren 
 De Boostiv Air Purifier is eenvoudig in gebruik. Door onnodige knoppen in het vernieuwde design te hebben verwijderd, staat de luchtzuivering 24 uur per dag aan. Gedurende de dag komen er nieuwe verontreinigingen in de lucht. Zo komen er bijvoorbeeld pollen binnen als de voordeur opengaat en komt er stof vrij als je op de bank neerploft. Om de lucht optimaal te zuiveren is het belangrijk dat de zuiveraar continu aanstaat. 
 Zeer geschikt voor o.a. mensen met: 

Benauwdheid & kortademigheid
Vermoeidheid
Honden- en kattenallergie
Huisstofmijt & allergie
Pollenallergie
Overmatig gevoelig voor griep

 
 
 Geschikt voor ruimtes zoals: 

Huiskamer
Gang, hal
Kantoor
Werkkamer
Tandartspraktijken
Kapsalons
Pedicures
Studeerkamer
Babykamer/kinderkamer

"
488,Humi Luchtbevochtiger ook voor in de auto - Geurverspreider - Nachtlampje - Met USB Kabel - Wit,,Hanoqa,,,,"16,99",Op voorraad,https://www.bol.com/nl/nl/p/humi-luchtbevochtiger-ook-voor-in-de-auto-geurverspreider-nachtlampje-met-usb-kabel-wit/9300000172815632/,5,"
• Grote spray :De luchtbevochtiger heeft een grote spuitcapaciteit, waardoor de lucht snel en efficiënt wordt gehydrateerd.   • Draagbaar :Deze desktop luchtbevochtiger is draagbaar, waardoor het gemakkelijk is om van de ene kamer naar de andere of zelfs van de ene auto naar de andere te gaan.   • Aromatherapie :De luchtbevochtiger kan worden gebruikt met essentiële oliën, zodat u kunt genieten van een ontspannende aromatherapie-ervaring terwijl u de lucht hydrateert.   • Laag vermogen :Met een nominaal vermogen van slechts 5W is deze luchtbevochtiger energiezuinig en draagt hij niet bij aan uw elektriciteitsrekening.   Kenmerken: Eenvoudig ontwerp met één klik is gemakkelijk te gebruiken. Het speciale ontwerp van de bovenklep zal geen water spuwen, noch zal het zich zorgen maken over lekkage of bevochtiging. Super stil: rustig rennen. Wanneer u slaapt, veroorzaakt het geen interferentie. Grote capaciteit, droge bescherming, penetratie en hydratatie. Mini-formaat, draagbaar, lichtgewicht en compact, gemakkelijk mee te nemen. Gemaakt van niet-toxisch materiaal ABS, aangedreven door USB-interface. Perfect voor uw huis, baby slaapkamer, woonkamer, spa, yoga, kantoor desktop, auto, etc Specificatie: Naam: Luchtbevochtiger Werkspanning: DC 5V Materiaal: siliconen/PP/ABS/elektronische componenten Spuitvolume: 40 ml/h Gebruikstijd: 5-10 uur Vermogen: USB Toepasselijk gebied: 10-20 vierkante meter Lawaai: minder dan 36dB Pakket inbegrepen: 1 * Luchtbevochtiger 1 * wattenstaafje 1 * Instructies Genoteerd 1: Alle afmetingen worden handmatig gemeten en er zijn fouten. Gelieve te verwijzen naar het daadwerkelijke product voor nauwkeurigheid 2: Wanneer u een luchtbevochtiger gebruikt, kunt u het beste eerst zuiver water toevoegen of het gekoelde leidingwater in de luchtbevochtiger koken om de steriliteit en hygiëne van de waterdamp te garanderen. 3: Gelieve het wattenstaafje volledig nat te maken wanneer u het gebruikt
"
489,Torenventilator InnovaGoods 80 cm 50W Zwart,,Innovagoods,,,,"35,79",Op voorraad,https://www.bol.com/nl/nl/p/torenventilator-innovagoods-80-cm-50w-zwart/9300000005999205/,10,"
    InnovaGoods biedt de nieuwste artikelen voor uw huis, zoals de Torenventilator InnovaGoods 80 cm 50W Zwart Home Climate! Ontdek een brede selectie van hoogwaardige producten, die er uitspringen vanwege hun functionaliteit, efficiëntie en innovatief ontwerp: verlichting, opslag, decoratie, airconditioning, tuin, huisdieren, schoonmaak, enz.Een discrete torenventilator, die zeer handig en praktisch is voor het bestrijden van de zomerhitte. Zijn compacte ontwerp maakt hem eenvoudig te dragen. Zeer eenvoudig overal mee naar toe te nemen en perfect voor het ventileren van woonkamers, slaapkamers, enz. * Materiaal: * PP * PS * Innovatief en functioneel ontwerp * 3 snelheden: 1050-1350 r.p.m. * Draait: 90° * Geluidsniveau: 55-60 dB * Lage consumptie * Vermogen: 50 W * Handig en gemakkelijk in gebruik * Licht en handig * Neemt weinig ruimte in beslag * Gemakkelijk mee te nemen en op te bergen * Spanning: 220-240 V * Frequentie: 50-60 Hz * Type stekker: C * Lengte kabel: 150 cm * Afmetingen ong.: 26 x 80 x 26 cm * Verpakking en handleiding in 24 talen (Engels, Frans, Spaans, Duits, Italiaans, Portugees, Nederlands, Pools, Hongaars, Roemeens, Deens, Zweeds, Fins, Litouws, Noors, Sloveens, Grieks, Tsjechisch, Bulgaars, Kroatisch, Slowaaks, Estisch, Russisch, Lets)
  "
490,ALLGoods. Luchtbevochtiger Babykamer - Luchtbevochtiger 6 liter - Ultrasone luchtbevochtiger - Aroma diffuser - Humidifier - Luchtbevochtigers - Geruisloos - zwart,,ALLGoods.,,"1,0",1,"149,95",,https://www.bol.com/nl/nl/p/allgoods-luchtontvochtiger-slaapkamer-luchtreiniger-6-liter-dehumidifier-stil-zwart/9300000168707786/,9,"
Creëer het perfecte slaapklimaat met de Luchtontvochtiger voor de Slaapkamer van ALLGoods! Op zoek naar een effectieve en stille manier om vochtproblemen in je slaapkamer aan te pakken? Onze Luchtontvochtiger biedt de ideale oplossing om jouw slaapomgeving te verbeteren.   Plus- en minpunten: + Fluisterstille Werking + Intelligente Vochtigheidsregeling - Nadeel: Onze Luchtontvochtiger is zo effectief dat je misschien niet meer zonder kunt!   Productspecificaties Kleur: Zwart Productdimensie: 28,8 x 18,8 x 37 cm; 1,7 kg Capaciteit Watertank: 6 Liter Bediening: Handmatig Geluidsniveau: <25 dB   Waarom is onze Luchtontvochtiger de topper? Onze Luchtontvochtiger is niet alleen in staat om vocht te verminderen, maar ook om de luchtkwaliteit te verbeteren en een aangename sfeer te creëren. Met een geïntegreerde luchtreiniger en aromadiffuser transformeer je je slaapkamer in een oase van rust en frisheid. Fluisterstille Werking: Dankzij geavanceerde technologieën werkt onze luchtontvochtiger vrijwel geruisloos, zodat je ongestoord kunt genieten van een goede nachtrust. Perfect voor lichte slapers of mensen die rust waarderen. Intelligente Vochtigheidsregeling: Stel eenvoudig je gewenste vochtigheidsniveau in, en de luchtontvochtiger past automatisch de werking aan om een gezond binnenklimaat te handhaven. Geen zorgen meer over te veel vocht of droge lucht. Deze luchtbevochtiger heeft een coole functie: een patroon voor etherische oliën in de bodem. Je kunt je favoriete geuren toevoegen en genieten van een aangename geurervaring. Gewoon 4 tot 5 druppels in de cartridge doen en de delicate waternevel verdeelt de geur in elke hoek van de kamer.   Waarom deze Luchtontvochtiger de topper is? Onze Luchtontvochtiger is ontworpen voor iedereen die verlangt naar een comfortabele en gezonde slaapomgeving. Of je nu vochtproblemen wilt aanpakken, de luchtkwaliteit wilt verbeteren of gewoon een rustgevende sfeer wilt creëren, deze set voldoet aan al je behoeften. We begrijpen het belang van een goede nachtrust en bieden een betrouwbare oplossing voor een optimaal slaapklimaat.   Ruime ervaring in Klimaatbeheersing! Met jarenlange ervaring in klimaatbeheersing begrijpen we de behoeften van mensen die streven naar comfort en welzijn in hun leefomgeving. Kwaliteit en effectiviteit staan bij ons voorop, en we streven ernaar om de nieuwste innovaties op het gebied van klimaattechnologie toegankelijk te maken voor iedereen.   Inhoud - Luchtontvochtiger   Wacht niet langer! Creëer een gezonde en comfortabele slaapomgeving met onze Luchtontvochtiger voor de Slaapkamer van ALLGoods. Bestel nu en geniet van een verfrissende nachtrust, elke nacht opnieuw!
"
491,Royal Swiss - Air Cooler - Ventilator - Afstandsbediening Inbegrepen - 2 stuks ijstanks- 3 Snelhden -  afstandsbediening - wit,,Royal Swiss,,,,"89,99",Op voorraad,https://www.bol.com/nl/nl/p/royal-swiss-air-cooler-ventilator-afstandsbediening-inbegrepen-2-stuks-ijstanks-3-snelhden-afstandsbediening-wit/9300000041074643/,1,"
Twee in één luchtkoeler en luchtbevochtiger
Afstandsbediening inbegrepen
Instelbaar in 3 standen en timer
Op warme dagen heb je graag wat verkoeling bij de hand. Er zijn verschillende manieren om een ​​ruimte te koelen, bijvoorbeeld met een airco, ventilator of luchtkoeler.
Goed om te weten: Een luchtkoeler is geen airconditioner, maar koelt efficiënter dan een ventilator.
Een luchtkoeler is veel energiezuiniger dan een airconditioner, dus er is geen risico voor uw rekening.
Werking van een koelmachine:
Het maakt gebruik van de verdamping van water. Terwijl de lucht passeert, worden de waterdeeltjes weggespoeld. Deze deeltjes absorberen warmte en koelen de lucht af.
Het is eigenlijk precies hetzelfde als zweten. Waterdeeltjes op de huid absorberen warmte terwijl ze verdampen, waardoor de huid afkoelt.
Om het in te korten:
De 2-in-1 luchtkoeler en luchtbevochtiger houden het huis koel op warme dagen.
Hoe te gebruiken ? Voeg koud water en/of ijs toe aan de tank, steek de stekker in het stopcontact en hij doet de rest.
Dit exemplaar is zelfs voorzien van koelelementen die je kunt invriezen om nog koudere lucht te krijgen.
Je plaatst ze in het waterreservoir voor een krachtige koeling. Dankzij de wielen verplaats je de koelbox gemakkelijk naar de volgende ruimte.
En het verfrist! De hoogwaardige Kinzo-koeler heeft een koelvermogen van 80 watt (220 - 240 volt) en is voorzien van een timer om na de geprogrammeerde tijd uit te schakelen.
Met de meegeleverde afstandsbediening stel je hem eenvoudig in op 1 van de 3 ventilatiestanden. Om de koude lucht gelijkmatig in de kamer te verdelen, werkt hij horizontaal.
Het merk Kinzo staat bekend om zijn betrouwbare en kwalitatief hoogwaardige gereedschappen. Deze luchtkoeler heeft 2 jaar garantie. Je weet dus dat je elke zomer op zijn hulp kunt rekenen bij de verkoeling.
"
492,Fancylifestyle Luchtbevochtiger - Mini airco - Airco Ventilator - Wit en Blauw,,Merkloos,,"2,7",3,"29,95",Op voorraad,https://www.bol.com/nl/nl/p/fancylifestyle-luchtbevochtiger-mini-airco-airco-ventilator-wit-en-blauw/9300000032217831/,16,"
Deze mini airco en luchtbevochtiger zorgt in de hete zomermaanden voor een frisse en koele wind. Met deze aircooler beschik jij in de zomermaanden over een koele werkplek of kamer. Deze mini airco en luchtbevochtiger zorgt ervoor dat de warmte gekoeld wordt door middel van koud water. De airco zorgt voor effectieve verkoeling, beschikt over een USB aansluting en is zeer compact van formaat. Bestel nu snel deze mini airco en geniet van een gekoelde zomer.Waarom deze mini airco?Deze mobiele airco zorgt voor een effectieve verkoeling in de slaapkamer of andere ruimtes. Het is een aanzienlijk beter alternatief dan waaiers of andere ventilatoren. Daarnaast is het formaat van de mini airco ook erg compact. Het nadeel van de meeste aircos is dat deze erg groot zijn. Deze airco is zeer compact en makkelijk te verplaatsen in huis of ergens mee naar toe te nemen.Voordelen✅ Effectieve verkoeling✅ Compact✅ USB aansluitng, geen snoer✅ 4 in 1✅ Overal te gebruiken✅ Makkelijk bij te vullenMakkelijk toepasbaarDoor het compacte formaat van de mini airco en luchtbevochtiger is deze makkelijk te gebruiken. Aan de hand van de volgende stappen kan de ruimte gemakkelijk verkoelt worden;1. Zet de mini airco op de gewenste plaats.2. Vul het waterreservoir met koud water en druk op de aan/uit schakelaar.3. Kies de gewenste verlichting- en verkoelingsstand en geniet van een verkoelende ruimte.Specificaties van het product

Gewicht: 1.1 kilogram
Afmetingen: 13cm x 13cm x 13cm
Kleur: wit en blauw
Inhoud: mini airco

"
493,Luchtreiniger ZV V80 - Luchtontvochtiger - Luchtontvochtiger en Luchtreiniger - Luchtontvochtiger Slaapkamer - Luchtreiniger,,ZenVacu,,,,"549,-",,https://www.bol.com/nl/nl/p/luchtreiniger-zv-v80-air-purifer-6-filterlagen-800m3-h-luchtreinigers-luchtkwaliteit/9300000170494019/,12,"
Wist je dat de lucht binnen tot wel 5 keer meer vervuild kan zijn dan de lucht buiten? Dit kan vervelende gevolgen hebben voor jouw gezondheid en welzijn. Maar maak je geen zorgen, want de oplossing is binnen handbereik. Ontmoet de ZV V80 luchtreiniger - jouw sleutel tot een frisse en gezonde leefomgeving. Ontdek de geavanceerde functies die de ZV V80 tot een absolute must-have maken voor iedereen die waarde hecht aan schone lucht en welzijn. Adem vrijuit en ervaar de ultieme luchtkwaliteit met de ZV V80 luchtreiniger. Deze geavanceerde luchtreiniger is ontworpen voor grote kamers van 96-130m² en biedt een krachtige reiniging die stofdeeltjes, fijnstof, bacteriën, virussen en andere luchtvervuilers effectief elimineert. Bekijk alles in de app en geniet van volledige automatisering. Ontdek de intelligentie van de ZV V80 met zijn ingebouwde Smart Sensor technologie. Het real-time display met 4 kleuren (groen, blauw, geel, rood) geeft directe feedback over de luchtkwaliteit, waardoor je altijd de controle hebt over de zuiverheid van jouw binnenlucht. Het hart van de ZV V80 wordt gevormd door het 5-stage filtersysteem, inclusief een hoogwaardig HEPA-14 filter en een krachtige houtskool filter. Deze combinatie resulteert in een indrukwekkende filteringsefficiëntie van 99,99%, waardoor pollen, virussen en ongewenste geuren effectief worden verminderd. De veelzijdige functies van de ZV V80 bieden flexibiliteit op maat. Met 5 verschillende standen, waaronder een automatische modus en een slaapmodus, past deze luchtreiniger zich moeiteloos aan jouw behoeften aan. Het intuïtieve touch display maakt eenvoudige bediening mogelijk, terwijl de timerfunctie en het kinderslot extra gemak en veiligheid bieden. Geniet niet alleen van een zuivere omgeving, maar ook van een aangename geur dankzij de ingebouwde aromadiffuser. Transformeer jouw ruimte in een oase van rust door je favoriete essentiële oliën toe te voegen. Maak je geen zorgen over onbedoelde aanpassingen aan de instellingen dankzij het kinderslot, dat ervoor zorgt dat nieuwsgierige handjes de functies van de luchtreiniger niet kunnen verstoren. De 360° Airflow zorgt voor een gelijkmatige luchtverdeling in de kamer, waardoor alle hoeken van de ruimte worden bereikt en bijdragen aan een consistente luchtkwaliteit. Met het prestigieuze Thuiswinkel Waarborg Keurmerk ben je verzekerd van een veilige en betrouwbare aankoop. De ZV V80, een ware hit op de markt, biedt bovendien een PM2.5 display voor gedetailleerde informatie over de deeltjes in de lucht. In tegenstelling tot sommige luchtreinigers met ionisatoren is de ZV V80 een ozon-vrij ontwerp, waardoor je alleen schone lucht inademt, zonder mogelijke nadelige effecten van ozon. De ZV V80 is niet alleen krachtig, maar ook eenvoudig te onderhouden. Het filtersysteem is makkelijk te vervangen volgens de duidelijke instructies in de handleiding, waardoor de luchtreiniger altijd optimaal presteert. Kies voor de ZV V80 luchtreiniger en investeer vandaag nog in een gezonde en comfortabele leefomgeving voor jou en je dierbaren. Bestel nu en ervaar de voordelen van schone lucht in huis!   Krachtige Reiniging: De ZV V80 reinigt jouw kamer in slechts 15-30 minuten met een Clean Air Delivery Rate (CADR) van 800m³/h. Weg met stofdeeltjes, fijnstof, bacteriën, virussen en andere luchtvervuilers!   Smart Sensor Technologie: De ingebouwde luchtkwaliteitssensor met 4 kleuren (groen, blauw, geel, rood) geeft real-time informatie over de luchtkwaliteit in jouw kamer. Zo houd je altijd controle over de zuiverheid van de lucht.   Dual-filter Efficiëntie: De ZV V80 beschikt over een hoogwaardig 5-stage filtersysteem, inclusief een HEPA-14 filter en een krachtige houtskool filter. Samen zorgen ze voor een filteringsefficiëntie van 99,99%, waardoor pollen, virussen en nare geurtjes worden verminderd.   Versatile Functies: Geniet van de flexibiliteit met 5 verschillende standen, waaronder automatische modus en slaapmodus. De luchtreiniger past zich aan aan jouw behoeften, met een geluidsniveau van 62 dB op hoogste stand en 53 dB op laagste stand.   Handig Touch Display: Met het touch display heb je eenvoudige controle over alle functies van de luchtreiniger. De intuïtieve interface maakt het gemakkelijk om de instellingen aan te passen.   Stijlvol Design: De ZV V80 heeft een strak en modern ontwerp in de kleur zwart. Met afmetingen van 32.5 x 39 x 52 cm en een gewicht van 12 kg past deze luchtreiniger moeiteloos in jouw interieur.   Energiezuinig: Met een vermogen van 70W en een spanning van 220V is de ZV V80 energiezuinig en kosteneffectief.  
"
494,Viatel portable negative ions air cleaner 500 cfm household hepa h13 filter tuya esp desktop air purifier,,Merkloos,,,,"79,95",Op voorraad,https://www.bol.com/nl/nl/p/viatel-portable-negative-ions-air-cleaner-500-cfm-household-hepa-h13-filter-tuya-esp-desktop-air-purifier/9300000080094157/,16,"
    Over dit item

【3-in-1 luchtreinigingssysteem】Bestaande uit voorfilter, HEPA-filter, actieve koolfilter. Luchtreiniger met zeer efficiënte HEPA filtert 99,97% van fijne deeltjes, pollen, mijten, bacteriën, allergie en luchtvervuiling van PM 2.5. Luchtreiniger ideaal voor mensen met een allergie, huisdiereigenaar, rokers, baby's. Je kunt een vervangend filter kopen in onze winkel, dit is ASIN:B095K5B22N
【Efficiënte en veilige luchtreiniger】CADR tot 270 m³/h. Reinigt effectief ruimtes tot 32 m² zoals woning, rookkamer, kantoor en slaapkamer enz. 100% ozonvrij en veilig voor je gezondheid
【Smart Auto-modus & luchtkwaliteitsindicator】In de auto-modus past de luchtreiniger de reinigingssnelheid automatisch aan het optimale reinigingsniveau aan de lucht aan. De driekleurige ledlamp toont de luchtkwaliteit in realtime: wit-schoon, geel-neutraal, rood-slecht
【4 reinigingsmodi en 4 timerfuncties】4 ventilatorsnelheden (laag, medium, hoog, slaapmodus) worden gemakkelijk aan je verschillende eisen en luchtkwaliteit van het huis aangepast. Met timerfunctie kan de luchtreiniger zich na 1/2/4/8 uur automatisch uitschakelen
【Uv-C-sterilisatie & anion】: de luchtreiniger met professioneel uv-C-licht kan bacteriën, formaldehyde, toluol en andere schadelijke stoffen in de lucht effectief verwijderen. Ionen generatoren produceren negatieve ionen om de resterende deeltjes in de lucht te neutraliseren en de luchtkwaliteit thuis verder te verbeteren

"
495,VANTUBO FLOW ELITE Luchtreiniger Ventilatie Warmteterugwinning Decentrale,,VANTUBO,,"5,0",1,"1549,-",,https://www.bol.com/nl/nl/p/vantubo-flow-elite-luchtreiniger-ventilatie-warmteterugwinning-decentrale/9300000023512116/,6,"
Decentrale puntventilatiesysteem met warmteterugwinning. Vereist geen plaatsing van ventilatiekanalen in het gebouw. Installatie vereist slechts twee gaten met een diameter van 100 mm in de buitenmuur. Het apparaat /de apparaten die in elke kamer op de buitenmuur zijn gemonteerd, zorgen voor een thermisch effectief ventilatiesysteem. De geïntegreerde enthalpie-warmtewisselaar recupereert tot 91% van de warmte uit de buitengegooide lucht en voert deze met de lucht die van buiten naar binnen stroomt terug naar de kamer. Bediend met een afstandbediening. Uitgerust met CO2-, vochtigheids- en VOC-sensoren die de werking van het apparaat aanpassen aan veranderende omstandigheden. Het apparaat zorgt voor voldoende ventilatie van ruimtes met een oppervlakte tot 25 m2*.Het geavanceerd filtersysteem van de stromende lucht verwijdert bacteriën, stof en andere vluchtige stoffen die gevaarlijk zijn voor mensen.WTW decentrale ventilatie unit. Geïntegreerde LEDlamp. Aanbevolen oppervlakte: _tot*25 m2_ Filters: G2, G4, F7 ( PM10, PM2,5 ) Sensoren: vocht, CO2, VOC Thermisch rendement: tot 91% Luchtdebiet sleep/min/med/max.: 10/17/26/37/42 m3/h Stroomverbruik min/med/max: 3,6/5,5/9,0/17,5/20 W Geluidsdruk min/med/max: 18/23/30/39 db(A) ( afstand 3 m )
  "
496,Can Fan RK 200 Buisventilator 820 m3/h - 200mm,Nieuw artikel,Can Fan,,,,"119,95",Op voorraad,https://www.bol.com/nl/nl/p/can-fan-rk-200-buisventilator-820-m3-h-200mm/9300000055491773/,2,"
Can Fan RK is een achterwaarts gerichte centrifugaalventilator met een zeer sterke onderhoudsvrije kunststof behuizing. De motor zijn toerental kan worden geregeld met elektronische of frequentieregeling.De motor is uitgerust met een thermische schakelaar als bescherming die hem uitschakelt als deze een gevaarlijke werktemperatuur bereikt. Het propellerontwerp zorgt ervoor dat de uitlaatventilator een sterke luchtstroom levert met minder geluid.
Voor efficiënte prestaties met de best mogelijke resultaten wordt het gebruik van Can Fan RK in combinatie met Can Filters ten zeerste aanbevolen.
Alle producten zijn uitgerust met montage beugels.

Kunststoffen behuizing
Makkelijk te combineren met een Fan controller
Zwitserse motor met geïntegreerde thermische motorbeveiliging
Flensmaat 250 mm
Met regelbare snelheid (motor is 100% regelbaar)
Incl. elektrische aansluitbox (kunststof)
Onderhoudsvrije kogellagers
Thermocontact
Corrosievrije as

 

Vermogen 820m3/h
Flensmaat 200 mm
0,5 Ampère
100 Watt
Gewicht: 3,2 kg

"
497,CREATE- Retro stijl 50 W draaiende staande ventilator - AIR STAND WOOD -,,Create,,,,"89,95",,https://www.bol.com/nl/nl/p/create-air-stand-wood-50w-zwenkvoetventilator-in-retrostijl-zwart-en-donker-hout/9300000107068101/,8,"
Ventilator op voet in retro stijl met een vermogen van 50 W en een motor van 100% koper, waardoor hij minder energie verbruikt, efficiënter en robuuster is en langer meegaat. Met 3 snelheden en oscillatie-optie. Bovendien verstelbaar in hoogte en daardoor aan te passen aan iedere ruimte.  Oscilación 75° LR / 10° arriba-abajo Tipo de motor 100% cobre artesanal Sistema de seguridad Apagado automático Activos 50W Superficie de trabajo 66 m³/min Altura ajustable Sí Frecuencia 50/60Hz Flujo de aire 1200/1100/1000 Dimensiones 470x410x1200mm Material Aluminio / plástico Material de cotizaciones el plastico Peso 6,4 kg velocidades 3 voltaje/voltaje 220-240V Nivel de ruido 64dB Número de hojas 5 Certificados CE y RoHS Garantizar 2 años 
"
498,Glowhub - Luchtbevochtiger met Aromatherapie – Humidifier – Vernevelaar - 3in1 – Oosterse vaas ontwerp - Uniek design - Verschillende Standen – Stil Ontwerp – 300ml - Hout Bruin,,Glowhub,,,,"36,97",,https://www.bol.com/nl/nl/p/glowhub-luchtbevochtiger-met-aromatherapie-humidifier-vernevelaar-3in1-oosterse-vaas-ontwerp-uniek-design-verschillende-standen-stil-ontwerp-300ml-hout-bruin/9300000172721834/,6,"
Verrijk Je Leefomgeving met Onze 3-in-1 Luchtbevochtiger en Aromatherapie Vernevelaar - Oosters Vaas Ontwerp - Stil en Ontspannend - 300ml - Hout Bruin Breng de Sfeer van Rust en Welzijn in Huis: Ervaar de magie van een perfect gebalanceerde leefomgeving met onze 3-in-1 Luchtbevochtiger en Aromatherapie Vernevelaar in een betoverend Oosters Vaas Ontwerp. Dit unieke accessoire combineert functionaliteit met esthetiek en biedt een oase van ontspanning in jouw huis. Introductie: Onze Oosterse Vaas Luchtbevochtiger en Aromatherapie Vernevelaar brengt een vleugje oosterse pracht in elke ruimte. Geniet van de voordelen van een optimale luchtvochtigheid en aromatherapie, verpakt in een prachtig ontwerp. Kenmerken en Voordelen:   Oosters Vaas Ontwerp: Voeg een esthetisch element toe aan je interieur.   3-in-1 Functionaliteit: Luchtbevochtiging, aromatherapie en decoratie in één.   Verschillende Standen: Pas de vernevelingsintensiteit aan je voorkeuren aan.   Stil Ontwerp: Creëert een rustige omgeving zonder geluidshinder.   300ml Capaciteit: Langdurige werking voor een continue aromatherapie-ervaring.   Technische Specificaties:  Kleur: Hout Bruin Capaciteit: 300ml  Inbegrepen in de Set:  Oosterse Vaas Luchtbevochtiger en Aromatherapie Vernevelaar Handleiding voor eenvoudige installatie en gebruik  Voel de Magie van Harmonie: Bestel nu onze 3-in-1 Luchtbevochtiger en Aromatherapie Vernevelaar en omarm de synergie van stijl en ontspanning. Transformeer je leefruimte in een oase van welzijn. Haal deze unieke ervaring vandaag nog in huis!
"
499,"Intelectro Luchtreiniger - Adem Zuivere Lucht met Ons 5-in-1 Luchtreinigingssysteem - Reinigt 99,97% - Energiezuinig - Multifunctioneel Gebruik - Ingebouwde Timer - Geschikt voor Ruimtes tot 45m² - Wit - Levering Sneller dan Aangegeven!",,Intelectro,,,,"79,95",,https://www.bol.com/nl/nl/p/intelectro-luchtreiniger-adem-zuivere-lucht-met-ons-5-in-1-luchtreinigingssysteem-reinigt-99-97-energiezuinig-multifunctioneel-gebruik-ingebouwde-timer-geschikt-voor-ruimtes-tot-45m-wit-levering-sneller-dan-aangegeven/9300000154131765/,8,"
Adem schonere lucht in met ons krachtige 5-in-1 luchtreinigingssysteem! Ben jij op zoek naar een effectieve oplossing om de luchtkwaliteit in jouw huis te verbeteren? Dan is dit het perfecte product voor jou!  Met een geavanceerd filtersysteem dat bestaat uit een voorfilter, HEPA-filter, geactiveerd koolstoffilter, koude katalytische converter en ionisator, verwijdert dit systeem tot wel 99,97% van de kleinste deeltjes (vanaf 0,3 micron). Zeg maar dag tegen fijnstof, schimmeldeeltjes en sigarettenrook! Dit luchtreinigingssysteem doet meer dan alleen filteren. Het genereert ook negatieve ionen die luchtverontreinigende stoffen zoals fijnstof, schimmelsporen en sigarettenrook neutraliseren. Of je nu huisdieren hebt, last hebt van hooikoorts, allergieën of gewoon de luchtkwaliteit wilt verbeteren, dit systeem is de ideale keuze. Het is zelfs effectief tegen onaangename geurtjes en schadelijke stoffen! Met de handige ingebouwde timer kun je het systeem automatisch laten in- en uitschakelen na 1, 2 of 4 uur. Daarnaast kun je eenvoudig schakelen tussen 3 verschillende instellingen (laag, medium, hoog) en de timer en slaapmodus aanpassen via het gebruiksvriendelijke bedieningspaneel. Dit luchtreinigingssysteem combineert functionaliteit met stijl. Het helpt niet alleen bij het bestrijden van allergieën en stof, maar past ook perfect in elk interieur, of het nu thuis of op kantoor is. Bovendien voldoet het aan de CE-richtlijnen en is het RoHS-gecertificeerd voor jouw gemoedsrust. Wacht niet langer en adem schonere lucht in met ons hoogwaardige luchtreinigingssysteem! Houd er rekening mee dat deze luchtreiniger alleen compatibel is met de PB-P01F luchtfilter. Bestel nu en geniet van de voordelen van een gezondere leefomgeving!   Goed nieuws! Wij kunnen jouw bestelling sneller leveren dan aanvankelijk aangegeven. Onze toegewijde team werkt nauw samen met onze verzendpartners om ervoor te zorgen dat jouw bestelling zo snel mogelijk bij jou thuis wordt afgeleverd. Je kunt dus sneller dan verwacht genieten van jouw nieuwe aankoop. Bestel nu en profiteer van onze snelle leveringstijden!
"
500,AG Commerce Draagbare Luchtontvochtiger - Luchtreiniger 2 In 1 - Thuisontvochtiger - Keukenluchtreiniger - Mute Luchtdroger,,AG Commerce,,,,"74,99",,https://www.bol.com/nl/nl/p/ag-commerce-draagbare-luchtontvochtiger-luchtreiniger-2-in-1-thuisontvochtiger-keukenluchtreiniger-mute-luchtdroger/9300000165961504/,7,"
    Introductie   Op zoek naar een draagbare luchtreiniger en ontvochtiger in één voor thuis of in de keuken? Maak kennis met onze Draagbare Premium Ontvochtiger En Luchtreiniger 2 In 1! Met een uitstekende ontvochtigingscapaciteit, ultra-stille werking en automatische uitschakeling is dit het perfecte product voor een comfortabele leefomgeving. De kleine draagbare ontvochtiger is gemakkelijk mee te nemen en bespaart energie. Bestel vandaag nog jouw exemplaar van dit must-have apparaat bij European Dropshipping Store Store No. : 1100388604. Specificaties - Materiaal: ABS - Capaciteit: 850 ml - Vermogen: 22W - Ingangsspanning: 100-240V - Ontvochtigingsgebied: 0-20m2 - 24-uurs ontvochtigingscapaciteit: 300 ml, gemeten bij 30 graden Celsius en 90% luchtvochtigheid. - Geluid: <36dB - Verpakking: Verpakt in doos - Afmetingen: 24*13*13cm Kenmerken: - Uitstekende ontvochtigingscapaciteit: Deze luchtdroger maakt gebruik van thermo-elektrische technologie om overtollig vocht effectief uit de lucht te absorberen. Het kan tot 350 ml vocht per dag verwijderen en zorgen dat de luchtvochtigheid onder de 40% blijft. - Ultra-stil: De luchtdroger werkt in een zeer stille modus met een geluidsniveau van minder dan 36dB. Je zult geen hinder ondervinden tijdens het lezen of slapen. - Automatische uitschakeling: De luchtdroger is voorzien van een 850ml watertank. Wanneer de watertank vol is, zal het apparaat automatisch uitschakelen om waterschade te voorkomen. Het indicatorlampje zal ook blauw worden en gaan knipperen om je eraan te herinneren het water te legen. - Kleine draagbare ontvochtiger: Met een afmeting van slechts 13*13*24cm is deze draagbare luchtdroger gemakkelijk mee te nemen en overal te gebruiken. Geschikt voor ruimtes van 0 tot 20m2. - Eenvoudige bediening en energiebesparend: Het ontwerp met één knop maakt het gemakkelijk om de luchtdroger te bedienen. Met een verbruik van slechts 22 watt per uur is het apparaat energiezuinig en verbruikt het slechts 0.54 kilowatt elektriciteit na 24 uur gebruik. Verpakkingsaccessoires: - 1 ontvochtiger - 1 handleiding - 1 netsnoer Specificaties: - Dekgebied: 0-20m - Toepassing: 11-20°C - Capaciteit watertank: <1L - Oorsprong: Cn (China) USP's Draagbare ontvochtiger en luchtreiniger 2 in 1 voor thuis en keuken Deze draagbare ontvochtiger en luchtreiniger is perfect voor mensen die op zoek zijn naar een handig en efficiënt apparaat om de lucht in huis of in de keuken te zuiveren. Met zijn compacte formaat en stille werking is hij ideaal voor elke kamer. Uitstekende ontvochtiging capaciteit voor een gezond binnenklimaat Met een capaciteit van 850 ml kan deze ontvochtiger op effectieve wijze 350 ml overtollig vocht per dag absorberen. Dit zorgt ervoor dat de luchtvochtigheid onder de 40% blijft en voorkomt de opbouw van schimmel en allergenen. Zo creëert u een gezonde leefomgeving. Automatische uitschakeling en energiebesparend Deze ontvochtiger is voorzien van een slimme automatische uitschakelfunctie wanneer het waterreservoir vol is. Dit beschermt het apparaat tegen schade en zorgt voor een langere gebruiksduur. Bovendien verbruikt deze ontvochtiger slechts 22 watt per uur, wat betekent dat hij zeer energiebesparend is.   Voordelen 8 voordelen van de Draagbare Premium Ontvochtiger En Luchtreiniger 2 In 1 Voor Thuis Voor Kamer Voor Keuken: 1. Verwijdert effectief 350 ml vocht per dag, waardoor de lucht in huis fris en droog blijft. 2. Werkt zeer stil, met een geluidsniveau van minder dan 36dB, zodat je ongestoord kunt genieten van een goede nachtrust. 3. Schakelt automatisch uit wanneer de watertank vol is, waardoor schade aan het apparaat wordt voorkomen. 4. Klein en draagbaar formaat, waardoor je de ontvochtiger gemakkelijk overal mee naartoe kunt nemen. 5. Eenvoudige bediening met de one-touch knop, waardoor je de ontvochtiger gemakkelijk kunt gebruiken. 6. Energiebesparend ontwerp met een verbruik van slechts 22 watt per uur, waardoor je elektriciteit bespaart. 7. Geschikt voor kamers en keukens tot een oppervlakte van 20m2, waardoor de lucht overal in huis gezuiverd wordt. 8. Wordt geleverd inclusief ontvochtiger, handleiding en netsnoer, zodat je direct aan de slag kunt met het verbeteren van de luchtkwaliteit in huis. Koop nu de Draagbare Premium Ontvochtiger En Luchtreiniger 2 In 1 en geniet van een frisse en gezonde leefomgeving! FAQ Veelgestelde vragen 1. Hoeveel vocht kan deze draagbare ontvochtiger en luchtreiniger per dag verwijderen? Deze ontvochtiger kan tot 350 ml vocht per dag verwijderen en zorgt ervoor dat het vochtgehalte onder 40% blijft. 2. Hoe stil is deze ontvochtiger en luchtreiniger tijdens gebruik? Deze ontvochtiger werkt in een zeer stille modus met een geluidsniveau van minder dan 36dB. Je zult niet gestoord worden tijdens het lezen of slapen. 3. Wat gebeurt er als de watertank vol is? De ontvochtiger schakelt automatisch uit wanneer de watertank vol is om overlopen te voorkomen en het apparaat te beschermen tegen schade. Het blauwe indicatorlampje zal ook gaan branden en knipperen om je eraan te herinneren het water te legen. 4. Is deze ontvochtiger draagbaar? Ja, deze ontvochtiger heeft een compact formaat van 13*13*24cm en is gemakkelijk draagbaar. Je kunt hem overal naartoe verplaatsen om aan je ontvochtigingsbehoeften te voldoen en een comfortabele en schone leefomgeving te creëren. 5. Hoeveel energie verbruikt deze ontvochtiger? Deze ontvochtiger is zeer energiezuinig en verbruikt slechts 22 watt per uur, wat neerkomt op slechts 0.54 kilowatt elektriciteit na 24 uur gebruik. Het helpt je dus energie te besparen.
"
501,Boostiv luchtreiniger filterset - Luchtreiniger - HEPA filter,,Boostiv,,,,"14,99",,https://www.bol.com/nl/nl/p/boostiv-luchtreiniger-filterset-luchtreiniger-hepa-filter/9300000112582338/,5,"
    Deze HEPA-filter is geschikt voor de Boostiv mini luchtreiniger. De HEPA-filter helpt 99,7% van stof, pollen, rook, geurtjes, schimmelsporen en (dieren)huidschilfers uit de lucht te verwijderen. Ook heeft de filter een anti-allergene werking. Voor het beste resultaat vervang je de HEPA-filter elke 6-9 maanden, afhankelijk van de gebruiksintensiteit. Zo heb je altijd een goede luchtkwaliteit! Let op! Verwijder de draaibare klep aan de onderzijde van de luchtreiniger alvorens de filter in de luchtreiniger te plaatsen.
  "
502,Can Fan RK 125L max 350 m³/h Buisventilator - 125mm,,Can Fan,,,,"87,95",,https://www.bol.com/nl/nl/p/can-fan-rk-125l-max-350-m-h-buisventilator-125mm/9200000117546887/,2,"
Can Fan RK is een achterwaarts gerichte centrifugaalventilator met een zeer sterke onderhoudsvrije kunststof behuizing. De motor zijn toerental kan worden geregeld met elektronische of frequentieregeling.De motor is uitgerust met een thermische schakelaar als bescherming die hem uitschakelt als deze een gevaarlijke werktemperatuur bereikt. Het propellerontwerp zorgt ervoor dat de uitlaatventilator een sterke luchtstroom levert met minder geluid.
Voor efficiënte prestaties met de best mogelijke resultaten wordt het gebruik van Can Fan RK in combinatie met Can Filters ten zeerste aanbevolen.
Alle producten zijn uitgerust met montage beugels.

Kunststoffen behuizing
Makkelijk te combineren met een Fan controller
Zwitserse motor met geïntegreerde thermische motorbeveiliging
Flensmaat 125 mm
Met regelbare snelheid (motor is 100% regelbaar)
Incl. elektrische aansluitbox (kunststof)
Onderhoudsvrije kogellagers
Thermocontact
Corrosievrije as

 

Vermogen 350m3/h
Flensmaat 125 mm
0,3 Ampère
70 Watt
Gewicht: 2,3 kg

"
503,Draagbare Airconditioning - 4-in-1 Mobiele Airconditioner - Luchtkoeler,,Merkloos,,,,"109,-",,https://www.bol.com/nl/nl/p/draagbare-airconditioning-4-in-1-mobiele-airconditioner-luchtkoeler/9300000159996534/,8,"
Stap in een wereld van verfrissende koelte en comfort met onze Draagbare Luchtkoeler. Deze innovatieve luchtkoeler maakt gebruik van ultrasone verdampingstechnologie om watermoleculen in het reservoir om te zetten in ultrafijne deeltjes, waarna frisse en vochtige lucht door de ventilator wordt geblazen. Met twee selecteerbare modi voor zowel vochtigheidstoename als verlichting van droge huid, verstopte neuzen en hoesten door droge zomerlucht, biedt deze luchtkoeler een aangepaste koelervaring. Kenmerken en Voordelen:   Geavanceerde Koeltechnologie: In tegenstelling tot andere luchtkoelers maakt onze draagbare airconditioning gebruik van ultrasone verdamping om verfrissende lucht te creëren. Dit proces zorgt voor ultrafijne waterdeeltjes die door de ventilator worden verspreid, waardoor een aangename en vochtige atmosfeer ontstaat.   Multi-hoekkoeling: Het zwenkbare ventilatorblad van de draagbare mini-airconditioning kan 60 graden omhoog en omlaag worden aangepast, en kan ook 60/120 graden draaien voor een breder luchtstroomgebied. Dit voorkomt overmatige blootstelling aan één richting en biedt verlichting van ongemakken zoals hoofdpijn en verkoudheid.   3 Aanpasbare Ventilatorsnelheden: Het intuïtieve bedieningspaneel biedt keuze uit drie ventilatorsnelheden (laag/middel/hoog) om aan verschillende behoeften te voldoen. Met een maximale snelheid van 4000 RPM en een luchtsnelheid tot 35 m/s zorgt deze luchtkoeler voor een verfrissende bries.   Nachtlampje en Groot Waterreservoir: De luchtkoeler is voorzien van 7 kleurrijke lampen voor een geleidelijke kleurverandering, wat een romantische sfeer creëert. Het ruime waterreservoir van 700 ml zorgt voor tot wel 6 uur koelverdamping en kan zelfs ijsblokjes bevatten voor extra frisheid.   Veilig en Energiezuinig: De Omison mini-airconditioning is compressorvrij en bevat geen chemische koelmiddelen voor veiligheid en milieuvriendelijkheid. Met een geïntegreerd veiligheidssysteem schakelt het automatisch uit na 6 uur. Met slechts 8 W/uur stroomverbruik is het ontworpen voor individueel gebruik en verbruikt het minder energie dan traditionele airconditioners.  
"
504,"Duurzame Multifunctionele Luchtreiniger (Houden voedsel langer vers + geurvreter + luchtontvochtiger + verwijdert gifstoffen) - Non Toxic (kind, dier en milieu vriendelijk!) - Simpel & Effectief - 200g!",,CleanTech Nature,,,,"13,95",,https://www.bol.com/nl/nl/p/duurzame-multifunctionele-luchtreiniger-non-toxic-simpel-effectief-200g/9300000136601357/,4,"
 CleanTech Nature Air Purifier elimineert effectief alle ongewenste geurtjes, allergenen, bacteriën, vervuilers en voorkomen schimmelvorming. Houden voedsel vers door vocht, bacteriën en schimmels te absorberen voordat die het eten bederven. Verwijdert gifstoffen uit de lucht en houdt ze vast binnen in het zakje. Haalt het vocht uit de lucht waardoor schoenen en sporttassen droog blijven en voorkomen daarmee geurtjes voordat ze gekweekt worden. Plaats de CleanTech Air Purifier zakjes overal, zoals in uw auto, boot, caravan/camper, badkamer, wc, kast, koelkast en andere ruimtes in uw huis en kantoor of in de buurt van schoenen, vuilnisbak, enz. Leg het zakje elke maand een uurtje in de zon om het zakje te verversen zodat het weer klaar is voor gebruik! Na een jaar genoten te hebben van frisse lucht, het zakje open knippen en de inhoud in de tuin strooien om de kwaliteit van de aarde te verbeteren! Duurzaam - Non Toxic - Simpel - Effectief 200g  
"
505,NormadicLife®- Ventilator voor Camper of Caravan - Zwart,,NormadicLife,,,,"49,95",Op voorraad,https://www.bol.com/nl/nl/p/normadiclife-ventilator-voor-camper-of-caravan-zwart/9300000096921166/,11,"
 Deze ventilator wordt bevestigd aan de buitenwand van de camper. Het geïntegreerde luifeltje houdt regen buiten. De ventilator is erg geschikt om te gebruiken bij een kookstel of b.v. achter een koelkast. Heel gemakkelijk te installeren en werkt op 12V. 
 
 Beschrijving 
 
 Functies: 
 Het geluidsarme ontwerp zorgt voor een stille ruimte. 
 Gemaakt van hoogwaardig kunststof, het is bestand tegen chemische corrosie en hitte. 
 Het werkt verbazingwekkend om de RV te ventileren, zodat je de lucht fris kunt houden. 
 Eenvoudig te installeren. 
 Gaas aan de binnenkant om onbekende voorwerpen buiten te houden. 
 Geschikt voor camper trailer boot marine caravan jacht, etc. 
 
 Specificaties: 
 Kleur: Zwart, Wit 
 Materiaalsoort: kunststof 
 Spanning: 12V 
 Verbruik: 25 watt 
 Toepasselijk model: RV 
 Productgrootte: 15 * 8 * 7,2 cm 
 Verpakkingsgrootte: 16 * 8.5 * 8 cm 
 Gewicht: 300g netto 
 
 Pakket Lijst: 
 1 * RV Ventilatie Ventilator: 
 1 * Setje schroeven 
"
506,Can Fan RK100 Buisventilator max 240 m3/h - 100mm,,Can Fan,,,,"86,95",,https://www.bol.com/nl/nl/p/can-fan-rk100-buisventilator-max-240-m3-h-100mm/9200000117546614/,2,"
Can Fan RK is een achterwaarts gerichte centrifugaalventilator met een zeer sterke onderhoudsvrije kunststof behuizing. De motor zijn toerental kan worden geregeld met elektronische of frequentieregeling.De motor is uitgerust met een thermische schakelaar als bescherming die hem uitschakelt als deze een gevaarlijke werktemperatuur bereikt. Het propellerontwerp zorgt ervoor dat de uitlaatventilator een sterke luchtstroom levert met minder geluid.
Voor efficiënte prestaties met de best mogelijke resultaten wordt het gebruik van Can Fan RK in combinatie met Can Filters ten zeerste aanbevolen.
Alle producten zijn uitgerust met montage beugels.

Kunststoffen behuizing
Makkelijk te combineren met een Fan controller
Zwitserse motor met geïntegreerde thermische motorbeveiliging
Flensmaat 100 mm
Met regelbare snelheid (motor is 100% regelbaar)
Incl. elektrische aansluitbox (kunststof)
Onderhoudsvrije kogellagers
Thermocontact
Corrosievrije as



Vermogen 240m3/h
Flensmaat 100 mm
0,3 Ampère
55 Watt
Gewicht 2,3 kg

"
507,CREATE WINDCALM DC-Geluidloos Plafondventilator Winter/Zomer functie Wit donker Hout met wifi - 132 cm - 6 Snelheden - Timer,,Create,,,,"124,95",,https://www.bol.com/nl/nl/p/create-windcalm-dc-geluidloos-plafondventilator-winter-zomer-functie-wit-donker-hout-met-wifi-132-cm-6-snelheden-timer/9300000139547092/,8,"
Bij Create weten we dat de dingen om ons heen veel meer zijn dan gewoon voorwerpen. Dat deze dingen ons dagelijks leven gemakkelijker en aangenamer maken. Dat ze invloed hebben op hoe we ons voelen in de ruimte rondom ons. En dat ze ons helpen te handelen, te proeven, te voelen en te creëren. Hierdoor ontstaat CREATE. CREATE AIR Voel alle lucht en geen geluid. Minimalistische ontwerpen, met zuivere en elegante collecties die in elke ruimte en in elk seizoen passen en de omgeving op orde maken en zuiveren.CREATE WINDCALM DCMet een behuizing van aluminium en 6 snelheden verhoogt hij uw energie-efficiëntie het hele jaar door, koelt in de zomer en verdeelt de warmte van de verwarming in de winter. Het exclusieve ontwerp, geïnspireerd op luchtvaartpropellers, is ultrastil en efficiënt. Bedien hem comfortabel met zijn afstandsbediening en programmeerbare timer. Kies of je WiFi-connectiviteit wilt (controleer beschikbaarheid).Bespaar energie met de zomer-/winterfunctieDoor de draairichting van de bladen te veranderen, wordt de warmte die in de winter naar het plafond stijgt of in de zomer de warme lucht afvoert, gelijkmatig verdeeld, wat energie bespaart. Koperen gelijkstroommotor en 6 snelheden Zijn motor, die efficiënter en duurzamer is, heeft 6 snelheden. Daardoor ontstaan verschillende luchtstromen, zodat u steeds het debiet kunt kiezen dat u het beste uitkomt.Stille plafondventilatorU kunt hem zelfs in een slaapkamer ophangen, want het ontwerp van de ultralichte bladen samen met de gelijkstroommotor maken nauwelijks geluid. U zult alleen maar de ontspannen sfeer opmerken die het creëert. Totale controle en programmeerbare timer Met de afstandsbediening kunt u alles regelen, zoals het programmeren van de timer van 1 tot 8 uur, zodat hij automatisch uitschakelt als de gekozen tijd verstreken is. Ideaal voor verschillende kamers in huis Deze plafondventilator met een diameter van 132 cm is perfect om verschillende binnenruimtes in huis van ongeveer 13 m² tot 25 m² te ventileren en te acclimatiseren.  Timer 1h, 2h, 4h, 8h Ventilatorsnelheid 100/136/167/193/210/223 rpm Motortype DC Vermogen 40 W Verstelbare hoogte Nee Energieklasse A ++ Elektrische isolatieklasse II Luchtstroom 85/110/140/170/200/210 m³/min Afmetingen Ø1320x235/315 mm Gewicht 6 kg Citaten materiaal hout Geluidsniveau 50 dB snelheden 6 IP-bescherming IP20 Garantie 2 jaar Certificaten CE & RoHS Zomer/Winter functie Ja Omkeerbare vleugels Nee Ventilatorgrootte Medium (Ø132cm) Grootte van de flat / kamer Middelgroot (13m² tot 25m²) Gebruik Binnen 
"
508,NormadicLife®- Ventilator voor Camper of Caravan - Wit,,NormadicLife,,,,"49,95",Op voorraad,https://www.bol.com/nl/nl/p/normadiclife-ventilator-voor-camper-of-caravan-wit/9300000096922348/,10,"
Deze ventilator wordt bevestigd aan de buitenwand van de camper. Het geïntegreerde luifeltje houdt regen buiten. De ventilator is erg geschikt om te gebruiken bij een kookstel of b.v. achter een koelkast. Heel gemakkelijk te installeren en werkt op 12V.
 
Beschrijving
 
Functies:
Het geluidsarme ontwerp zorgt voor een stille ruimte.
Gemaakt van hoogwaardig kunststof, het is bestand tegen chemische corrosie en hitte.
Het werkt verbazingwekkend om de RV te ventileren, zodat je de lucht fris kunt houden.
Eenvoudig te installeren.
Gaas aan de binnenkant om onbekende voorwerpen buiten te houden.
Geschikt voor camper trailer boot marine caravan jacht, etc.
 
Specificaties:
Kleur: Zwart, Wit
Materiaalsoort: kunststof
Spanning: 12V
Verbruik: 25 watt
Toepasselijk model: RV
Productgrootte: 15 * 8 * 7,2 cm
Verpakkingsgrootte: 16 * 8.5 * 8 cm
Gewicht: 300g netto
 
Pakket Lijst:
1 * RV Ventilatie Ventilator:
1 * Setje schroeven
"
509,ShopbijStef - Draagbare Luchtontvochtiger - Luchtreiniger 2 In 1 - Thuisontvochtiger - Keukenluchtreiniger - Mute Luchtdroger - Luchtontvochtiger - Wit,,ShopbijStef,,,,"99,-",,https://www.bol.com/nl/nl/p/shopbijstef-draagbare-luchtontvochtiger-luchtreiniger-2-in-1-thuisontvochtiger-keukenluchtreiniger-mute-luchtdroger-luchtontvochtiger-wit/9300000170760015/,7,"
Introductie Op zoek naar een compacte en efficiënte draagbare luchtreiniger en ontvochtiger voor thuis of in de keuken? Ontdek nu onze Draagbare Premium Ontvochtiger En Luchtreiniger 2 In 1! Met indrukwekkende ontvochtigingscapaciteit, fluisterstille werking en automatische uitschakeling is dit de ideale toevoeging voor een comfortabele leefomgeving. Gemakkelijk draagbaar en energiebesparend. Bestel vandaag nog bij European Dropshipping Store Store No. : 1100388604. Specificaties  Materiaal: ABS Capaciteit: 850 ml Vermogen: 22W Ingangsspanning: 100-240V Ontvochtigingsgebied: 0-20m2 24-uurs ontvochtigingscapaciteit: 300 ml, gemeten bij 30 graden Celsius en 90% luchtvochtigheid. Geluid: <36dB Verpakking: Verpakt in doos Afmetingen: 241313cm  Kenmerken:  Uitstekende ontvochtigingscapaciteit: Thermo-elektrische technologie absorbeert effectief tot 350 ml vocht per dag, houdt luchtvochtigheid onder 40%. Ultra-stil: Werkt fluisterstil met minder dan 36dB geluidsniveau, perfect voor ongestoorde rust of lezen. Automatische uitschakeling: Voorzien van een 850ml watertank, schakelt automatisch uit bij volle tank om schade te voorkomen. Blauw indicatorlampje knippert als herinnering om het water te legen. Kleine draagbare ontvochtiger: Compact formaat (131324cm), gemakkelijk mee te nemen en geschikt voor ruimtes tot 20m2. Eenvoudige bediening en energiebesparend: Met één knop bediening, verbruikt slechts 22 watt per uur, wat overeenkomt met 0.54 kilowatt elektriciteit na 24 uur gebruik.  Verpakkingsaccessoires:  1 ontvochtiger 1 handleiding 1 netsnoer  Specificaties:  Dekgebied: 0-20m Toepassing: 11-20°C Capaciteit watertank: <1L Oorsprong: Cn (China)  USP's Draagbare ontvochtiger en luchtreiniger 2 in 1 voor thuis en keuken Deze draagbare ontvochtiger en luchtreiniger is perfect voor mensen die op zoek zijn naar een handig en efficiënt apparaat om de lucht in huis of in de keuken te zuiveren. Met zijn compacte formaat en stille werking is hij ideaal voor elke kamer. Uitstekende ontvochtiging capaciteit voor een gezond binnenklimaat Met een capaciteit van 850 ml kan deze ontvochtiger op effectieve wijze 350 ml overtollig vocht per dag absorberen. Dit zorgt ervoor dat de luchtvochtigheid onder de 40% blijft en voorkomt de opbouw van schimmel en allergenen. Zo creëert u een gezonde leefomgeving. Automatische uitschakeling en energiebesparend Deze ontvochtiger is voorzien van een slimme automatische uitschakelfunctie wanneer het waterreservoir vol is. Dit beschermt het apparaat tegen schade en zorgt voor een langere gebruiksduur. Bovendien verbruikt deze ontvochtiger slechts 22 watt per uur, wat betekent dat hij zeer energiebesparend is. Voordelen 8 voordelen van de Draagbare Premium Ontvochtiger En Luchtreiniger 2 In 1 Voor Thuis Voor Kamer Voor Keuken:  Verwijdert effectief 350 ml vocht per dag, waardoor de lucht in huis fris en droog blijft. Werkt zeer stil, met een geluidsniveau van minder dan 36dB, zodat je ongestoord kunt genieten van een goede nachtrust. Schakelt automatisch uit wanneer de watertank vol is, waardoor schade aan het apparaat wordt voorkomen. Klein en draagbaar formaat, waardoor je de ontvochtiger gemakkelijk overal mee naartoe kunt nemen. Eenvoudige bediening met de one-touch knop, waardoor je de ontvochtiger gemakkelijk kunt gebruiken. Energiebesparend ontwerp met een verbruik van slechts 22 watt per uur, waardoor je elektriciteit bespaart. Geschikt voor kamers en keukens tot een oppervlakte van 20m2, waardoor de lucht overal in huis gezuiverd wordt. Wordt geleverd inclusief ontvochtiger, handleiding en netsnoer, zodat je direct aan de slag kunt met het verbeteren van de luchtkwaliteit in huis.  Koop nu de Draagbare Premium Ontvochtiger En Luchtreiniger 2 In 1 en geniet van een frisse en gezonde leefomgeving! FAQ Veelgestelde vragen   Hoeveel vocht kan deze draagbare ontvochtiger en luchtreiniger per dag verwijderen?  Deze ontvochtiger kan tot 350 ml vocht per dag verwijderen en zorgt ervoor dat het vochtgehalte onder 40% blijft.    Hoe stil is deze ontvochtiger en luchtreiniger tijdens gebruik?  Deze ontvochtiger werkt in een zeer stille modus met een geluidsniveau van minder dan 36dB. Je zult niet gestoord worden tijdens het lezen of slapen.    Wat gebeurt er als de watertank vol is?  De ontvochtiger schakelt automatisch uit wanneer de watertank vol is om overlopen te voorkomen en het apparaat te beschermen tegen schade. Het blauwe indicatorlampje zal ook gaan branden en   
"
510,Soler & Palau Silent badkamerventilator - Design - 100cz,,Soler & Palau,,"2,5",2,"102,95",Op voorraad,https://www.bol.com/nl/nl/p/soler-palau-badkamerventilator-silent-100cz-design-3c/9200000039830142/,10,"
    Ultra stille design ventilator. Capaciteit 85 m3/h, voor kanalen diameter 100 mm. Front in ABS, behuizing en vleugel in polypropyleen. Motor 230V-50Hz, klasse B, voorzien van een thermische beveiliging.Toestel klasse II, IP 45, voor omgevingstemperaturen tot maximaal 40°C. Het standaard model is een aan/uit ventilator die u schakelt met uw lichtschakelaar of een losse schakelknop.Geluidniveau: 26,5 dB (zeer laag) (gemeten in vrije veld op 3 meter)Verbruik: slechts 8 Watt (energiezuinig) Kleur: WIT Axiale muur- of plafondventilatoren, ontworpen om ventilatieproblemen in kleine vertrekken, toiletten of badkamers op te lossen. De motoren van de SILENT serie worden op silent-elastic-blocks gemonteerd die de trillingen absorberen. Op deze manier wordt het geluid van deze afzuiginstallatie aanzienlijk teruggebracht, tot fluisterstil. Voorts zijn de motoren van de SILENT serie uitgerust met kogellagers voor een lange levensduur (langer dan 30.000 bedrijfsuren). Tevens zijn alle ventilatoren voorzien van terugslagkleppen.
  "
511,Ozongenerator – Ozongenerator Luchtreiniger – 220V – Krachtige Werking – Laag Stroomverbruik – Muisstil,,Dytroux,,,,"114,95",,https://www.bol.com/nl/nl/p/ozongenerator-ozongenerator-luchtreiniger-220v-krachtige-werking-laag-stroomverbruik-muisstil/9300000161149580/,4,"
Heeft uw huis een ozongenerator nodig? Maak uw huis fris, met de ozon generator ionisator. Deze ozongenerator heeft een krachtige ingebouwde dosis ozon, elimineert geurtjes en zorgt voor verfrissing door het evenwicht van micro-organismen te herstellen. Hij ondersteunt verschillende functies zoals zuiveren, ontgassen en het uitzenden van negatieve ionen die zowel krachtig als langdurig zijn. De ozon kan worden gebruikt om de lucht in uw kamer te zuiveren of als ontgeurder voor huisdieren en huisdieren.   Producteigenschappen en voordelen   Deze ozongenerator is draagbaar en eenvoudig te gebruiken voor zakelijke doeleinden. Laag stroomverbruik, waardoor u energie kunt besparen. Veilig, stil en effectief. Met behulp van hoogspanning, ozon creëren met behulp van droge lucht of atmosferische zuurstof als het primaire ingrediënt. Verfrist de lucht en verwijdert geurtjes.   Hoe te gebruiken:   Krijg de ozongenerator machine   Ken elk gebruik van het product   Gebruik dienovereenkomstig met behulp van de producthandleiding.     Opmerkingen:   Normaal moet u deze ozongenerator slechts 10 tot 20 minuten per keer gebruiken; als u het langer dan dat moet laten draaien, moet u een elektrische ventilator gebruiken.   Mensen mogen niet werken in een gebied met veel ozon. Het is riskant om de hoogspannings uitgang te gebruiken. Als het apparaat in gebruik is, mag u het op geen enkele manier aanraken.   Maak de keramische plaat elke maand schoon met ethylalcohol, en gebruik hem als hij volledig droog is. Om op deze manier een normale ozon opbrengst te garanderen.     Productinformatie: Machines die ozon gebruiken om voorwerpen te desinfecteren en te steriliseren gebruiken ozon als lichtbron in de lucht en kruipende ontlading technologie om hoge ozonconcentraties schokvrij te maken.   Ozon is een van de krachtigste bekende oxidatiemiddelen en bij specifieke concentraties kan het snel een groot aantal gevaarlijke micro-organismen uit het water en de lucht verwijderen. Het wordt erkend als het meest effectieve bacteriedodende ontsmettingsmiddel ter wereld.   Wordt gebruikt in apparaten zoals de droger, vaatwasser, koelkast, elektronische schoenenkast en luchtreiniger. Deze ozongenerator is draagbaar en eenvoudig te gebruiken voor zakelijke doeleinden.   Laag stroomverbruik, waardoor u energie kunt besparen.   Veilig, stil en effectief.   Met behulp van hoogspanning, ozon creëren met behulp van droge lucht of atmosferische zuurstof als het primaire ingrediënt. Verfris de lucht en verwijder geuren.   Product Details:   Type: 110-220V   Output ozon: 24g/h   Punt Grootte: 200 * 180 * 140mm   Punt Gewicht: 1645g   Pakket Grootte: 300 * 190 * 170mm   Pakketgewicht: 1915g     Uitgebreide kennis van ozongenerator machine Wij hebben uitgebreide kennis van de specificaties voor de ideale ozongenerator machine omdat we hebben gewerkt in de ozongenerator machine specialiteit voor een zeer lange tijd. Aangezien wij een hoge waarde op kwaliteit plaatsen, willen wij u de best mogelijke ervaring hebben gebruikend de machine van de ozongenerator.   Inbegrepen product:   1 x de reeks van de ozongenerator machine   1 x Product Handboek     Geniet van een nieuwe, gezondere omgeving thuis met de Ozon Generator. Deze 24g/h Professional Ozone Generator Ionizer heeft een uniek ontwerp waardoor het binnen of buiten geplaatst kan worden en u een ozongehalte van meer dan 250 ppm in de kamerlucht krijgt. Deze ionisator is perfect voor gebruik in uw huis, auto's en andere gebieden waar u een meer antioxidatieve lucht wilt inademen.
"
512,RIY-check™ Rain Cloud Humidifier + Essential olie - Regenwolk luchtbevochtiger + Handleiding - Regenwolk Luchtbevochtiger,,RIY-check,,,,"59,50",,https://www.bol.com/nl/nl/p/riy-check-rain-cloud-humidifier-essential-olie-regenwolk-luchtbevochtiger-handleiding-regenwolk-luchtbevochtiger/9300000160097570/,8,"
Creëer een Oase van Rust met Natuurlijke Geluiden en Bevochtiging   Ontsnap naar een wereld van serene rust en ontspanning met de innovatieve RainCloud Humidifier, een meesterwerk van modern design en functionaliteit. Dit verfijnde apparaat biedt niet alleen de voordelen van luchtbevochtiging, maar neemt je ook mee op een sonische reis naar de kalmerende geluiden van een zachte regenbui. Met zijn unieke eigenschappen stelt de RainCloud Humidifier je in staat om diep te ontspannen, vredig te slapen en te genieten van een omgeving die doordrenkt is van rustgevende natuurklanken. Ervaar de voordelen in punten:   Natuurlijke Geluiden van Regen:Laat je betoveren door de authentieke geluiden van een verkwikkende regenbui. De RainCloud Humidifier is voorzien van geavanceerde geluidstechnologie die zorgvuldig vastgelegde regengeluiden afspeelt. Deze geluiden zijn zorgvuldig geselecteerd om een gevoel van ontspanning en welzijn te bevorderen, waardoor stress wordt verminderd en een serene sfeer wordt gecreëerd.   Ultieme Ontspanning : Of je nu na een drukke dag tot rust wilt komen of jezelf wilt voorbereiden op een diepe slaap, de RainCloud Humidifier biedt de ideale omgeving. De rustgevende regengeluiden helpen je geest te kalmeren en je lichaam te ontspannen, waardoor je een gevoel van totale kalmte ervaart.   Luchtbevochtiging voor Verhoogde Zuurstof:Naast het bieden van een sonische oase, dient de RainCloud Humidifier ook als luchtbevochtiger. Door zorgvuldig bevochtigde lucht te verspreiden, verhoogt het apparaat de vochtigheidsgraad van je omgeving. Dit creëert niet alleen een comfortabelere atmosfeer, maar zorgt ook voor een verhoogde zuurstofniveaus, wat gunstig is voor je ademhaling en algeheel welzijn.   Stijlvol en Eigentijds Design:De RainCloud Humidifier is niet alleen functioneel, maar ook een esthetisch hoogstandje. Het eigentijdse design past naadloos in elke interieurstijl en voegt een vleugje verfijning toe aan elke ruimte waarin het wordt geplaatst.   Eenvoudige Bediening:Bediening van de RainCloud Humidifier is moeiteloos. Met intuïtieve knoppen of afstandsbediening kun je gemakkelijk de geluidsinstellingen aanpassen en de luchtbevochtigingsniveaus regelen.   Ervaar zelf het verschil dat de RainCloud Humidifier kan maken in je dagelijkse leven. Stap in een wereld van rustgevende geluiden en verhoogde welzijn, terwijl je omgeven wordt door de geruststellende sfeer van een zachte regenbui. Gun jezelf het geschenk van totale ontspanning en investeer in de RainCloud Humidifier voor een rustgevende levensstijl die je verdient.
"
513,DrPhone EcoBreeze MultiFlow - Multifunctionele Koelventilator – Draagbaar En Compact – Met Drie Windsnelheden – 500ML Watertank – Ingebouwde Schoonmaak Filter - Wit,,DrPhone,,,,"49,95",,https://www.bol.com/nl/nl/p/drphone-ecobreeze-multiflow-multifunctionele-koelventilator-draagbaar-en-compact-met-drie-windsnelheden-500ml-watertank-ingebouwde-schoonmaak-filter-wit/9300000159439700/,16,"
Ontdek de ultieme verfrissing met de DrPhone EcoBreeze MultiFlow Multifunctionele Koelventilator! Met zijn innovatieve kenmerken en geavanceerde technologieën ben jij klaar voor een zomer vol comfort. Dankzij het compacte en draagbare design is deze koelventilator jouw ideale metgezel, waar je ook gaat. Zijn grote watertank zorgt voor langdurige verkoeling, terwijl het kalmerende blauwe omgevingslicht een vleugje ontspanning toevoegt aan elke ruimte. Met ultrasone automatisering brengt de EcoBreeze MultiFlow de toekomst binnen handbereik. Drie windsnelheden bieden aanpasbare verfrissing, terwijl de koelingsfunctie zelfs de heetste dagen draaglijk maakt. Schakel moeiteloos tussen de atomisatiemodus en de niet-geatomiseerde modus, zodat je de controle hebt over jouw comfortniveau Dankzij de ingebouwde filter geniet je van schone, frisse lucht terwijl de ventilator zachtjes zoemt. Of je nu thuis bent, op kantoor of onderweg, de EcoBreeze MultiFlow staat voor je klaar om de hitte te verslaan en de lucht te zuiveren. Ervaar de volgende generatie koeltechnologie met de DrPhone EcoBreeze MultiFlow. Bestel nu en omarm een koelere, comfortabelere levensstijl!  Kenmerken:   - Compact design  - Draagbaar  - Grote watertank  - Blauw omgevingslicht  - Ultrasone automatisering  - Drie windsnelheden  - Ingebouwde filter Specificaties:   - Merk: DrPhone  - Model: EcoBreeze MultiFlow  - Kleur: Wit  - Nominale spanning: DC5V1.5A  - Ingangsvermogen: nominaal vermogen 7W  - Maximale windsnelheid: ongeveer 3 m/s  - Nominale verdamping: ongeveer 50 ml/h ± 30%.  - Nominaal uitgangsluchtvolume: ongeveer 108mm 2/h (Q = 3600VA)  - Maximale luchttoevoerafstand: ongeveer 3m  - USB-kabellengte: 1,2 m  - Tankcapaciteit: 500ml  - Grootte van het product: L 168mm × W 145mm × H 225mm/680g  - Kleurendoos R inch: L180mmxW158mmxH 236mm / 942g
"
514,Retro ventilator & Luchtbevochtiger - 2 in 1 set - Ventilator - Plug & Play - Humidifier - Lucht koeler - Air cooler,,HUIZING PRODUCTS UIERCREME,,,,"29,95",Op voorraad,https://www.bol.com/nl/nl/p/retro-ventilator-luchtbevochtiger-2-in-1-set-ventilator-plug-play-humidifier-lucht-koeler-air-cooler/9300000038910307/,4,"
    Zorg in jouw huis voor de ideale luchtvochtigheid met onze Huizing Products 'Retro 2 in 1 Luchtbevochtiger'!Nu met 2 functies: luchtbevochtiging en ventilatie! Plug & Play gegarandeerd!Wat doet een luchtbevochtiger?Een luchtbevochtiger doet letterlijk wat het woord zegt, de lucht bevochtigen. Een ruimte moet tussen de 40 en 60% bevocht zijn voor een fijne en ideale leefomgeving. De luchtvochtigheid wordt veelal aangetast door slechte isolatie en/of warmte. Wat krijg je als de lucht niet bevochtigd is tussen de 40 en 60%?- Droge ogen- Droge mond- Droge huid- Meubels die grauw worden / eerder vervangen moeten wordenHoe werkt het?- Draai zachtjes de onderkant los en vul deze met maximaal 220 ml water- Draai de onderkant weer vast- Plug de luchtbevochtiger in het stopcontact- Tap naar voren voor de luchtbevochtiger - Tap naar achter voor de ventilator - Beide opties zijn tegelijk mogelijk!- 3 uur continue luchtbevochtiging / 6 uur periode luchtbevochtiging (gaat automatisch uit)Extra functies?- Druk 1/2/3 x voor de snelheid van de ventilator (langzaam / middel / snel)- Druk 2 x snel achter elkaar naar voren voor periodieke luchtbevochtiging (3 seconden aan / 3 seconden uit)Vandaag besteld = Morgen verstuurd! Op voorraad in Nederland!
"
515,Itho Daalderop CVE-S eco fan ventilator box high performance RFT HE 415m3/h + vochtsensor - euro stekker 03-00402,,Itho Daalderop,,,,"275,26",Op voorraad,https://www.bol.com/nl/nl/p/itho-daalderop-cve-s-eco-fan-ventilator-box-high-performance-rft-he-415m3-h-vochtsensor-euro-stekker-03-00402/9200000097637466/,8,"
De Itho Daalderop CVE-S HE mechanische ventilator is ontwikkeld voor de centrale afzuiging van woningen. De ventilator heeft een maximale capaciteit van 415 m³/h en is daarmee geschikt voor de afzuiging van de keuken, badkamer en toiletruimtes. De compacte CVE-S ecofan is eenvoudig te monteren op iedere denkbare manier: aan het plafond, tegen de wand, op de vloer en zelfs tegen een schuin dak.De CVE-Secofan RFT HE is standaard voorzien van een eurostekker, RF-ontvanger en vochtsensor. Hierdoor is de ventilator geschikt voor vraaggestuurde ventilatie. Wanneer de ventilator gekoppeld is met de AUTO RFT-bediening (art nr: 536-0150) en op de automatische stand staat, zullen alle aanwezige sensoren geactiveerd worden. Standaard is de CVE-S voorzien van een vochtsensor. De ventilator zal dan automatisch optoeren wanneer er een ophoging van het vochtgehalte wordt geconstateerd. Daarnaast is de ventilator te voorzien van een CO2 ruimtesensor. Technische specificatiesMateriaal behuizing: KunststofLuchthoeveelheid hoog bij 100 Pa: 468 m³/hLuchthoeveelheid hoog bij 150 Pa: 415 m³/hLuchthoeveelheid hoog bij 200 Pa: 380 m³/hLuchthoeveelheid hoog bij 250 Pa: 350 m³/hLuchthoeveelheid hoog bij 300 Pa: 310 m³/hOpgenomen vermogen conform EPN norm: 0,07 kWCos. phi conform EPN norm: 0,58Type motor: GelijkstroomElektrische aansluiting: Aansluitsnoer met randaarde stekkerMet draadloze afstandsbediening: NeeGeschikt voor draadloze afstandsbediening: JaMet vochtsensor: JaGeschikt voor vraaggestuurde ventilatie: JaType toerenregeling: 3 toerenNom. Kanaaldiameter: 125 mmAansluiting: SteekeindAantal aanzuigaansluitingen: 4Achteraansluiting: NeeHoogte: 350 mmBreedte: 355 mmDiepte: 294 mm
"
516,CREATE - Plafondventilator 40W silent Ø132 cm - Met licht - WIND PROP,,Create,,,,"99,95",,https://www.bol.com/nl/nl/p/create-wind-prop-dc-plafondventilator-40w-silent-o132-cm-met-licht-zonder-wifi/9300000139337375/,12,"
WIND PROP Bij Create weten we dat de dingen om ons heen veel meer zijn dan gewoon voorwerpen. Dat deze dingen ons dagelijks leven gemakkelijker en aangenamer maken. Dat ze invloed hebben op hoe we ons voelen in de ruimte rondom ons. En dat ze ons helpen te handelen, te proeven, te voelen en te creëren. Hierdoor ontstaat CREATE WIND PROP DC - Plafondventilator 40W Silent Ø132 cm Design stille plafondventilator met 40W DC motor en omgekeerde winter-zomer functie. Een plafondventilator met een innovatief design, middelgroot en met dimbaar led-licht. Het lichaam is gemaakt van staal en de twee bladen zijn gemaakt van massief natuurlijk hout. Hij heeft 6 snelheden, een timer van maximaal 8 uur en je bedient hem eenvoudig met de afstandsbediening. Perfect voor middelgrote kamers tot 25 m². Bespaar energie met de zomer-/winterfunctie. Door de draairichting van de bladen te veranderen, verplaatst hij met de zomerfunctie de koele lucht van de vloer naar boven, waardoor de warmte wordt afgevoerd en de kamer wordt gekoeld. Met de winterfunctie verdeelt hij gelijkmatig de in het plafond opgehoopte warmte van de verwarming. Koperen gelijkstroommotor en 6 snelheden Zijn motor, die efficiënter en duurzamer is, heeft 6 snelheden. Daardoor ontstaan verschillende luchtstromen, zodat u steeds het debiet kunt kiezen dat u het beste uitkomt. Stille plafondventilator Een design ventilator met slechts 2 natuurhouten bladen. Dit ontwerp is geïnspireerd op de eerste propellers voor de luchtvaart. Bladen van massief hout, die er samen met de gelijkstroommotor voor zorgen dat het een zeer stille plafondventilator is. Totale controle en programmeerbare timer Met de afstandsbediening kunt u alles regelen, zoals het programmeren van de timer van 1 tot 8 uur, zodat hij automatisch uitschakelt als de gekozen tijd verstreken is. Plafondventilator met 3 lichttemperaturen Als je ervoor kiest de plafondventilator met verlichting te kopen, kun je de switchen tussen de drie kleurtemperaturen van zijn led van 15 W: warm, neutraal of koud – en zo de sfeer scheppen die je verkiest.  Middelgrote plafondventilator. Ideaal voor diverse kamers in huis. Met zijn diameter van 132 cm is deze plafondventilator perfect voor het ventileren en acclimatiseren van diverse binnenruimtes in huis, van ongeveer 13 tot 25 m²  Timer 1h, 2h, 4h, 8h Ventilatorsnelheid 80/109/139/158/177/200 rpm Motortype DC Vermogen 40 W Zomer/Winter functie Ja Verstelbare hoogte Nee Energieklasse A ++ Elektrische isolatieklasse II Afmetingen Ø1320x315 mm Luchtstroom 70/109/140/170/187/203 m³/min Citaten materiaal hout Gewicht 4.6 Kg snelheden 6 IP-bescherming IP20 Geluidsniveau 50 dB Certificaten CE & RoHS Garantie 2 jaar Omkeerbare vleugels Nee Ventilatorgrootte Medium (Ø132cm) Grootte van de flat / kamer Middelgroot (13m² tot 25m²) Gebruik Binnen   
"
517,AIR STAND WOOD - Retro stijl 50 W draaiende staande ventilator,,Create,,,,"89,95",,https://www.bol.com/nl/nl/p/create-air-stand-wood-50w-zwenkvoetventilator-in-retrostijl-wit-natuurlijk-hout/9300000107068105/,8,"
    Ventilator op voet in retro stijl met een vermogen van 50 W en een motor van 100% koper, waardoor hij minder energie verbruikt, efficiënter en robuuster is en langer meegaat. Met 3 snelheden en oscillatie-optie. Bovendien verstelbaar in hoogte en daardoor aan te passen aan iedere ruimte.
  "
518,Draadloze Bureauventilator - Ventilator - Tafelventilator - Groen - 3 Windsnelheden - Moederdag Cadeautje - Black Friday 2023 Deals,,Cocho,,"4,0",1,"27,95",Op voorraad,https://www.bol.com/nl/nl/p/draadloze-bureauventilator-ventilator-tafelventilator-groen-3-windsnelheden-moederdag-cadeautje/9300000122852916/,13,"
Draagbaar en opvouwbaar ventilatorontwerp kan reizen en oppakken gemakkelijker maken. Het kan in de lade of in de rugtas worden geplaatst. Het verborgen ontwerp van de geurverspreider op de ventilator kan je helpen om de lucht snel te verversen en je een comfortabel gevoel te geven. Meerdere bruikbare ventilatorscenario's: De frameventilator kan 180° in de windrichting worden versteld. De opvouwbare ventilator kan in de slaapkamer, op kantoor en thuis worden gebruikt, het stijlvolle assortiment armbandontwerp kan aan de muur worden gehangen. De USB-aangedreven ventilator kan ook in de tent worden gebruikt wanneer u kampeert of reist. 3 - Aangepaste en stille snelheden:  Adopteer 3 - Lage snelheden voor sterke wind kunnen helpen om comfortabel te koelen met verschillende vierkante kamers. De kleine opvouwbare ventilator met speciaal ontworpen bladen en stille motoren is vooral geschikt voor baby's, ouderen en mensen die een hekel hebben aan lawaai. USB - draagbaar motoraangedreven ontwerp: Deze ventilator kan worden gevoed via elke USB in huis, auto en enz., geschikt voor verschillende scenario's.Persoonlijke ventilator ontworpen met het mini-formaat, gemakkelijk mee te nemen en op te bergen. Het is een ideale ventilator voor opvliegers, zomerkampen, kampeercadeaus voor kinderen en vrienden. 1 x luchtventilator1x USB-kabel null    
"
519,Renson 7502 Ventilator met bewegingssensor Ø125mm,,Renson,,,,"103,-",,https://www.bol.com/nl/nl/p/mech-vent-bewegingssensor-7502m-wit-renson-o-125/9300000018555458/,0,"
    MECH. VENT. BEWEGINGSSENSOR 7502M WIT RENSON Ø 125   Ventileer middelgrote ruimtes met deze kunststof mechanische ventilator met bewegingssensor van het merk Renson. Monteer het eenvoudig in de muur of het plafond van je badkamer, toilet of keuken. Deze 7-bladige stille propeller is bovendien verbruikt slechts 14 watt.
"
520,CREATE - Retro stijl 50 W draaiende staande ventilator - Grijs & Natuurlijk Hout - AIR STAND WOOD,,Create,,,,"79,95",,https://www.bol.com/nl/nl/p/air-stand-wood-retro-stijl-50-w-draaiende-staande-ventilator/9300000107068099/,9,"
    AIR STAND WOOD Ventilator op voet in retro stijl met een vermogen van 50 W en een motor van 100% koper, waardoor hij minder energie verbruikt, efficiënter en robuuster is en langer meegaat. Met 3 snelheden en oscillatie-optie. Bovendien verstelbaar in hoogte en daardoor aan te passen aan iedere ruimte.   100% koperen motor Dit materiaal maakt het mogelijk om hoge vermogens en hoge toerentallen te bereiken, terwijl het verbruik erg laag blijft. Motoren van koper zijn efficiënter, robuuster en gaan langer mee.   Met 3 snelheden Ventilator met 5 bladen die zorgt voor een aangename en stille luchtstroomventilatie op elk van de drie snelheden: turbo/hoog, normaal/medium en sleep/laag. Groot bereik Draait 75° opzij en tot 10° verticaal aan de kop. Gemakkelijk te verplaatsen en dus te gebruiken in alle ruimtes in huis. Weegt slechts 6,4 kilo en heeft een snoer van 1,75 meter.   Hoogte verstelbaar en aanpasbaar Je kunt hem dus aanpassen aan elke ruimte en naar wens genieten van de luchtstroom. De hoogte is minimaal 90 cm en maximaal 120 cm.   Met veiligheidssysteem voor grotere gemoedsrust Heeft een AUTO-OFF-veiligheidssysteem met veiligheidsrooster en brede stabiele voet, zodat hij stevig blijft staan waar je hem neerzet.   Retrodesign Een ventilator met de nieuwste technologie en vintage esthetiek om je huis persoonlijkheid te geven.   Oscillatie 75 ° L-R / 10 ° omhoog-omlaag Motortype 100% sluw koper Beveiligingssysteem Automatisch afsluiten Vermogen 50W Werkoppervlak 66 m³ / min Verstelbare hoogte ja Frequentie 50/60 Hz Luchtstroom 1200/1100/1000 Afmetingen 470x410x1200 mm Materiaal Aluminium / kunststof Citaten materiaal plastic Gewicht 6,4 kg snelheden 3 Spanning/Voltage 220-240V Geluidsniveau 64 dB Aantal bladen 5 Certificaten CE & RoHS Garantie 2 jaar
  "
521,Professionele Ventilator-Vizyon- Voor buitengebruik- industriële Ventilator- Bouwventilator. 30 inch(75 cm)),,VIZYON,,,,"494,-",,https://www.bol.com/nl/nl/p/professionele-ventilator-vizyon-voor-buitengebruik-industriele-ventilator-bouwventilator-30-inch-75-cm/9200000116471837/,4,"
Een professionele ventilator , geschikt als ondersteuning voor heaters en koelmachines.Dit apparaat kan gebruikt worden om de ventilatie en luchtcirculatie te bevorderen in iedere ruimte. Professionele Ventilator is geschikt voor: Vergroot ventilatie in ruimtes met indringende geur.Ruimtes die een vergrote luchtcirculatie nodig hebben.Ondersteunt hitte en koeling apparaten.Gerichte luchtstroming in fotostudio's een theaters.Motor koeling in motortestruimtes.► Watertank: 40 liter► Vermogen: 230 W► Nevelvolume: 0-4l / h► Ventilator diameter: 75cm► Hoogte: 180 cm► 3 snelheden windafstelling► Voltage: 110 ~ 130v / 220 ~ 240v► Frequentie: 50Hz / 60Hz► Messen: 3 aluminium lamellen► Oscillatiefunctie, instelbaar kantelen► Luchtstroom: 205m³ / min► Mistfunctie: 10h► N.W / G.W: 20.2 / 23.6kg► Productgrootte: 60 * 60 * 180cm► Materiaal: PP Watertank, ijzeren behuizing► Nevelvolume aanpassen► 100% koperen motor► Met 5 zwenkwielen, stabiel en gemakkelijk te verplaatsen► Luchtbevochtiger en ventilator kunnen afzonderlijk of samen worden gebruikt
"
522,Draadloze Bureauventilator - Ventilator - Tafelventilator - Wit - Vier Windsnelheden - Vloerventilator - Black Friday 2023 Deals,,Cocho,,"4,0",1,"27,95",Op voorraad,https://www.bol.com/nl/nl/p/draadloze-bureauventilator-tafelventilator-wit-vier-windsnelheden/9300000143975433/,10,"
Draagbaar en opvouwbaar ventilatorontwerp kan reizen en oppakken gemakkelijker maken. Het kan in de lade of in de rugtas worden geplaatst. Het verborgen ontwerp van de geurverspreider op de ventilator kan je helpen om de lucht snel te verversen en je een comfortabel gevoel te geven. Meerdere bruikbare ventilatorscenario's: De frameventilator kan 180° in de windrichting worden versteld. De opvouwbare ventilator kan in de slaapkamer, op kantoor en thuis worden gebruikt, het stijlvolle assortiment armbandontwerp kan aan de muur worden gehangen. De USB-aangedreven ventilator kan ook in de tent worden gebruikt wanneer u kampeert of reist. 3 - Aangepaste en stille snelheden:  Adopteer 3 - Lage snelheden voor sterke wind kunnen helpen om comfortabel te koelen met verschillende vierkante kamers. De kleine opvouwbare ventilator met speciaal ontworpen bladen en stille motoren is vooral geschikt voor baby's, ouderen en mensen die een hekel hebben aan lawaai. USB - draagbaar motoraangedreven ontwerp: Deze ventilator kan worden gevoed via elke USB in huis, auto en enz., geschikt voor verschillende scenario's.Persoonlijke ventilator ontworpen met het mini-formaat, gemakkelijk mee te nemen en op te bergen. Het is een ideale ventilator voor opvliegers, zomerkampen, kampeercadeaus voor kinderen en vrienden. 1 x luchtventilator1x USB-kabel null    
"
523,Radiaal ventilator DRF 1250 - waterschade ventilator - tapijtventilator,,Dryfast,,,,"165,-",,https://www.bol.com/nl/nl/p/radiaal-ventilator-drf-1250-waterschade-ventilator-tapijtventilator/9200000105443375/,3,"
    De DRF 1250 onderscheidt zich door de extreem kleine afmetingen en verstelbare uitblaasroosters, waardoor hij bijzonder geschikt is voor kleine ruimten en moeilijk bereikbare plaatsen waar nauwelijks plaats is om een machine op te stellen.Technische gegevens:Luchtverplaatsing: 950 m³/uurLuchtdruk max.: 105 PaAansluitspanning: 230 V / 50 HzLuchttemperatuur max.: 50 °CStanden: 3Opgenomen vermogen: 0,15 kWAfmetingen L x B x H: 340 x 320 x 280 mmGewicht: 4 kgGeluidsniveau: 38 dB (A) bij 1 meter afstandMobiliteit: draagbaar
  "
524,Nek Ventilator - Draagbare Ventilator - Nek Fan - Mini Ventilator - Hals Ventilator - Nekventilator Roze,,TrendX,,,,"21,99",Op voorraad,https://www.bol.com/nl/nl/p/nek-ventilator-draagbare-ventilator-nek-fan-mini-ventilator-hals-ventilator-nekventilator-roze/9300000154958542/,15,"
 Intelligente windsnelheidsregeling, geniet van het koele gevoel dat wordt geboden door verschillende windsnelheden. Comfortabel, snel en gemakkelijk te gebruiken. Kan worden gebruikt voor sport, vrije tijd, kantoor, fitness. USB-interface voor eenvoudig opladen. 360 ° universele pasvorm. Super sterke wind, om je af te koelen. Daarnaast kun je het parfum dat je het lekkerst vindt laten vallen om een ​​goede geur in de wind te creëren.  Specificaties:Product: hangende sportventilator.Model: X-8.Materiaal: kunststof, ABS.Kleur: Wit.Afmeting: 19x23x30 cm.Vermogen (W): 3,76 W.Spanning (V): DC 5V, 1A (max.)Stroomverbruik: 0,3-1,2 W.Batterij model: 18650 batterijBatterij capaciteit: 2000 mAhGebruiksduur: 2-8 uurOplaadtijd: 3 uurWindsnelheids modus: 3 niveausLicht modus: 2 modiGewicht: ongeveer 184 gPakket Inhoud:1 x nekventilator1 x USB-kabel
"
525,Professionele Ventilator  Incl. 7.6 Meter Flexibele Slang Ø 305 mm,,Lemato,,,,"277,-",,https://www.bol.com/nl/nl/p/professionele-ventilator-incl-7-6-meter-flexibele-slang-o-305-mm/9200000104253871/,4,"
    Productomschrijving    De 300 mm Professionele Ventilator zorgt door de hoge luchtverplaatsing (max. 500 Pascal) voor verbeterde ventilatie en vergrote luchtcirculatie en helpt eveneens in het drogen van vochtige oppervlakken.    De ventilator heeft 1 vaste snelheid en kan zowel blazen als zuigen met een luchtuitlaat van 12"".    Heeft een stabiele en duurzame constructie en is gemakkelijk in gebruik en transport.    Er kan een flexibele slang aangesloten worden om o.a. te ventileren onder een afdekking.Technische Gegevens    Diameter 300 mm    Luchtvollumestroom 3900 M3/h    Elektrische voeding 230 Volt    Ventilatorsnelheden 1    Luchtuitlaat Blazen / Zuigen    Gewicht 14.7 Kg    Afmetingen 48 x 37x 57 cmTechnische Gegevens Flexibele Slang    Diameter 305 mm    Lengte 7.6 meter
  "
526,Vizyon- Professionele - industriële Ventilator-Voor buitengebruik- Bouw ventilator- 26 inch. (65 cm),,VIZYON,,,,"559,-",,https://www.bol.com/nl/nl/p/vizyon-professionele-industriele-ventilator-voor-buitengebruik-bouw-ventilator-26-inch/9300000001381241/,4,"
Een professionele ventilator , geschikt als ondersteuning voor heaters en koelmachines.Dit apparaat kan gebruikt worden om de ventilatie en luchtcirculatie te bevorderen in iedere ruimte.Professionele Ventilator is geschikt voor: Vergroot ventilatie in ruimtes met indringende geur.Ruimtes die een vergrote luchtcirculatie nodig hebben.Ondersteunt hitte en koeling apparaten.Gerichte luchtstroming in fotostudio's een theaters.Motor koeling in motortestruimtes.►Ean 0715235530702► Watertank: 40 liter► Vermogen: 230 W.► Mistvolume: 0-4l / uur► Ventilator diameter: 65cm► Hoogte: 180 cm► Windaanpassing met 3 snelheden► Voltage: 110 ~ 130v / 220 ~ 240v► Frequentie: 50Hz / 60Hz► Mesjes: 3 aluminium mesjes► Oscillatiefunctie, instelbare kanteling► Luchtstroom: 189m³ / min► Mistfunctie: 10 uur► NW / G.W: 19,3 / 22,6 kg► Productgrootte: 60 * 60 * 180cm► Materiaal: PP watertank, ijzeren behuizing► Mist volume aanpassing► 100% koperen motor► Met 5 zwenkwielen, stabiel en gemakkelijk te verplaatsen► Luchtbevochtiger en ventilator kunnen afzonderlijk of samen worden gebruikt
"
527,POP - luxe aroma diffuser -  luchtbevochtiger - aromatherapie - essentiële oliën verstuiver,,Pranarom,,,,"48,09",,https://www.bol.com/nl/nl/p/pop-luxe-aroma-diffuser-luchtbevochtiger-aromatherapie-essentiele-olien-verstuiver/9300000132818349/,2,"
Neem jezelf mee op ontdekkingsreis door de wereld van geuren. Laat je verleiden door de vele verschillende etherische oliën die de natuur te bieden heeft. Voeg een paar druppels geurolie toe aan je Aroma Diffuser en geniet van de heerlijke geur die door je kamer verspreid.
Met zijn eenvoudig ontwerp en parallelle lijnen zorgt Pop, verstuiver van essentiële oliën, voor een jeugdige en luchtige touch: een aanwinst voor elk interieur!Met één klik verspreidt u uw favoriete aroma’s en geniet u van een gezellige lichtstemming: cool en downtempo of eerder dynamisch en pepsy ... aan jou de keuze!• Verstuiving: continu of met tussenpozen.• Licht: intens of matig• Aromaverstuiving en verlichting werken onafhankelijk van elkaar• Usb-kabel en stekkeradapter
"
528,ION-WIND TF - Ultrastille ionisatieventilator met afstandsbediening,,Create,,,,"79,99",Op voorraad,https://www.bol.com/nl/nl/p/ion-wind-tf-ultrastille-ionisatieventilator-met-afstandsbediening/9300000105462175/,7,"
Gemaakt met resistente en duurzame materialen zoals de 100% koperen motor, die ook nog eens een laag verbruik heeft.
3 bedieningsmodi en 6 snelheden regelbaar via het bedieningspaneel of de afstandsbediening.
Timer tot 12 uur.
Omgevingstemperatuur indicator
De ingebouwde deeltjesionisator verwijdert veel stof, pollen, ziektekiemen en geuren.
Kenmerken Luchtsnelheid 10 m/s Timer 1u - 12u Oscillatie zijdelings Motortype 100% koper Vermogen 45 watt Luchtstroom 5 cbm/min Dimensions Ø24x89 cm Druk / temperatuur indicator ja Inclusief Afstandsbediening Materiaal Aluminium / ABS / PC Kabellengte 1,5 m Weight 3,3 kg ionisator ja Modi / Functies 3: Flow, wind, slaap Tension 220-240 V / 50 Hz Geluidsniveau ± 60 dB snelheden 6 Druk- / temperatuurregelaar Nee Garantie 2 jaar Certificaten CE & RoHS



Luchtsnelheid
10 m/s


Timer
1u - 12u


Oscillatie
zijdelings


Motortype
100% koper


Vermogen
45 watt


Luchtstroom
5 cbm/min


Dimensions
Ø24x89 cm


Druk / temperatuur indicator
ja


Inclusief
Afstandsbediening


Materiaal
Aluminium / ABS / PC


Kabellengte
1,5 m


Weight
3,3 kg


ionisator
ja


Modi / Functies
3: Flow, wind, slaap


Tension
220-240 V / 50 Hz


Geluidsniveau
± 60 dB


snelheden
6


Druk- / temperatuurregelaar
Nee


Garantie
2 jaar


Certificaten
CE & RoHS
  "
529,Nek Ventilator - Draagbare Ventilator - Nek Fan - Mini Ventilator - Hals Ventilator - Nekventilator - Wit,,TrendX,,"3,0",1,"21,99",Op voorraad,https://www.bol.com/nl/nl/p/nek-ventilator-draagbare-ventilator-nek-fan-mini-ventilator-hals-ventilator-nekventilator-wit/9300000038225122/,8,"

Intelligente windsnelheidsregeling, geniet van het koele gevoel dat wordt geboden door verschillende windsnelheden.
Comfortabel, snel en gemakkelijk te gebruiken.
Kan worden gebruikt voor sport, vrije tijd, kantoor, fitness.
USB-interface voor eenvoudig opladen.
360 ° universele pasvorm.
Super sterke wind, om je af te koelen.
Daarnaast kun je het parfum dat je het lekkerst vindt laten vallen om een ​​goede geur in de wind te creëren.

Specificaties:Product: hangende sportventilator.Model: X-8.Materiaal: kunststof, ABS.Kleur: Wit.Afmeting: 19x23x30 cm.Vermogen (W): 3,76 W.Spanning (V): DC 5V, 1A (max.)Stroomverbruik: 0,3-1,2 W.Batterij model: 18650 batterijBatterij capaciteit: 2000 mAhGebruiksduur: 2-8 uurOplaadtijd: 3 uurWindsnelheids modus: 3 niveausLicht modus: 2 modiGewicht: ongeveer 184 gPakket Inhoud:1 x nekventilator1 x USB-kabel
  "
530,Ventilator Fan met 3 snelheden - Ø 40 cm,,Interior Deluxe,,"3,3",3,"39,95",,https://www.bol.com/nl/nl/p/ventilator-fan-met-3-snelheden-o-40-cm/9200000080700592/,4,"
    Interior Deluxe Staande ventilator 42 win hoogte verstelbaar: 105-128 cm, 3 snelheden instelbaar, staand model, zwenkbaar, 45W, Ø 40 cmDeze staande ventilator heeft 3 snelheden, is zwenkbaar en heeft een afstelbare hoogte van circa 105 tot 128 cm. Zo houdt u het koel tijdens de warmere dagen.
  "
531,TROTEC Luchtontvochtiger TTK 655 S,,Trotec,,,,"2799,95",,https://www.bol.com/nl/nl/p/trotec-luchtontvochtiger-ttk-655-s/9300000074041469/,9,"
Ter bescherming tegen schadelijke stof- en vochtafzettingen in de elektronica, zijn niet alleen de elektrische componenten van deze ontvochtiger speciaal ingekapseld, ook alle andere onderdelen van de TTK 655 S zijn betrouwbaar en onzichtbaar ondergebracht in een voor de praktijk geoptimaliseerd Duits industrieel ontwerp, dat wettelijk is beschermd.Vandaag nieuwbouwdroging, morgen waterschadesanering – het vaak wisselen van gebruikslocatie en gebruik onder ongunstige omstandigheden op bouwplaatsen, zijn voor deze condensdroger geen probleem:De rolzuigercompressortechniek van de TTK 655 S maakt niet alleen het transport in elke stand mogelijk, maar ook het tijdbesparend direct in gebruik nemen van deze ontvochtiger onmiddellijk na het opstellen mogelijk.* Ontwikkeling, ontwerp, productie: 100 % Trotec* Hoge ontvochtigingscapaciteit ook bij lage temperaturen* Maximale stof- en vochtbescherming voor alle elektrische componenten* Extreem onderhoudsvriendelijke constructie* Optimale hanteringseigenschappen* Dankzij de rolzuigercompressor in elke stand te transporteren en op te slaan* Praktische stapelgroef voor stabiele, ruimtebesparende opslag en transport* Meervoudig stapelbaar bij modellen met dezelfde afmetingen* Voor de praktijk geoptimaliseerd Duits industrieel ontwerp – wettelijk beschermd Let op: specificaties kunnen zonder opgave van redenen in het belang van een lopende productverbetering door de fabrikant worden gewijzigd. Aan de afbeeldingen van producten en eventueel getoonde specificaties of keurmerken kunnen geen rechten worden ontleend  
"
532,Equivera Auto Ontvochtiger - Lucht Ontvochtiger - Herbruikbaar - Vochtopnemer - Universeel - Compact,,Merkloos,,,,"61,95",,https://www.bol.com/nl/nl/p/equivera-auto-ontvochtiger-lucht-ontvochtiger-herbruikbaar-vochtopnemer-universeel-compact/9300000173056284/,6,"
Ontdek de ultieme oplossing voor een helder zicht en een fris auto-interieur met onze innovatieve luchtontvochtiger! Vermoeid van constant beslagen autoruiten die je zicht beperken en je veiligheid op de weg in gevaar brengen? Ons droogkussen biedt de perfecte remedie door overtollig vocht effectief te absorberen en condensatie tegen te gaan, zodat je altijd een onbelemmerd zicht hebt. Niet alleen houdt ons universele antislip pad het droogkussen stevig op zijn plaats, maar het biedt ook een veilige houvast voor je andere gadgets. Dit herbruikbare wonder is ontworpen voor langdurig gebruik. Simpelweg opfrissen in de magnetron of oven maakt hem klaar voor hergebruik, seizoen na seizoen. De magische siliconenvulling in het kussen doet meer dan alleen ontvochtigen; het zorgt voor een aangenamer binnenklimaat door ook ongewenste geurtjes te elimineren. Veilig voor gebruik en niet-toxisch, het draagt bij aan een gezondere rijervaring. In deze set vind je een vochtverwijderingskussen van 1,0 kg, gevuld met Magic-Silica, en een praktische anti-slip pad. Ideaal voor auto's, kasten, en andere binnenruimtes die wel een droogklimaatboost kunnen gebruiken. Zeg vaarwel tegen beslagen ruiten en onwelkome geurtjes met onze luchtontvochtiger – jouw sleutel tot een veiliger en frisser auto-interieur.
"
533,Deshumidificateur - Vochtvreter Electrisch met Ambient Lighting - Luchtontvochtiger Slaapkamer met Instelbare Timer,,Merkloos,,,,"99,95",,https://www.bol.com/nl/nl/p/deshumidificateur-vochtvreter-electrisch-met-ambient-lighting-luchtontvochtiger-slaapkamer-met-instelbare-timer/9300000173020264/,13,"
Ben je helemaal klaar met de vochtproblemen in huis en zoek je een effectieve oplossing? Ontdek dan onze Vochtvreter Electrisch, de ultieme luchtontvochtiger voor in huis. Of je nu worstelt met vochtige was die langzaam droogt, schimmel in je kelder of badkamer, of gezondheidsproblemen als gevolg van een vochtige slaapkamer, wij hebben dé oplossing voor jou.   Dankzij het handzame formaat en het mooie design inclusief Ambient Lighting kan je deze luchtontvochtiger overal kwijt en is het een mooie aanvulling op je interieur! Met de instelbare Timer en de extra stil functie (35 dB!) is hij perfect voor op de slaapkamer. Onze deshumidificateur bestrijdt niet alleen de vochtigheid, maar zorgt ook voor een gezondere leefomgeving. Laat vochtige was, schimmel in kelders of badkamers, en gezondheidsproblemen door vochtigheid niet langer jouw woongenot beïnvloeden.    Ambient Lighting in 7 kleuren Instelbare timer 1-24 uur Extra stil Niet geschikt voor een kelder van >25m2    Werking van het product Onze luchtontvochtiger werkt met een touchscreen. Hier zitten 4 knoppen op waarmee u de luchtontvochtiger in- en uit kan schakelen, een timer in kan stellen, de ambient lighting kan instellen, en tot slot een knop voor de extra stille nachtfuntie.   Op het display ziet u de luchtvochtigheid en de resterende timer. U kunt de luchtontvochtiger legen door het reservoir uit te schuiven, het deksel eraf te halen, en het water weg te gieten. Erg gemakkelijk in gebruik dus!   Waarom is deze Deshumidificateur de bestseller? De geïntegreerde Ambient Lighting en het handzame formaat zorgt voor een aangename sfeer terwijl het vochtprobleem wordt aangepakt, waardoor je thuis een gezellige omgeving creëert terwijl je geniet van schone lucht. Geen log lelijk apparaat midden in je kamer, maar een mooie aanvulling op het interieur dat je vochtprobleem oplost!   Daarnaast kan je met de instelbare timer de luchtontvochtiger instellen voor zolang het nodig is. Bovendien stopt de luchtontvochtiger automatisch wanneer het reservoir vol zit, dus je hoeft je geen zorgen te maken dat hij overstroomt.   Tot slot kan je dankzij het extra stille ontwerp genieten van een rustige omgeving, zelfs tijdens het slapen, zonder dat het geluid van de luchtontvochtiger stoort. Het geluidsniveau is 35 dB, dit is vergelijkbaar met het geluid wat je hoort in een bibliotheek!   Productspecificaties:  Afmetingen: 152x115x255mm Werkcapaciteit: 300ml/dag Gewicht: 1130g Dekkingsgebied: 20m² Voltage: 100-240V Pakketomvang: 655x400x315mm Vermogen: 23W Kleur: wit Reservoirvolume: 1100ml Instelbare timer: ja, 1-24 uur Touchscreen: ja Automatische stop bij volle tank: ja Luchtvochtigheidsdisplay: ja Nachtmodus: ja Geluid: 30-40 dB Ambient Lighting: 7 kleuren CE-markering: ja    Wij hebben ruime ervaring in elektrische vochtvreters en weten daarom waar een kwalitatief goed product aan moet voldoen. Indien u vragen heeft of opmerkingen zijn wij altijd bereikbaar, en wij hanteren een niet goed/tevreden/blij geld terug garantie!   Inhoud van de bestelling: 1x Luchtontvochtiger1x Voedingskabel   Wil jij voorgoed afrekenen met vochtproblemen in huis en genieten van een gezond binnenklimaat? Bestel dan nu onze Deshumidificateur en ervaar zelf het verschil!  
"
534,Equivera Auto Ontvochtiger - Lucht Ontvochtiger - Herbruikbaar - Vochtopnemer - Universeel - Compact,,Equivera,,,,"84,95",,https://www.bol.com/nl/nl/p/equivera-auto-ontvochtiger-lucht-ontvochtiger-herbruikbaar-vochtopnemer-universeel-compact/9300000173055031/,2,"
Apalus Auto-ontvochtigerzak: De Oplossing voor een Helder Zicht en Bescherming tegen Vocht Heb je genoeg van beslagen ruiten op koude ochtenden, net wanneer je haast hebt? De Apalus Auto-ontvochtigerzak biedt dé oplossing. Speciaal ontworpen om het beslaan van autoruiten tegen te gaan, beschermt deze ontvochtigerzak het interieur van je auto tegen vocht en de vorming van schimmel. Met een indrukwekkend absorptievermogen van tot wel 400ml water, houdt de 1kg zware Apalus-zak je zicht helder en je auto-interieur droog. Herbruikbaarheid op zijn Best Apalus zet zich in voor duurzaamheid. Deze auto-ontvochtiger is volledig herbruikbaar. Eenvoudigweg 10 minuten in de magnetron op 700 Watt, of 2-3 uur in de oven op 60 °C, en hij is weer klaar voor gebruik. Je kunt hem ook op de kachel of in de zon leggen om het opgenomen vocht te verdrijven. Deze kostenbesparende en milieuvriendelijke aanpak maakt de Apalus ontvochtigerzak tot een essentiële toevoeging aan jouw auto-accessoires. Veiligheid en Gemak Gevuld met hoogwaardige silicagel, die DMF-vrij is en ROHS-gecertificeerd, biedt de Apalus ontvochtigerzak een veilige oplossing tegen condensatie. Dankzij het lekvrije ontwerp is er geen risico op morsen van vloeistoffen die je autostoelen of elektronica kunnen beschadigen. Compact, maar krachtig, deze ontvochtigerzak is zowel functioneel als praktisch voor elk voertuig. Niet alleen voor Voertuigen De Apalus Luchtontvochtiger is niet alleen ideaal voor auto's, maar ook voor caravans, campers, boten, motorfietsen en zelfs voor het beschermen van tuinmeubilair, gereedschappen en elektrische apparatuur tegen vocht. Perfect voor gebruik in vochtige garages, het beschermt je waardevolle spullen en zorgt ervoor dat ze in optimale conditie blijven. Kernpunten:  Voorkomt beslagen ruiten en beschermt tegen vocht Herbruikbaar en milieuvriendelijk Veilig en eenvoudig in gebruik DMF-vrij en ROHS-gecertificeerd Veelzijdig inzetbaar, niet alleen in voertuigen  Met de Apalus Auto-ontvochtigerzak kies je voor helderheid, veiligheid en duurzaamheid. Geef je auto de zorg die het verdient en geniet van een zorgeloze rijervaring, ongeacht het weer.
"
535,Equivera Auto Ontvochtiger - Lucht Ontvochtiger - Herbruikbaar - Vochtopnemer - Universeel - Compact,,Equivera,,,,"57,95",,https://www.bol.com/nl/nl/p/equivera-auto-ontvochtiger-lucht-ontvochtiger-herbruikbaar-vochtopnemer-universeel-compact/9300000173063023/,8,"
Ontdek de ideale oplossing voor vochtproblemen in je auto en meer met onze milieuvriendelijke luchtontvochtiger! Deze compacte en krachtige luchtontvochtiger is speciaal ontworpen om het vocht uit de lucht van je auto te trekken. Door de absorptie van luchtvochtigheid voorkomt het condensatie en beslagen ruiten, waardoor je veiliger en comfortabeler rijdt. Een uniek kenmerk van dit product is de vochtweergave. De indicator verandert van blauw (droog) naar roze (vochtig) om aan te geven wanneer het kussen de maximale hoeveelheid vocht heeft opgenomen. Dit maakt het eenvoudig om te weten wanneer het tijd is om het kussen te regenereren, wat gemakkelijk kan in de magnetron. Ons product is niet alleen efficiënt, maar ook milieuvriendelijk en economisch. Het heeft een vrijwel onbeperkte levensduur, wat betekent dat je in vergelijking met wegwerpproducten zowel het milieu als je portemonnee spaart. Bovendien is het kussen universeel inzetbaar. Naast gebruik in auto's is het ook perfect voor caravans, campers, boten, tuinhuisjes, kelders of kasten, vooral in gesloten ruimtes. Productspecificaties:  Afmetingen: 14 x 14 cm Gewicht: 360 g Materiaal: Zak van 100% polyester Kleur: Blauw Bekleed met silicagel (Silicia Gel) Inclusief Duitse handleiding Verpakking bevat: 2 stuks  Inhoud van de verpakking:  2 x Luchtontvochtiger kussens  Haal vandaag nog onze veelzijdige luchtontvochtiger in huis en geniet van een drogere en comfortabelere omgeving in je auto en andere ruimtes!
"
536,Equivera Auto Ontvochtiger - Lucht Ontvochtiger - Herbruikbaar - Vochtopnemer - Universeel - Compact,,Equivera,,,,"45,95",,https://www.bol.com/nl/nl/p/equivera-auto-ontvochtiger-lucht-ontvochtiger-herbruikbaar-vochtopnemer-universeel-compact/9300000173055292/,7,"
Ontdek de optimale oplossing voor vochtproblemen met de Universele Ontvochtiger! Deze extra grote ontvochtiger is jouw betrouwbare partner tegen vocht, schimmel, schimmelvlekken en muffe geuren in diverse ruimtes zoals auto's, caravans, boten, garages, woonkamers, kledingkasten en kelders. Voordelen en Kenmerken:   Zichtbaar Effect: Uitgerust met een praktische indicator. Het blauwe veld verandert naar roze zodra het verzadigd is met water, en keert terug naar blauw na droging. Dit zichtbare effect toont de efficiëntie van de ontvochtiger aan en maakt het gemakkelijk om te weten wanneer het tijd is voor hergebruik.   Bescherming: Deze ontvochtiger beschermt effectief tegen condensatie, waardoor beslagen en ijzige ruiten, muffe geuren en roest worden voorkomen. Het biedt een veilige en comfortabele omgeving in je voertuig of leefruimte.   Krachtige Werking: Het granulaat in de ontvochtigerzak absorbeert vocht uit de lucht en houdt het vast zonder te lekken, tot wel 25% van zijn eigen gewicht. Dit garandeert een langdurige bescherming tegen overtollig vocht.   Milieuvriendelijk & Herbruikbaar: De ontvochtiger is een duurzame oplossing voor je vochtproblemen. Eenvoudig te drogen in de magnetron of op de verwarming. Na verdamping van het opgenomen vocht is de ontvochtiger weer klaar voor gebruik, aangegeven door de verandering van de indicator naar blauw.   Inhoud van de Verpakking:  1 x Universele Ontvochtiger Kussen gevuld met 1000 g ontvochtiger granulaat (Active Mineraal) Afmetingen (B x H x D): 23 x 5 x 15 cm Kleur: Zwart met een druppelmotief in lichtblauw  Maak nu een einde aan vochtige omstandigheden met de Universele Ontvochtiger. Of het nu gaat om je auto, boot of huis, deze ontvochtiger biedt een effectieve, herbruikbare en milieuvriendelijke oplossing. Zorg voor een droge en frisse omgeving!
"
537,Equivera - Auto Ontvochtiger - Lucht Ontvochtiger - Herbruikbaar - Vochtopnemer - Universeel - Compact,,Equivera,,,,"38,95",,https://www.bol.com/nl/nl/p/equivera-auto-ontvochtiger-lucht-ontvochtiger-herbruikbaar-vochtopnemer-universeel-compact/9300000173054767/,6,"
Houd je autoruiten helder en vochtvrij met de Luchtontvochtiger Auto. Dit revolutionaire kussen van 300g is speciaal ontworpen om condensatie en vocht in je voertuig effectief te bestrijden, zodat je altijd een onbelemmerd zicht hebt. Perfect voor iedereen die waarde hecht aan veiligheid en comfort tijdens het rijden. Voordelen en Kenmerken:  Herbruikbaar: De luchtontvochtiger is niet eenmalig; hij kan keer op keer gebruikt worden. Eenvoudig te regenereren in de magnetron, dit kussen is een duurzame oplossing voor vochtproblemen in je auto. Effectieve Vochtabsorptie: Met een gewicht van 300g is deze ontvochtigingszak krachtig genoeg om overtollig vocht en condensatie snel op te nemen, waardoor je voorruit schoon en helder blijft. 100% Lekvrij: Dankzij de hoogwaardige materialen en constructie hoef je je geen zorgen te maken over lekkages. De luchtontvochtiger houdt het vocht vast zonder enige rommel. Milieuvriendelijk: Als een herbruikbare oplossing helpt deze auto-ontvochtigingszak niet alleen je zicht te verbeteren, maar draagt hij ook bij aan een lagere milieu-impact. Eenvoudig in Gebruik: Plaats het kussen gewoon in je auto, en het begint onmiddellijk met het absorberen van vocht. Geen ingewikkelde installatie of onderhoud nodig.  Of je nu last hebt van beslagen ramen in de ochtend of wilt voorkomen dat vocht en muffe geuren zich ophopen in je auto, de Luchtontvochtiger Auto is de perfecte oplossing. Investeer in een schone en comfortabele rijervaring met dit innovatieve product.
"
538,Master Professionele - DH 720 - Luchtontvochtiger - 20L/dag - Compact,,Master,,,,"669,06",,https://www.bol.com/nl/nl/p/master-professionele-dh-720-luchtontvochtiger-20l-dag-compact/9300000169538363/,2,"
U los de vochtigheid in binnenruimtes, voorkomen het ontstaan van schimmel schimmels en de ontwikkeling van bacteriën. Een actieve filter beschermt tegen het ontstaan van onaangename geuren. Luchtontvochtiger heeft een breed toepassingsgebied, o.a. in woningen, garages, bibliotheken, droog installaties, in bad ruimtes, vochtige kelders, wasruimten, feed-kamers, ruimten met muziekinstrumenten, vakantie- en voor op de camping woningen, enz.
"
539,Equivera Auto Ontvochtiger - Lucht Ontvochtiger - Herbruikbaar - Vochtopnemer - Universeel - Compact,,Merkloos,,,,"69,95",,https://www.bol.com/nl/nl/p/equivera-auto-ontvochtiger-lucht-ontvochtiger-herbruikbaar-vochtopnemer-universeel-compact/9300000173059057/,7,"
Maak je klaar voor een heldere kijk en droge omgeving in je auto, vrachtwagen of camper met de Auto-ontvochtigers. Deze handige set van drie vochtvreters is speciaal ontworpen om condensvorming op je autoruiten te voorkomen, wat vooral handig is tijdens de vochtige herfst- en wintermaanden. Dankzij de innovatieve herbruikbaarheid kun je deze vochtzakjes eenvoudig opnieuw activeren door ze slechts 6 minuten op 600 watt in de magnetron te plaatsen. Een slimme indicator, in de vorm van een blauw vierkantje aan de onderzijde, vertelt je precies wanneer het tijd is om de kussentjes te drogen, zodat je altijd verzekerd bent van optimale prestaties. Elk vochtvangerkussentje heeft de afmetingen H x B x D: ca. 3,5 x 18 x 10,5 cm en is gemaakt van vlies met een silica-gel vulling. De silica-gel werkt als een magneet voor vocht, waardoor je voertuiginterieur droog en vrij van beslagen ruiten blijft. Dit maakt het rijden niet alleen veiliger, maar ook comfortabeler. Productspecificaties:  Set van 3 auto-ontvochtigers Voorkomt condensvorming op autoruiten Herbruikbaar en makkelijk te drogen in de magnetron Indicator voor droogtijd Afmetingen: H x B x D: ca. 3,5 x 18 x 10,5 cm Materiaal: Vlies met silica-gel vulling  Inhoud van de verpakking:  3x Auto-ontvochtiger  Of je nu op zoek bent naar een oplossing voor beslagen ruiten in je auto, vrachtwagen of camper, de Auto-ontvochtigers bieden een praktische en effectieve oplossing. Gemakkelijk in gebruik en steeds opnieuw te activeren, zorgen ze voor een comfortabele rit, ongeacht het seizoen.
"
540,Equivera Auto Ontvochtiger - Lucht Ontvochtiger - Herbruikbaar - Vochtopnemer - Universeel - Compact,,Equivera,,,,"57,95",,https://www.bol.com/nl/nl/p/equivera-auto-ontvochtiger-lucht-ontvochtiger-herbruikbaar-vochtopnemer-universeel-compact/9300000173055208/,6,"
Maak kennis met de Auto-ontvochtiger, jouw ultieme oplossing voor een helder zicht en een vochtvrije auto, ongeacht het weer. Deze set van twee ontvochtigingskussens is speciaal ontworpen om condensatie en vocht in je voertuig effectief aan te pakken, waardoor beslagen ruiten tot het verleden behoren. Ideaal voor koude ochtenden, zodat je direct veilig op weg kunt zonder te hoeven wachten tot je voorruit is geklaard. Belangrijkste Voordelen en Kenmerken:  Direct helder zicht: Zeg vaarwel tegen condens op je voorruit tijdens koude dagen. Plaats simpelweg een kussen op je dashboard en een tweede op de achterbank voor een snelle oplossing tegen vocht. Moeiteloos in gebruik: De set van twee ontvochtigers biedt een praktische en effectieve methode om vocht en beslagen ruiten in je auto te bestrijden, waardoor je dagelijks gemak aanzienlijk wordt verbeterd. Veelzijdige toepassing: Niet alleen perfect voor auto's, maar ook ideaal voor vrachtwagens, campers, caravans, kledingkasten, en bergingen. Overal waar overtollig vocht een probleem vormt, bieden deze kussens een oplossing. Krachtige smectietklei: Gevuld met 500g van dit sterk absorberende mineraal silicaat, staan de kussens garant voor een uitstekende vochtopname, waardoor schimmel en condensatie effectief worden tegengegaan. Volledig herbruikbaar: Duurzaamheid staat voorop met deze volledig herbruikbare ontvochtigers. Eenvoudig te regenereren door ze 10-15 minuten in de oven te plaatsen op 80°C, waarna ze weer klaar zijn voor gebruik.  Investeer in de Auto-ontvochtiger en geniet van een vochtvrije omgeving in je voertuig en daarbuiten. Deze set is niet alleen een slimme keuze voor jouw comfort en veiligheid, maar draagt ook bij aan de duurzaamheid door het herbruikbare ontwerp. Zeg definitief vaarwel tegen beslagen ruiten en vochtproblemen met deze effectieve oplossing.
"
541,Argoclima Platinum 41 - Luchtontvochtiger - 185 m2 - 41 dB - Wit,,Argoclima,,,,"449,-",,https://www.bol.com/nl/nl/p/argoclima-platinum-41-luchtontvochtiger-185-m2-41-db-wit/9200000074320742/,6,"
Argoclima Platinum 41 is een elegante design luchtontvochtiger met een hoge ontvochtigingscapaciteit tot 41 liter per dag. Uitgevoerd met digitale bediening, LED display, zelfdiagnose functie, 'wasdroog' functie en timer. Top design ontvochtiger met een hoogglans afwerking. Droogt al bij een ruimtetemperatuur vanaf 5°C.

Tot 185 m², Max. 41 ltr/dag
Top design luchtontvochtiger
Hoogglans afwerking
Luchtontvochtiger met wasdroogfunctie
Digitale bediening

"
542,Rowenta Intense Dry Compact DH4236F0 - Luchtontvochtiger,,Rowenta,,,,"299,-",Op voorraad,https://www.bol.com/nl/nl/p/rowenta-intense-dry-compact-dh4236f0-luchtontvochtiger/9200000132967078/,11,"
 Zorg voor de ideale luchtvochtigheid in huis, dankzij de Rowenta Intense Dry Compact DH4236F0 - Luchtontvochtiger. De Rowenta Intense Dry Compact beschikt over 3 eenvoudige, vooraf te bepalen vochtigheidsinstellingen met automatische uitschakeling. Deze stille luchtontvochtiger met ruime capaciteit is geschikt voor grote kamers, en is voorzien van een uitstekende filtratie voor betere prestaties, en van gebruiksvriendelijke functies — de perfecte oplossing om het huis te vrijwaren van vocht.  Productvoordelen van de Rowenta Intense Dry Compact DH4236F0 - Luchtontvochtiger ✅  Drie vochtigheidsstanden - 40%, 50% en 60%   ✅  Automatische uitschakel functie als het ingestelde niveau wordt bereikt  ✅ Grote inhoud   ✅ 100% natuurlijk koelgas R290   ✅ Dubbele filtratie    Automatische vochtigheidscontrole voor een optimaal comfort en de ultieme bescherming  De drie vochtigheidsstanden - 40%, 50% en 60% - worden automatisch uitgeschakeld als het ingestelde niveau wordt bereikt, dankzij een ingebouwde hygrometer die de luchtvochtigheid in de kamer detecteert. Ideaal voor wanneer je er niet bent.  Grote inhoud  Voor kamers tot 100 m³, dankzij de capaciteit van 16 liter. Nieuw 100% natuurlijk koelgas R290  Met het oog op een minimale impact op het milieu. Dubbele filtratie 100% gefilterde lucht: de anti-stoffilter vangt deeltjes tot 660 micron op om optimale luchtontvochtiging te garanderen en de gebruiksduur van het apparaat te verlengen.Allergenenfilter : vangt allergenen & huisstofmijten op die sneller groeien bij luchtvochtigheid.Linen Dry-functie  Droogt wasgoed tot twee keer zo snel. Zichtbaar waterniveau en automatische waarschuwing  Dankzij het transparante waterreservoir ziet u in een oogopslag het waterniveau. De automatische stopfunctie herinnert u er met een oplichtend alarmsignaal bovendien aan wanneer het reservoir vol is. Vijf ingebouwde wieltjes  Vijf ingebouwde wieltjes voor makkelijke beweging en verplaatsing. Compact design  Compact design en geïntegreerd handgreep om eenvoudig te verplaatsen. 
"
543,Equivera Auto Ontvochtiger - Lucht Ontvochtiger - Herbruikbaar - Vochtopnemer - Universeel - Compact,,Equivera,,,,"72,95",,https://www.bol.com/nl/nl/p/equivera-auto-ontvochtiger-lucht-ontvochtiger-herbruikbaar-vochtopnemer-universeel-compact/9300000173058412/,5,"
Op zoek naar een effectieve oplossing om vochtproblemen in je auto, kledingkast of andere ruimtes aan te pakken? Ontdek de 82110 Auto Ontvochtiger Kussens, ontworpen om vocht uit de lucht te absorberen en je te beschermen tegen beslagen ruiten, nare geuren, schimmel- en condensvorming. Met de handige kleuraanduiding kun je gemakkelijk zien wanneer de kussens verzadigd zijn: ze veranderen van blauw naar roze, wat aangeeft dat het tijd is om ze te drogen. In deze set ontvang je 2 kussens, die je naar behoefte kunt gebruiken. Of het nu gaat om de voetenruimte en kofferbak van je auto, vochtige sportkleding en schoenen in je kluis, of kleding- en voorraadkasten, deze ontvochtigerkussens zijn veelzijdig inzetbaar. Het gebruik ervan is uiterst praktisch; je kunt de kussens eenvoudig in de oven of magnetron plaatsen bij een temperatuur van ongeveer 70-80 °C om ze te drogen. En het beste van alles? Deze kussens zijn herbruikbaar! Na het drogen kun je ze steeds opnieuw gebruiken, zonder je zorgen te maken over schadelijke stoffen. Ze zijn niet alleen effectief, maar ook duurzaam en milieuvriendelijk.
"
544,Equivera Auto Ontvochtiger - Lucht Ontvochtiger - Herbruikbaar - Vochtopnemer - Universeel - Compact,,Equivera,,,,"72,95",,https://www.bol.com/nl/nl/p/equivera-auto-ontvochtiger-lucht-ontvochtiger-herbruikbaar-vochtopnemer-universeel-compact/9300000173058493/,5,"
Heeft u last van beslagen autoruiten of vochtproblemen in uw voertuig? De Airdry Luchtontvochtiger biedt de oplossing die u zoekt! Ontworpen met hoogwaardige silicagel, trekt dit kussen vochtigheid uit de lucht door adsorptie, waardoor uw auto-interieur droog en vrij van condens blijft. Met een indrukwekkende vochtopnamecapaciteit kan de Airdry tot 40% van zijn eigen gewicht aan vocht absorberen en blijft tot wel 2 maanden effectief. Dit betekent langdurige bescherming tegen beslagen ruiten, vochtgerelateerde schade zoals schimmel, roest, en onaangename geuren. Uniek aan dit product is de mogelijkheid om het te regenereren en hergebruiken. Eenvoudig te drogen in de magnetron, oven of op de verwarming, de Airdry is een duurzame keuze voor elke autobezitter. Geproduceerd in Duitsland, staat al 20 jaar bekend om zijn kwalitatief hoogwaardige luchtontvochtigers. De airdry auto-ontvochtiger is geen uitzondering en voldoet aan strenge kwaliteitscontroles, ondersteund door ISO 9001 hercertificering. Zeg vaarwel tegen de winterse strijd met beslagen ruiten. Met een afmeting van 24 x 15 x 4 cm, is de Airdry ontvochtiger compact genoeg om gemakkelijk in uw auto te plaatsen, terwijl hij krachtig genoeg is om uw autoruiten helder en uw interieur droog te houden. Productspecificaties:  Kleur: Zwart Afmeting: 24 x 15 x 4 cm Materiaal: Silicagel Vochtopname: Tot 40% van eigen gewicht Duurzaamheid: Tot 2 maanden Regenereerbaar: Magnetron, oven, verwarming Productie: Made in Germany  Inhoud van de verpakking:  1x Airdry Luchtontvochtiger  Of u nu lange ritten maakt of uw auto gewoon geparkeerd staat tijdens de koude, vochtige maanden, de Airdry Luchtontvochtiger is uw beste bondgenoot voor een droog en comfortabel auto-interieur.
"
545,Equivera Auto Ontvochtiger - Lucht Ontvochtiger - Herbruikbaar - Vochtopnemer - Universeel - Compact,,Equivera,,,,"61,95",,https://www.bol.com/nl/nl/p/equivera-auto-ontvochtiger-lucht-ontvochtiger-herbruikbaar-vochtopnemer-universeel-compact/9300000173058300/,5,"
Ontdek de ultieme oplossing voor condensvrije autoruiten met de ECO-ontvochtiger! Vervaardigd in Duitsland volgens de strengste kwaliteitsnormen (ISO-norm 9001), biedt deze auto-ontvochtiger een effectieve manier om overtollig vocht uit de lucht te halen, waardoor condensatie, vorst van binnenuit, en schimmelvorming in uw auto worden voorkomen. Met de mogelijkheid om tot 40% van zijn gewicht (400ml) in vocht op te nemen, is dit duurzame kussen eenvoudig te drogen in de magnetron, oven, of op de verwarming en daarna direct weer klaar voor gebruik. De ontvochtiger wordt geleverd met een praktische anti-slip pad die zorgt voor een optimale positionering onder uw voorruit, waardoor maximale effectiviteit gegarandeerd is. Niet alleen is deze ontvochtiger krachtig en herbruikbaar, maar hij is ook gevuld met organische kleikorrels, wat hem een natuurlijke en klimaatvriendelijke keuze maakt voor uw voertuig. Trots gecertificeerd door ClimatePartner als officieel CO2-neutraal, draagt u met de ECO-ontvochtiger bij aan een schonere planeet terwijl u geniet van heldere autoruiten, ongeacht het weer. Inhoud van de levering:  1x ECO-auto-ontvochtiger 1x Anti-slip pad  Kies voor de ECO-ontvochtiger en ervaar zelf hoe eenvoudig en effectief vochtbeheersing in uw auto kan zijn, met de extra zekerheid van een milieuvriendelijk product.
"
546,Equivera Auto Ontvochtiger - Lucht Ontvochtiger - Herbruikbaar - Vochtopnemer - Universeel - Compact,,Equivera,,,,"36,95",,https://www.bol.com/nl/nl/p/equivera-auto-ontvochtiger-lucht-ontvochtiger-herbruikbaar-vochtopnemer-universeel-compact/9300000173062819/,6,"
Are you looking for an effective solution to tackle moisture problems in your car, boat, basement, bedroom or other areas? Discover the power of the environmentally friendly and reusable dehumidifier with natural granulate of 300 g silica gel! This versatile dehumidification pad reliably protects against moisture, keeps the interior of your vehicles, boats, basement areas and other important areas dry, and prevents common problems such as fogged up car windows, rust, damage to electronics, and the formation of mold and mildew stains on leather and cushions. It even helps eliminate unwanted odors. The unique thing about this product is that it is free of toxic substances and DMF (dimethylformamide), a chemical often used in industrial dehumidifiers. This makes it a safe choice for use in closed areas such as children's rooms and bathrooms. The big plus of this dehumidifier is that it is reusable without having to refill it. For regeneration and reuse, it is sufficient to place the cushion in a 600W microwave for just 6 to 7 minutes. You can also dry it on a heater or in the oven, which increases ease of use. This dehumidifier is a must-have for anyone who wants to efficiently combat moisture without harming the environment. It is a convenient, economical and ecological solution that contributes to a healthier and more comfortable living environment. Product specifications:  Environmentally friendly: 300 g silica gel natural granulate Versatile: suitable for cars, boats, basements, bedrooms, and more Free from toxins and DMF Reusable and easy to regenerate in microwave or oven  Contents of the package:  1 x Reusable dehumidifier cushion  Go for a sustainable and efficient way to tackle moisture problems with this innovative dehumidifier. Order now and experience the difference!
"
547,Equivera Auto Ontvochtiger - Lucht Ontvochtiger - Herbruikbaar - Vochtopnemer - Universeel - Compact,,Equivera,,,,"36,95",,https://www.bol.com/nl/nl/p/equivera-auto-ontvochtiger-lucht-ontvochtiger-herbruikbaar-vochtopnemer-universeel-compact/9300000173062967/,7,"
Heb je last van vochtproblemen in je auto, boot, kelder, of andere ruimtes? Maak kennis met onze milieuvriendelijke, herbruikbare luchtontvochtiger! Deze innovatieve oplossing bevat 300 g natuurlijk silicagel granulaat en biedt een effectieve manier om vocht en de daarmee samenhangende problemen te bestrijden. Ons ontvochtigingskussen is ontworpen om betrouwbaar vocht in diverse ruimtes tegen te gaan. Het helpt niet alleen om het interieur van je auto, boot, motorfiets, en huis droog te houden, maar voorkomt ook vochtige autoruiten, roestvorming, elektronische schade, schimmelvorming op leer en kussens, en onaangename geurtjes. Het unieke aan dit product is dat het vrij is van giftige stoffen en DMF (dimethylformamide), een veelgebruikte chemische stof in industriële ontvochtigers. Dit maakt het een veilige en verantwoorde keuze voor gebruik in gesloten ruimtes zoals slaapkamers en kinderkamers. Een van de grootste voordelen van onze luchtontvochtiger is de herbruikbaarheid. Het product hoeft niet opnieuw gevuld te worden. Voor regeneratie volstaat het om het kussen maximaal 6 tot 7 minuten in een magnetron van 600 W te plaatsen. Als alternatief kan het ook op een verwarming of in de oven worden gedroogd, wat het gebruiksgemak enorm vergroot. Productspecificaties:  Milieuvriendelijk: 300 g natuurlijk silicagel granulaat Veelzijdig inzetbaar: geschikt voor auto's, boten, kelders, slaapkamers, en meer Vrij van giftige stoffen en DMF Herbruikbaar en gemakkelijk te regenereren  Inhoud van de verpakking:  1 x Herbruikbaar luchtontvochtiger kussen  Kies voor een duurzame en effectieve oplossing om vochtproblemen aan te pakken. Bestel nu en geniet van een drogere en gezondere omgeving!
"
548,Equivera Auto Ontvochtiger - Lucht Ontvochtiger - Herbruikbaar - Vochtopnemer - Universeel - Compact,,Equivera,,,,"61,95",,https://www.bol.com/nl/nl/p/equivera-auto-ontvochtiger-lucht-ontvochtiger-herbruikbaar-vochtopnemer-universeel-compact/9300000173059656/,7,"
Zeg vaarwel tegen beslagen ruiten en vochtproblemen met het luchtontvochtiger kussen. Dit krachtige hulpmiddel is perfect voor gebruik in uw auto, vrachtwagen, camper, of zelfs in kasten om overtollig vocht effectief te absorberen. Het voorkomt niet alleen dat uw ruiten beslaan, maar beschermt ook tegen schimmel en vlekken, wat zorgt voor een helder zicht en een gezondere omgeving. Dit herbruikbare kussen is gevuld met silicagel, bekend om zijn uitstekende vochtabsorberende eigenschappen. Wanneer het tijd is om het kussen te drogen, eenvoudigweg in de magnetron plaatsen voor 6 minuten op 600 Watt. Een slimme indicatie, een blauw vierkant aan de achterkant, wordt wit om aan te geven wanneer het kussen gedroogd moet worden, wat het onderhoud gemakkelijk en gebruiksvriendelijk maakt. Productdetails:  Afmetingen: ca. 3,5 x 18 x 10,5 cm Materiaal: Vlies met silicagel vulling Herbruikbaar: Kan gedroogd worden in de magnetron Indicatie: Blauw vierkant dat wit wordt wanneer het kussen gedroogd moet worden  Of het nu gaat om het behouden van een droge en comfortabele sfeer in uw voertuig of het beschermen van uw eigendommen tegen vocht in kasten, het luchtontvochtiger kussen is uw ideale oplossing. Gemakkelijk in gebruik en effectief in actie, dit kussen is een essentiële toevoeging aan uw huishouden of voertuig.
"
549,Equivera Auto Ontvochtiger - Lucht Ontvochtiger - Herbruikbaar - Vochtopnemer - Universeel - Compact,,Equivera,,,,"57,95",,https://www.bol.com/nl/nl/p/equivera-auto-ontvochtiger-lucht-ontvochtiger-herbruikbaar-vochtopnemer-universeel-compact/9300000173063177/,8,"
Ben je op zoek naar een effectieve oplossing tegen vocht in je auto of andere gesloten ruimtes? Onze luchtontvochtigerkussens zijn de ideale metgezel voor deze taak! Deze innovatieve ontvochtigers trekken vocht uit de lucht, waardoor condensatie en beslagen ruiten effectief worden voorkomen. Een van de unieke kenmerken van deze luchtontvochtigers is de slimme vochtweergave. De kleurindicator verandert van blauw (droog) naar roze (vochtig) om aan te geven wanneer het kussen zijn maximale vochtopname heeft bereikt. Dit maakt het gemakkelijk om te weten wanneer het tijd is voor regeneratie, die eenvoudig in de magnetron kan worden uitgevoerd. Deze luchtontvochtigers zijn niet alleen praktisch, maar ook milieuvriendelijk en economisch. Dankzij hun vrijwel onbeperkte levensduur bespaar je niet alleen op wegwerpproducten, maar draag je ook bij aan een beter milieu. Ze zijn bovendien universeel inzetbaar. Naast gebruik in auto's zijn ze ook perfect voor caravans, campers, boten, tuinhuisjes, kelders of kasten, vooral in gesloten ruimtes waar vocht een probleem kan vormen. Productspecificaties:  Afmetingen: 14 x 14 cm Gewicht: 360 g Materiaal: Zak van 100% polyester Kleur: Blauw, bekleed met silicagel Inclusief Duitse handleiding Leveringsomvang: 2 stuks  Inhoud van de verpakking:  2 x Luchtontvochtiger kussens.  Zorg voor een drogere en comfortabelere omgeving in je voertuig en andere ruimtes met onze efficiënte luchtontvochtigerkussens. Bestel nu en ervaar het verschil!
"
550,MSW Luchtontvochtiger - Commerciële - 158 L / 24 uur -220 m 2,,MSW,,,,"849,-",,https://www.bol.com/nl/nl/p/msw-luchtontvochtiger-commerciele-158-l-24-uur-220-m-2/9300000032398085/,11,"
 De commerciële luchtontvochtiger verwijdert snel en betrouwbaar vocht uit ruimtes   Of het nu gaat om nieuwbouw of renovatiewerkzaamheden, de commerciële luchtontvochtiger MSW-DEH2000B van MSW, uw partner voor professionele gereedschappen, garandeert droge muren. De commerciële luchtontvochtiger voorkomt de vorming van schimmel op vochtige muren, wat een uitgebreide nabewerking vereist. Het stelt u ook in staat om veel eerder met vervolgtaken te beginnen, zoals pleisteren of schilderen.   Product hoogtepunten   Prestatie: 158 L / 24 uur Output: 1.650 W Timer    De industriële luchtontvochtiger onttrekt tot 158 liter vocht per dag aan de lucht, die anders vast zou komen te zitten in de muren. Hiervoor wordt tot 1.100 m³/ h lucht gecirculeerd en gekoeld door middel van de krachtige compressor uitgerust met 1.650 W. Hier wordt de gecondenseerde vloeistof opgevangen in de unit en afgevoerd via een slang. De bouwdroger is ideaal voor ruimtes tot 220 m   De bouwdroger is voorzien van een 24 uurs timer. Het apparaat is ook uitgerust met een automatische uitschakeling. Het geïntegreerde automatische ontdooisysteem zorgt voor een ontvochtigingsbedrijf tot 5 ° C. Daarnaast start het toestel automatisch als de luchtvochtigheid in de kamer te hoog is. De commerciële luchtontvochtiger is ook uitgerust met een sensorfoutweergave die de betrouwbaarheid van het apparaat verhoogt. Het ingebouwde nylon luchtfilter kan gemakkelijk worden verwijderd en is wasbaar voor herhaaldelijk gebruik. 
"
551,Rubson Vochtopnemer AERO360 Toestel 20m2 | Vochtvreter & Luchtontvochtiger Toestel | Vocht Vreter Badkamer | Vochtvreter Binnenhuis & Badkamer.,,Rubson,,"3,9",21,"19,99",Op voorraad,https://www.bol.com/nl/nl/p/rubson-vochtopnemer-aero360-20m2-vochtvanger-luchtontvochtiger-toestel-vocht-opnemer-vanger-vreter-vochtvreter/9200000052278804/,10,"
Rubson Vochtvreter Toestel AERO-360 De Rubson vochtvreter optimaliseert de luchtcirculatie met 360 graden en versterkt hierdoor een superieure vochtopname en een zeer efficiënte geurneutralisatie. Het vochtvreter systeem is gebaseerd op een fysisch principe: hoe meer contact met de lucht, des te hoger de vochtopname. Het aërodynamisch toestel heeft een unieke 360° luchttunnel vochtvreter systeem waardoor het geschikt is alle vochtvreter oplossingen voor in huis.De extreem absorberende vochtvreter AERO 360 heeft een vernieuwde golfvorm en een centrale opening om de contactoppervlakte te vergroten. De AERO 360 vochtvreter is bijgevoegd in de verpakking. Aangeraden voor vochtige ruimtes en een perfecte vochtvreter voor in huis maar ook ruimtes zoals:badkamers, keukens, wasplaatsen, bergruimtes, kelders, garages, wijnkelders, ateliers, tuinhuisjes, schuren, leefruimtes, vakantiehuizen, caravans, camping-cars, boten. Vochtvreter Voordelen  Geavanceerd Aërodynamisch Toestel Navulbaar toestel met de AERO360 Tabs 360° luchtcirculatie Tot 40% efficiënter Anti-vocht & Anti-geur  De Rubson vochtopnemer Aero 360° absorbeert overmatig vocht, neutraliseert onfrisse geurtjes en verspreidt een aangename geur. Het vochtvreter apparaat zet vocht om in een zoutoplossing en dat wordt vervolgens opgevangen in de tank onder het toestel. Er is dus geen electriciteit nodig en het product is daardoor handig & milieuvriendelijk. Dat maakt het tot een ideale vochtvreter voor in huis. Kenmerken van de Rubson Vochtvreter AERO-360  Geschikt voor ruimtes tot 40m² met weinig luchtcirculatie. Vermijdt condensatie, onfrisse geuren, schimmel, meeldauw Beperkt ontwikkeling van stofmijt en meeldauw. Eerste druppel binnen 12 uur De tab werkt tot wel 3 maanden Er is geen electriciteit nodig en het product is daardoor handig en milieuvriendelijk.  Vochtvreter Toepassingen  Druk op het symbool bovenop het apparaat om deze te openen. Open de folie & plaats de tab met de blauwe zijde naar beneden de en sluit het apparaat. Zodra de tab volledig is opgelost, open de tuit en giet de oplossing in het toilet. Verwijder resten met warm water. Plaats 10cm van de muur voor optimale luchtcirculatie.  Reiniging van het toestel De Rubson AERO 360 vochtvreter kan eenvoudig gereinigd worden met warm water en afwasproduct. De actieve kristallen en de opgevangen zoutoplossing niet in contact brengen met o.a. corroderende metalen, leder, textiel, hout, koper.
"
552,2 X Auto Luchtontvochtiger en Mega Pack - 1 KG - Auto Ontvochtiger - Vochtverdrijver Auto herbruikbaar,,Benson,,"4,6",5,"25,90",Op voorraad,https://www.bol.com/nl/nl/p/2-x-auto-luchtontvochtiger-en-mega-pack-1-kg-auto-ontvochtiger-vochtverdrijver-auto-herbruikbaar/9300000074217962/,0,"
2 x Benson Auto-Ontvochtiger MEGA 1000 gramDe perfecte oplossing voor beslagen ruiten en andere vochtproblemen in jouw auto,camper of boot. Deze auto-ontvochtiger trekt het vocht als een magneet uit de lucht en houdt het veilig vast. Neemt tot wel 40% van zijn gewicht in vocht op. Lekt niet en laat geen vlekken achter die schade kunnen veroorzaken aan het interieur van uw auto. Te plaatsen in het voetenruimte, het dashboard, onder de stoelen, in het opbergvaak in de deur etc. Herlaadbaar in de magnetron, 6 minuten op 600W en daarna steeds weer opnieuw te gebruiken.U ontvangt 2 stuks.
  "
553,Rubson AERO 360 Neutral Navullingen 6 st. | Vochtvreter & Luchtontvochtiger Navulling | Vochtvreter Navul Tabs | Kamer Ontvochtiger & Vochtvreter Tabs | Badkamer & Luchtontvochter.,,Rubson,,"4,7",15,"33,55",Op voorraad,https://www.bol.com/nl/nl/p/rubson-navullingen-aero-360-neutral-6-st/9200000073260247/,10,"
Rubson AERO-360 Navullingen De extreem absorberende AERO 360 Tab heeft een vernieuwde golfvorm en een centrale opening om de contactoppervlakte te vergroten. De AERO 360 Tab is bijgevoegd in de verpakking. Aangeraden voor vochtige ruimtes zoals:badkamers, keukens, wasplaatsen, bergruimtes, kelders, garages, wijnkelders, ateliers, tuinhuisjes, schuren, leefruimtes, vakantiehuizen, caravans, camping-cars, boten. Voordelen  De Absorberende AERO360 Tabs. 360° luchtcirculatie. Tot 40% efficiënter. Anti-vocht en anti-geur. Bevat meegeleverde navultabs voor langer gebruik.  De Rubson Aero 360° Tabs absorbeert overmatig vocht, neutraliseert onfrisse geurtjes en verspreidt een aangename geur. Het apparaat zet vocht om in een zoutoplossing en dat wordt vervolgens opgevangen in de tank onder het toestel. Er is dus geen electriciteit nodig en het product is daardoor handig en milieuvriendelijk. Kenmerken van de Rubson AERO-360 Tabs  Geschikt voor ruimtes tot 40m² met weinig luchtcirculatie. Vermijdt condensatie, onfrisse geuren, schimmel, meeldauw Beperkt ontwikkeling van stofmijt en meeldauw. Eerste druppel binnen 12 uur De tab werkt tot wel 3 maanden  Toepassingen  Open de folie & plaats de tab met de blauwe zijde naar beneden de en sluit het apparaat. Zodra de tab volledig is opgelost, open de tuit en giet de oplossing in het toilet. Verwijder resten met warm water. Plaats 10cm van de muur voor optimale luchtcirculatie.  Werking van de Rubson AERO 360 Tabs Om vochtopnemer tabs te hervullen, leeg je eerst het reservoir waarin het vocht is opgevangen. Vervolgens verwijder je de oude vochtabsorberende korrels of poeder uit de tabs. Ten slotte vul je de tabs met nieuwe vochtabsorberende korrels volgens de instructies van het specifieke product dat je gebruikt. De actieve kristallen en de opgevangen zoutoplossing niet in contact brengen met o.a. corroderende metalen, leder, textiel, hout, koper.
"
554,Rubson AERO 360 Navullingen 4 st. | Vochtvanger Luchtontvochtiger Navulling | Vochtvanger Navul Tabs | Kamer Ontvochtiger & Vochtvreter Tabs.,Nieuw artikel,Rubson,,"4,7",15,"26,99",Op voorraad,https://www.bol.com/nl/nl/p/rubson-navullingen-aero-360-neutral-4-st/9200000052278796/,14,"
Rubson AERO-360 Navullingen De extreem absorberende AERO 360 Tab heeft een vernieuwde golfvorm en een centrale opening om de contactoppervlakte te vergroten. De AERO 360 Tab is bijgevoegd in de verpakking. Aangeraden voor vochtige ruimtes zoals:badkamers, keukens, wasplaatsen, bergruimtes, kelders, garages, wijnkelders, ateliers, tuinhuisjes, schuren, leefruimtes, vakantiehuizen, caravans, camping-cars, boten. Voordelen  De Absorberende AERO360 Tabs. 360° luchtcirculatie. Tot 40% efficiënter. Anti-vocht en anti-geur. Bevat meegeleverde navultabs voor langer gebruik.  De Rubson Aero 360° Tabs absorbeert overmatig vocht, neutraliseert onfrisse geurtjes en verspreidt een aangename geur. Het apparaat zet vocht om in een zoutoplossing en dat wordt vervolgens opgevangen in de tank onder het toestel. Er is dus geen electriciteit nodig en het product is daardoor handig en milieuvriendelijk. Kenmerken van de Rubson AERO-360 Tabs  Geschikt voor ruimtes tot 40m² met weinig luchtcirculatie. Vermijdt condensatie, onfrisse geuren, schimmel, meeldauw Beperkt ontwikkeling van stofmijt en meeldauw. Eerste druppel binnen 12 uur De tab werkt tot wel 3 maanden  Toepassingen  Open de folie & plaats de tab met de blauwe zijde naar beneden de en sluit het apparaat. Zodra de tab volledig is opgelost, open de tuit en giet de oplossing in het toilet. Verwijder resten met warm water. Plaats 10cm van de muur voor optimale luchtcirculatie.  Werking van de Rubson AERO 360 Tabs Om vochtopnemer tabs te hervullen, leeg je eerst het reservoir waarin het vocht is opgevangen. Vervolgens verwijder je de oude vochtabsorberende korrels of poeder uit de tabs. Ten slotte vul je de tabs met nieuwe vochtabsorberende korrels volgens de instructies van het specifieke product dat je gebruikt. De actieve kristallen en de opgevangen zoutoplossing niet in contact brengen met o.a. corroderende metalen, leder, textiel, hout, koper.
"
555,Comfee 3-in-1 Smart Mobiele Airco - Ventilator - Luchtontvochtiger - Te Bedienen via App - Spraakbesturing - 7000 BTU/h Voor Kamer Van 68m³ - Inclusief Raamafdichtingskit - Geen Verwarmfunctie,,Comfee,,"5,0",4,"235,-",,https://www.bol.com/nl/nl/p/comfee-mini-cool-mobiele-airco-7000-btu-2-0-kw-inclusief-installatiekit-en-wifi/9300000142127108/,16,"
Let op: deze airconditioner heeft geen verwarmingsfunctie. DUO luchtfiltratiesysteem Comfee mobiele airco hebben geavanceerde filtratiesysteem met H13 echt HEPA filter en vóórfilter verwijdert 99,9% van ultrafijne deeltjes met grootte van 0,3µm om u tegen PM 2,5, allergenen, fijn stof, huidschilfers, sigarettenrook en andere verontreinigende stoffen te beschermen. APP-controle Na het applicatie NETHome Plus te downloaden, kunt u de draagbare airconditioner met slechts een paar klikken te controleren, zonder dat je ergens naartoe hoeft. U kunt het apparaat laten werken met Google Aisstant en Alexa. Een afstandsbediening is ook voorzien. De gebruikershandleiding bevat QR-codes om de APP te downloaden. Android telefoon gebruikers: scan Android QR code of ga naar google play, zoek 'Nethome Plus' app en download deze. iOS gebruikers: scan iOS QR code of ga naar APP Store, zoek 'Nethome Plus' app en download deze. Koelen, ontvochtigen en ventileren De Comfee mobiele airco heeft 3 verschillende standen:  Cooling (Koelstand) modus: Snelle koeling met zijn vermogen van 7000 BTU/h, 2,0kW/h. Dehumidification (Ontvochtiging) Modus: Effectieve ontvochtiging om 47L water in 24h te verwijderen. Fan (Ventilator) Modus: Circuleert en brengt frisse lucht binnen met wind van twee verschillende snelheden.  Functie van Follow me (Volg mij) Met twee geïntegreerde temperatuursensoren in de airconditioner en de afstandsbediening kunt de airconditioning automatisch het koelvermogen aanpassen om ervoor te zorgen dat de overal temperatuur in de gewenste conditie te behouden. Slaap Modus Met Slaap Modus, mobiele airco voor slaapkamer het de temperatuur in de kamer tijdens uw slaap automatisch aan te passen om de energie te besparen zonder uwe droom te verstoren. Auto Modus Mobiel airco automatische modus instelling krachtens de omgevingstemperatuur, zonder het handmatige te instellen. Gemakkelijk Verplaatsen Met de handgrepen aan de zijkant en zwenkwielen aan de onderkant kunt het gemakkelijk verplaatst worden. Duurzame oplossing Bekend als een verantwoordelijk merk, heeft COMFEE een krachtige compressor en natuurlijk koelmiddel R290 gebruikt, waardoor koelefficiëntie wordt gegarandeerd en de impact op het milieu wordt verminderd. In de airconditioningsmodus verbruikt de kleine mobiele airconditioner slechts 970 W. In stand-by verbruikt de mobiele airconditioner van Comfee slechts 0,5 W. Accessoires De gebruikerservaring kunt verbeterd worden met de installatie tool kit te gebruiken. De schuiframen kunt gebruikt worden om de warme lucht van buiten tegen te houden. Maar het is aanbeloven om de stop knop van warme lucht (niet inclusief in tool kit) te gebruiken voor andere raamtypes (openslaande ramen, draaikiepramen).  Uitlaatslang Adapter Adapter voor schuifraam Zelfklevende Schuimverbinding Adapter uitlaatslang Muuruitlaat Adapter Niet-klevende Schuimverbinding  Specificaties  Maximaal koelvermogen (BTU) : 7000 BTU/h, 2,0kW/H Maximum oppervlakte/ruimte: 25㎡/68m³ Vermogen: 980W Geluidsniveau: 62dB  Enkele nuttige tips voor het gebruik van de comfee airconditioner:  Zorg ervoor dat u het luchtfilter om de 2 weken reinigt voor optimale prestaties. In huishoudens met dieren moet u het rooster regelmatig schoonvegen om te voorkomen dat de luchtstroom wordt geblokkeerd door dierenharen. De slaapfunctie is niet beschikbaar in de VENTILATOR- of DROGEN-modus. De follow-me functie kan alleen worden geactiveerd via de afstandsbediening. Deze functie is niet beschikbaar in de ventilator- of droogstand. Wanneer het waterreservoir in de airconditioner een vooraf bepaald niveau bereikt, geeft het apparaat 8 pieptonen en wordt ""P1"" weergegeven op het digitale display. Volg op dit punt de instructies om het water correct af te tappen totdat het ""P1"" symbool verdwijnt. Voor COOL-modus moet de uitlaatslang geïnstalleerd worden. Voor de FAN of DRY modus moet de uitlaatslang verwijderd worden. Comfee's mobiele airconditioners zijn uitgerust met raamschuivers die geschikt zijn voor schuiframen, niet geschikt voor kantelramen.  -------------------------- Over Comfee -------------------------- Comfee’ wordt geïnspireerd door de levensstijl en levenshouding van de jonge generatie als jij je eerste eigen ruimte verricht. Het is precies wat jij wilt. Comfee’ bidet een volledig assortiment huishoudelijke apparaten met een ultiem trendy ontwerpen in combinatie met simplistische functionaliteit en een heel intuïtieve bediening. Als een deel van Midea Group merkenportefeuille, hebben de producten van Comfee’ toegang tot de middelen en de uitstekende productie van de grootste en de leidende producent van huishoudelijke apparaten in de wereld. Op zoek naar trendy & betrouwbare produceten? Bevestig dat uw leven al rond Comfee’ is!
"
556,PRIMO PR575AC 3-in-1 Mobiele Airco - Ventilator - Luchtontvochtiger - 9000 BTU - Wit,,PRIMO,PRIMO Klimaatbeheersing,"4,3",28,"299,95",,https://www.bol.com/nl/nl/p/primo-pr575ac-3-in-1-mobiele-airco-ventilator-luchtontvochtiger-9000-btu-wit/9300000001580361/,12,"
Nood aan afkoeling op warme zomerdagen? De PRIMO PR575AC mobiele airco zorgt voor de gewenste temperatuur waar en wanneer jij het wilt. Met zijn koelvermogen van 9000 BTU is deze airco geschikt om ruimtes tot 80m³ te verkoelen. Je kan zelf de temperatuur bepalen van 17°C tot 30°C en kiezen uit drie verschillende standen: koelen, ventileren of ontvochtigen. Via het bedieningspaneel en de meegeleverde afstandsbediening kan je de airco eenvoudig instellen. Met de instelbare timer zorg je op elk moment van de dag voor een aangename temperatuur in huis. De slaapmodus zorgt er dan weer voor dat je tijdens het slapen amper last hebt van geluid. De PRIMO airconditioning is energiezuinig en met zijn compacte afmetingen eenvoudig te verplaatsen doorheen het huis. Zoals bij elke mobiele airco moet je hierbij wel rekening houden dat je de airco in de functie ‘koelen’ enkel kan plaatsen in ruimtes waar je met een afvoerslang naar buiten kan.  Koelen, ventilator en ontvochtigen De PRIMO mobiele airco heeft 3 verschillende standen:  Koelen:  Met deze functie kan je de ruimte laten afkoelen tot een vooraf ingestelde temperatuur tussen 17°C en 30°C. De airco schakelt automatisch uit van zodra de gewenste temperatuur is bereikt. Je kan op deze stand ook de ventilatiesnelheid instellen op zacht of hard. Ventilator: Met deze functie kan je instellen of ventilator hard, zacht of automatisch moet draaien. Wanneer de ventilator aanstaat, kan de temperatuur niet worden ingesteld. Ontvochtigen: Met deze functie kan je de ruimte ontvochtigen en is het niet nodig om de afvoerslang aan te sluiten. Het is wel belangrijk om ramen en deuren gesloten te houden tijdens het ontvochtigen. De airconditioner houdt het vocht vast in een opvangbakje binnenin en geeft via een signaal aan wanneer dit vol is. Via de drainage opening kan je het overtollig vocht uit het toestel laten lopen.  Slaapmodus De slaapmodus kan worden ingesteld via de afstandsbediening en tijdens de koelstand. In deze stand wordt de ingestelde temperatuur na een uur met 2°C verhoogd. Deze temperatuur zal voor de komende 7 uur worden aangehouden. Na deze tijd gaat de temperatuur terug naar de vooraf ingestelde temperatuur en wordt de slaapmodus beëindigd. Timer Met de timerfunctie kan je vooraf een ruimte laten afkoelen op warme dagen. Het enige wat je moet doen is instellen op welk tijdstip de mobiele airco automatisch mag worden ingeschakeld en weer uitgeschakeld. Automatisch Met de instelling ‘auto’ bepaalt de airco zelf de gepaste instelling in functie van de gekozen temperatuur. Ook deze functie kan worden ingesteld via de afstandsbediening. In deze modus kan de ventilatiesnelheid niet handmatig worden aangepast. Bediening De airco is makkelijk te bedienen via het bedieningspaneel met LED display en de meegeleverde afstandsbediening. Via het display bovenaan het toestel kan je de verschillende standen en de temperatuur instellen. Met de afstandsbediening kan je vanop afstand de airco instellen en zijn er meerdere instellingen beschikbaar waaronder de timer en slaapmodus. Afvoerslang en raamafdichtingskit Mobiele airconditioning werkt altijd met een afvoerslang die warme lucht naar buiten leidt. Om de mobiele airco optimaal te laten werken, wordt er ook een raamafdichtingskit meegeleverd om warme lucht buiten te houden. Zorg ervoor dat de slang niet gebogen is, dit kan de warmte- en waterafvoer beïnvloeden. Specificaties  Voor ruimtes tot +- 30m² (80m³) Capaciteit: 9000 BTU Timer Thermostaat regelbaar tussen 17°C en 30°C Geluidsarm: 63 dB Milieuvriendelijke koelvloeistof R290 Verschillende functies: koelen, ventilator, luchtontvochtiger, slaapmodus, 'auto' functie LED display Afstandsbediening  Handige tips voor het gebruik van de PR575AC mobiele airco:  Zorg ervoor dat de airco steeds op een vlakke ondergrond wordt neergezet en er geen voorwerpen binnen een straal van 30 cm rondom het toestel staan. Zoals bij elke mobiele airco wordt warme lucht afgevoerd via een afvoerslang. Vergeet de afvoerslang en raamafdichtingskit dus niet te monteren bij de functies ‘koelen’ en ‘auto’. Raadpleeg de handleiding om deze correct aan te sluiten. Dit is noodzakelijk om warme lucht buiten te houden. De afvoerslang is niet nodig bij de functies ‘ventilator’ en ‘ontvochtiger’.  De slaapmodus kan alleen gebruikt worden tijdens de koelfunctie. Op het display wordt de ingestelde temperatuur weergegeven in de koelstand. Tenzij de airco ingesteld staat op ventilator of ontvochtiger, dan wordt de kamertemperatuur weergegeven. Een veelgestelde vraag is de betekenis van foutcode P1 op het display. Dit wil zeggen dat het waterreservoir in de airconditioner vol zit. In dat geval volg je het drainage hoofdstuk in de handleiding om op correcte wijze het water te verwijderen. Wij raden aan om tweewekelijks de luchtfilters te reinigen. Stof in de filters kan de werking van de airconditioning beïnvloeden. De PR577AC-SEAL raamafdichtingskit is geschikt om te gebruiken bij deze mobiele airco.    Dus wacht niet langer en plaats de PRIMO PR575AC direct in je winkelwagen. Via Bol.com heb je altijd 30 dagen bedenktijd, mocht je toch niet tevreden zijn met je aankoop dan kun je deze via Bol.com gratis retour sturen.
"
557,Rubson Navullingen AERO 360 Neutral 2 Stuks | Vochtvreter & Luchtontvochtiger Navul Tabs | Vochtvreter Badkamer Tabs | Vochtvreter Tabs Binnenhuis & Badkamer.,,Rubson,,"4,7",15,"16,99",Op voorraad,https://www.bol.com/nl/nl/p/rubson-navullingen-aero-360-neutral-2-st/9200000052278792/,6,"
Rubson AERO-360 Navullingen De extreem absorberende AERO 360 Tab heeft een vernieuwde golfvorm en een centrale opening om de contactoppervlakte te vergroten. De AERO 360 Tab is bijgevoegd in de verpakking. Aangeraden voor vochtige ruimtes zoals:badkamers, keukens, wasplaatsen, bergruimtes, kelders, garages, wijnkelders, ateliers, tuinhuisjes, schuren, leefruimtes, vakantiehuizen, caravans, camping-cars, boten. Voordelen  De Absorberende AERO360 Tabs. 360° luchtcirculatie. Tot 40% efficiënter. Anti-vocht en anti-geur. Bevat meegeleverde navultabs voor langer gebruik.  De Rubson Aero 360° Tabs absorbeert overmatig vocht, neutraliseert onfrisse geurtjes en verspreidt een aangename geur. Het apparaat zet vocht om in een zoutoplossing en dat wordt vervolgens opgevangen in de tank onder het toestel. Er is dus geen electriciteit nodig en het product is daardoor handig en milieuvriendelijk. Kenmerken van de Rubson AERO-360 Tabs  Geschikt voor ruimtes tot 40m² met weinig luchtcirculatie. Vermijdt condensatie, onfrisse geuren, schimmel, meeldauw Beperkt ontwikkeling van stofmijt en meeldauw. Eerste druppel binnen 12 uur De tab werkt tot wel 3 maanden  Toepassingen  Open de folie & plaats de tab met de blauwe zijde naar beneden de en sluit het apparaat. Zodra de tab volledig is opgelost, open de tuit en giet de oplossing in het toilet. Verwijder resten met warm water. Plaats 10cm van de muur voor optimale luchtcirculatie.  Werking van de Rubson AERO 360 Tabs: Om vochtopnemer tabs te hervullen, leeg je eerst het reservoir waarin het vocht is opgevangen. Vervolgens verwijder je de oude vochtabsorberende korrels of poeder uit de tabs. Ten slotte vul je de tabs met nieuwe vochtabsorberende korrels volgens de instructies van het specifieke product dat je gebruikt. De actieve kristallen en de opgevangen zoutoplossing niet in contact brengen met o.a. corroderende metalen, leder, textiel, hout, koper.
"
558,Clean Air Optima® Filterset voor Luchtontvochtiger CA-704 - CA-707,,Clean Air Optima,,"5,0",3,"29,90",,https://www.bol.com/nl/nl/p/clean-air-optima-filterset-voor-luchtontvochtiger-ca-704-ca-707/9300000115681706/,3,"
 Vervangfilterset voor luchtontvochtiger Clean Air Optima® CA-704 - CA707: Actief Koolstoffilter + True HEPA filter 
 1. Actief KoolstoffilterHet actief koolstoffilter filtert effectief gassen, chemicaliën, sigarettenrook, vluchtige organische stoffen (VOC) en geuren zoals huisdier-, schimmel- , keuken- en verfgeuren formaldehyde, benzeen, ammonia, nicotine, etc. uit de binnenlucht.2. TRUE HEPA filter met nano zilver coatingZuivert 99,97% van alle zweefstoffen tot 0,3 micrometer (0,3 µm) uit de lucht. Het HEPA filter is het meest effectieve luchtfilter voor het verwijderen van:• (fijn)stof, sigarettenrook, pollen• allergenen• alle andere vaste deeltjesDe antibacteriële laag van nano zilver coating op het filter elimineert bacteriën en schimmels.Vervangen van filtersVervanging Actief Koolstoffilter + True HEPA Filter na 3-6 maanden.Afmetingen Actief Koolstoffilter: 22x21 (cm) True HEPA Filter: 22x21 (cm) 
"
559,Rubson Vochtopnemer AERO360 Badkamer | Vocht in Badkamer & Huiskamer | Vochtvangende Luchtontvochtiger Toestel | Vochtvreter & Ontvochter | Totale Vochtvreter binnenhuis.,Nieuw artikel,Rubson,,"4,7",9,"24,74",Op voorraad,https://www.bol.com/nl/nl/p/rubson-vochtopnemer-aero360-badkamer-vocht-in-badkamer-vochtvanger-luchtontvochtiger-toestel-vocht-opnemer-vanger-vreter-vochtvreter/9200000093580202/,9,"
Rubson Vochtopnemer AERO360 Badkamer special ontwikkeld voor het verwijderen van vocht in uw badkamer. Door zijn strakke design zal deze vochtopnemer niet mistaan in uw badkamer. Door nieuwe circulatie technologie zal deze vochtopnemer ervoor zorgen dat er meer vocht wordt opgenomen in de badkamer. De Rubson vochtopnemer optimaliseert de luchtcirculatie met 360 graden en versterkt hierdoor een superieure vochtopname en een zeer efficiënte geurneutralisatie. Het systeem is gebaseerd op een fysisch principe: hoe meer contact met de lucht, des te hoger de vochtopname. Het aërodynamisch toestel heeft een unieke 360° luchttunnel.De extreem absorberende AERO 360 Tab heeft een vernieuwde golfvorm en een centrale opening om de contactoppervlakte te vergroten. De AERO 360 Tab is bijgevoegd in de verpakking. De Rubson vochtopnemer optimaliseert de luchtcirculatie met 360 graden en versterkt hierdoor een superieure vochtopname en een zeer efficiënte geurneutralisatie. Het systeem is gebaseerd op een fysisch principe: hoe meer contact met de lucht, des te hoger de vochtopname. Het aërodynamisch toestel heeft een unieke 360° luchttunnel.Aangeraden voor vochtige ruimtes:badkamers, keukens, wasplaatsen, bergruimtes, kelders, garages, wijnkelders, ateliers, tuinhuisjes, schuren, leefruimtes, vakantiehuizen, caravans, camping-cars, boten.EIGENSCHAPPEN:- Geavanceerd Aërodynamisch toestel- Navulbaar toestel met de AERO360 Tabs - 360° luchtcirculatie- Tot 40% efficiënter- Anti-vocht en anti-geurREINIGING VAN HET TOESTEL:Het toestel kan eenvoudig gereinigd worden met warm water en afwasproduct. De actieve kristallen en de opgevangen zoutoplossing niet in contact brengen met o.a. corroderende metalen, leder, textiel, hout, koper.
"
560,Rubson Vochtopnemer AERO360 Toestel 40m2 | Vochtvreter & Luchtontvochtiger Toestel | Vocht Vreter Badkamer | Vochtvreter Binnenhuis & Badkamer.,,Rubson,,"3,9",21,"28,59",Op voorraad,https://www.bol.com/nl/nl/p/rubson-vochtopnemer-aero360-40m2-vochtvanger-luchtontvochtiger-toestel-vocht-opnemer-vanger-vreter-vochtvreter/9200000079117514/,5,"
Rubson Vochtvreter AERO-360 De Rubson vochtvreter optimaliseert de luchtcirculatie met 360 graden en versterkt hierdoor een superieure vochtopname en een zeer efficiënte geurneutralisatie. Het vochtvreter systeem is gebaseerd op een fysisch principe: hoe meer contact met de lucht, des te hoger de vochtopname. Het aërodynamisch toestel heeft een unieke 360° luchttunnel vochtvreter systeem waardoor het geschikt is alle vochtvreter oplossingen voor in huis.De extreem absorberende vochtvreter AERO 360 heeft een vernieuwde golfvorm en een centrale opening om de contactoppervlakte te vergroten. De AERO 360 vochtvreter is bijgevoegd in de verpakking. Aangeraden voor vochtige ruimtes en een perfecte vochtvreter voor in huis maar ook ruimtes zoals:badkamers, keukens, wasplaatsen, bergruimtes, kelders, garages, wijnkelders, ateliers, tuinhuisjes, schuren, leefruimtes, vakantiehuizen, caravans, camping-cars, boten. Vochtvreter Voordelen  Geavanceerd Aërodynamisch Toestel Navulbaar toestel met de AERO360 Tabs 360° luchtcirculatie Tot 40% efficiënter Anti-vocht & Anti-geur  De Rubson vochtopnemer Aero 360° absorbeert overmatig vocht, neutraliseert onfrisse geurtjes en verspreidt een aangename geur. Het vochtvreter apparaat zet vocht om in een zoutoplossing en dat wordt vervolgens opgevangen in de tank onder het toestel. Er is dus geen electriciteit nodig en het product is daardoor handig & milieuvriendelijk. Dat maakt het tot een ideale vochtvreter voor in huis. Kenmerken van de Rubson Vochtvreter AERO-360  Geschikt voor ruimtes tot 40m² met weinig luchtcirculatie. Vermijdt condensatie, onfrisse geuren, schimmel, meeldauw Beperkt ontwikkeling van stofmijt en meeldauw. Eerste druppel binnen 12 uur De tab werkt tot wel 3 maanden Er is geen electriciteit nodig en het product is daardoor handig en milieuvriendelijk.  Vochtvreter Toepassingen  Druk op het symbool bovenop het apparaat om deze te openen. Open de folie & plaats de tab met de blauwe zijde naar beneden de en sluit het apparaat. Zodra de tab volledig is opgelost, open de tuit en giet de oplossing in het toilet. Verwijder resten met warm water. Plaats 10cm van de muur voor optimale luchtcirculatie.  Reiniging van het toestel De Rubson AERO 360 vochtvreter kan eenvoudig gereinigd worden met warm water en afwasproduct. De actieve kristallen en de opgevangen zoutoplossing niet in contact brengen met o.a. corroderende metalen, leder, textiel, hout, koper.
"
561,Rubson AERO 360 Lavendel Navullingen 4 st. | Vochtvreter & Luchtontvochtiger Navulling | Vochtvreter Navul Tabs | Kamer Ontvochtiger & Vochtvreter Tabs | Badkamer & Luchtontvochter.,,Rubson,,"4,3",12,"26,49",Op voorraad,https://www.bol.com/nl/nl/p/rubson-navullingen-aero-360-lavendeltuin-4x450g/9200000073260183/,5,"
Rubson AERO-360 Navullingen - 4 Stuks De extreem absorberende AERO 360 Tab heeft een vernieuwde golfvorm en een centrale opening om de contactoppervlakte te vergroten. De AERO 360 Tab is bijgevoegd in de verpakking. Aangeraden voor vochtige ruimtes zoals:badkamers, keukens, wasplaatsen, bergruimtes, kelders, garages, wijnkelders, ateliers, tuinhuisjes, schuren, leefruimtes, vakantiehuizen, caravans, camping-cars, boten. Voordelen  De Absorberende AERO360 Tabs. 360° luchtcirculatie. Tot 40% efficiënter. Anti-vocht en anti-geur. Bevat meegeleverde navultabs voor langer gebruik.  De Rubson Aero 360° Tabs absorbeert overmatig vocht, neutraliseert onfrisse geurtjes en verspreidt een aangename geur. Het apparaat zet vocht om in een zoutoplossing en dat wordt vervolgens opgevangen in de tank onder het toestel. Er is dus geen electriciteit nodig en het product is daardoor handig en milieuvriendelijk. Kenmerken van de Rubson AERO-360 Tabs  Geschikt voor ruimtes tot 40m² met weinig luchtcirculatie. Vermijdt condensatie, onfrisse geuren, schimmel, meeldauw Beperkt ontwikkeling van stofmijt en meeldauw. Eerste druppel binnen 12 uur De tab werkt tot wel 3 maanden  Toepassingen  Open de folie & plaats de tab met de blauwe zijde naar beneden de en sluit het apparaat. Zodra de tab volledig is opgelost, open de tuit en giet de oplossing in het toilet. Verwijder resten met warm water. Plaats 10cm van de muur voor optimale luchtcirculatie.  Werking van de Rubson AERO 360 Tabs Om vochtopnemer tabs te hervullen, leeg je eerst het reservoir waarin het vocht is opgevangen. Vervolgens verwijder je de oude vochtabsorberende korrels of poeder uit de tabs. Ten slotte vul je de tabs met nieuwe vochtabsorberende korrels volgens de instructies van het specifieke product dat je gebruikt. De actieve kristallen en de opgevangen zoutoplossing niet in contact brengen met o.a. corroderende metalen, leder, textiel, hout, koper.
"
562,Honeywell TP Fit 12l - Luchtontvochtiger,,Honeywell,,"5,0",1,"159,-",,https://www.bol.com/nl/nl/p/honeywell-tp-fit-12l-luchtontvochtiger/9300000164721208/,20,"
Honeywell TP Fit 12L is een stille luchtontvochtiger met een ontvochtigingscapaciteit van 12 liter vocht per dag. De luchtdroger produceert hierbij maximaal 42,5 db(A). De energiezuinige Honeywell TP Fit 12L is klein, maar krachtig. Het vocht verwijdert hij snel uit de lucht. Zijn 'Wasdroog Modus' schakel je in om kleding in korte tijd te drogen. De luchtontvochtigers van Honeywell zijn duurzaam en geschikt voor dagelijks gebruik.  50 m2 ontvochtigen Capaciteit: 12 liter water/dag Energiezuinig  Productbeschrijving: Honeywell TP Fit 12l - Luchtontvochtiger Gebruiksvriendelijke luchtontvochtiger De mobiele luchtontvochtiger Honeywell TP Fit 12L is eenvoudig in gebruik, zijn functies zijn makkelijk te bedienen. De kleine luchtdroger heeft een stevige omkasting gemaakt van glanzend wit kunststof. Dankzij de compacte afmetingen past de TP Fit 12L in elke kamer zoals een slaapkamer, kelder, badkamer of woonkamer. De elegante luchtontvochtiger verwijdert elke dag voldoende vocht uit de lucht om het binnenmilieu gezond te houden. Bij vochtig weer houdt hij de luchtvochtigheid binnen laag zodat er geen vochtproblemen ontstaan. Honeywell TP Fit 12 beschermt muren, gordijnen, kleding, meubels en apparaten tegen schimmel en meeldauw. Kenmerken van luchtontvochtiger Honeywell TP Fit 12L  Compacte luchtontvochtiger Verwijdert tot 12 liter vocht uit de lucht per dag Stille luchtontvochtiging tot maximaal 42,5 db(A) Geschikt voor dagelijks gebruik 11-fasen veiligheids- en kwaliteitstestster, bescherming tegen oververhitting 'Wasdroog Modus' om kleding te drogen en de wasruimte droog te houden Energiezuinig lucht drogen Robuust handvat 
"
563,Filterset Qlima D6-serie,,Qlima,,"4,5",2,"22,47",Op voorraad,https://www.bol.com/nl/nl/p/filterset-qlima-d6-serie/9200000101118249/,0,"
    3M HAF filter, geschikt voor de Qlima D610, D612, D620, D625 luchtontvochtigersVervang de filter elk seizoen voor het beste resultaat
  "
564,SEEGER Mobiele Smart Airco met Luchtontvochtiger en WiFi - 9000 BTU - Inclusief Installatiekit - Voor Woonkamer en Slaapkamer - Airconditioning - SAC9000S-B - Zwart,,SEEGER,,"3,9",43,"279,-",Op voorraad,https://www.bol.com/nl/nl/p/seeger-mobiele-smart-airco-met-wifi-9000-btu-inclusief-installatiekit-voor-woonkamer-en-slaapkamer-airconditioning-sac9000s-b-zwart/9300000098778257/,10,"
 Tijdens de warme zomerdagen kan iedereen wel wat verkoeling gebruiken. Een mobiele airco is hiervoor de perfecte oplossing. De SEEGER SAC9000S-B is een compacte mobiele airco met een koelvermogen van 9000 BTU, geschikt voor bijvoorbeeld de woonkamer, slaapkamer of op kantoor. 
 
SMART functie
 De smart-functie van de airco zorgt ervoor dat je in een fris huis thuiskomt na een warme zomerdag, doordat de airco op afstand aan- en uit gezet kan worden. De airco kun je namelijk verbinden met Wi-Fi, waarna je de airco met de mobiele app Smart Life kunt bedienen. Hiermee functioneert je mobiel ook meteen als extra afstandsbediening voor de airco. De Smart Life app is gratis, en te downloaden voor iPhone en Android. 
 
Verkoel ruimtes tot 30m²
 Deze mobiele airco van SEEGER heeft een koelvermogen van 9000 BTU. Dit staat voor British Thermal Unit. Het aantal BTU geeft aan hoe groot de ruimte maximaal kan zijn om deze optimaal te verkoelen. Met een koelcapaciteit van 9000 BTU kun je een ruimte verkoelen tot 30m². 
 
Verkoelen, ventileren en ontvochtigen
 Naast dat de airco jouw gehele ruimte kan verkoelen, heeft de airco ook een ventilator stand met twee snelheden voor de iets minder warme dagen. Daarnaast kan de mobiele airco ook gebruikt worden als een luchtontvochtiger het gehele jaar door. De luchtontvochtiger haalt tot wel 24 liter per dag uit de ruimte. 
 

Wist je dat? Droge lucht makkelijker te koelen is dan een vochtige lucht, hierdoor daalt de temperatuur nog sneller.

 

Tip: gebruik eerst de luchtontvochtingsfunctie voordat je de ruimte verkoelt.

 
Praktisch en stijlvol 
 Dankzij het compacte formaat van de airco kan hij vrijwel overal in huis of op kantoor geplaatst worden. Dankzij de wieltjes rijd je de airco gemakkelijk en snel naar de gewenste plek. Het strakke en unieke design maakt de airco ook nog eens stijlvol en komt daarom in ieder interieur tot zijn recht. Het meest unieke aan deze airco is het zwarte design, wat overal bij past en er ook nog eens modern uitziet. 
 
Eenvoudig instellen zoals jij wilt 
 Beheers het klimaat vanuit je luie stoel of op afstand met de meegeleverde afstandsbediening. Dankzij de timer schakel je de airco aan en uit wanneer je wilt zonder dat je er naar om hoeft te kijken. Met de knoppen op de airconditioner stel je gemakkelijk de gewenste temperatuur in. Met de andere knoppen kies je de snelheid of modus en schakel je gemakkelijk de timer in. 
 
Een verkoelde nachtrust met de slaapmodus
 De slaapmodus zorgt ervoor dat je een verkoelende nachtrust hebt, deze functie zorgt er namelijk voor dat elk uur de temperatuur met 1°C toeneemt zodat je geen kou zult vatten tijdens het slapen. Het geluidsniveau wordt dankzij de slaapmodus sterk gereduceerd wat het overigens ook weer makkelijker maakt om in slaap te vallen. 
 
Inclusief installatiekit
 Met de meegeleverde afvoerslang creëer je eenvoudig verkoelde lucht in je appartement, slaapkamer of op kantoor bijvoorbeeld. Dankzij de installatiekit kun je de slang gemakkelijk op het raam bevestigen zonder dat alle warme lucht van buiten weer naar binnen komt. 
De Smart Life app
 Met de Smart Life app bedien je gemakkelijk je mobiele airco en andere SMART apparaten die met Tuya worden ondersteund. De Smart Life app bied een duidelijk overzicht waarin je al je SMART apparaten op een rijtje hebt en kunt bedienen, ook als je niet thuis bent. Zo schakel je eenvoudig de slaapmodus in, maar ook kun je een schema aanmaken waarbij de airco aan of uit gaat wanneer jij wilt. Dit kan doormiddel van een dagschema of een weekplanning, zo verspil je nooit overbodig energie. Pas de temperatuur aan naar hoe jij het fijn vindt en ook heb je keuze uit de verschillende modi van de airco. Daarnaast nodig je gemakkelijk je huisgenoten uit om hetzelfde apparaat te bedienen en werkt de app ook met Alexa en Google home. 
 
Wat vind je in de doos? 

Airconditioner
Handleiding
Installatiekit
Afstandsbediening

 
Specificaties 

Koelvermogen: 9000 BTU
Verkoelt tot 30m²
Ontvochtigen: Ja
Capaciteit ontvochtigen: 24L/dag
Ventilatorstand; Ja
Aantal snelheden: 2
Inclusief installatiekit
Met afstandsbediening
Geluidsniveau: ≤65 dB
Slaapmodus: Ja
Smart functie: Ja
Display: LED display
Voltage: 220-240 Volt
Frequentie: 50 Hz
Energieklasse: A
Afmetingen: 31,5x31x69,8cm
Kleur: Zwart
Gewicht: 22,5 kg

"
565,Clean Air Optima® Filterset voor Slimme Luchtontvochtiger CA-704 Smart,,Clean Air Optima,,"4,5",2,"29,90",,https://www.bol.com/nl/nl/p/clean-air-optima-filterset-voor-slimme-luchtontvochtiger-ca-704-smart/9300000083434849/,3,"
 Vervangfilterset voor luchtontvochtiger Clean Air Optima® CA-704 Smart: Actief Koolstoffilter + True HEPA filter 
 1. Actief KoolstoffilterHet actief koolstoffilter filtert effectief gassen, chemicaliën, sigarettenrook, vluchtige organische stoffen (VOC) en geuren zoals huisdier-, schimmel- , keuken- en verfgeuren formaldehyde, benzeen, ammonia, nicotine, etc. uit de binnenlucht.2. TRUE HEPA filter met nano zilver coatingZuivert 99,97% van alle zweefstoffen tot 0,3 micrometer (0,3 µm) uit de lucht. Het HEPA filter is het meest effectieve luchtfilter voor het verwijderen van:• (fijn)stof, sigarettenrook, pollen• allergenen• alle andere vaste deeltjesDe antibacteriële laag van nano zilver coating op het filter elimineert bacteriën en schimmels.Vervangen van filtersVervanging Actief Koolstoffilter + True HEPA Filter na 3-6 maanden.AfmetingenActief Koolstoffilter: 19x15,5 (cm)True HEPA Filter: 18,4x13,8 (cm) 
"
566,Boneco A250 AquaPro Antikalk patroon,Nieuw artikel,Boneco,,"4,8",6,"20,95",Op voorraad,https://www.bol.com/nl/nl/p/boneco-a250-aquapro-antikalk-patroon/9200000085056553/,16,"
    Vermindert de waterhardheid en absorbeert onzuiverheden en verwijdert onaangename geuren uit het water. Gaat tot 6 maanden mee (levensduur is afhankelijk van de waterkwaliteit). Inclusief een gratis waterteststrip om de verwachte levensduur van de filter te meten.
  "
567,"Professionele 650 Watt Bouwdroger, Luchtontvochtiger, Vochtvanger 50 Liter",,Merkloos,,,,"564,95",Op voorraad,https://www.bol.com/nl/nl/p/professionele-650-watt-bouwdroger-luchtontvochtiger-vochtvanger-50-liter/9300000070973393/,5,"
Industriële bouwdrogers met metalen behuizing en 5m afvoerpomp. Voor het ontvochtigen van diverse lokalen. Hoge capaciteit: 50 liter per 24 uur. Automatische werking (hygrostaat) of manuele werking. Roterende compressor. Stevige metalen behuizing en stalen handvat. Digitaal display met eenvoudige bediening en timer. Uitwasbare en herbruikbare luchtfilter. Automatische ontdooifunctie (defrost) in temperaturen onder 10°C. Milieuvriendelijk koelmiddel R410A. Aansluitring voor afvoerslang. Toepassing: Op bouwwerven: pleister, beton, dekvloeren, chape. Bij vochtproblemen na waterlek of overstroming. Verbeteren van luchtkwaliteit in permanent vochtige ruimtes: kelders, wasruimtes. Bij vochtgevoelige materialen zoals papier, metaalwaren, houtvoorraad, enz. Voordelen van deze bouwdrogers: Tijdbesparend: sneller drogen van pleisters, chapes en beton, vooral in koude en vochtige omstandigheden. Laat uw bouwplaatsen vele malen sneller uitdrogen. Kostenbesparend: geen lange wachttijden meer op de werf. Sneller werven, vloeren, parket leggen, ... zonder risico op restvocht. Vermijd vocht- en schimmelproblemen. Optimaal resultaat in combinatie met een MV mobiele ventilator. De capaciteit van bouwdrogers is opgegeven voor verwarmde ruimtes. Warmere lucht kan meer waterdamp bevatten, zodat de efficiëntie van de bouwdroger hoger ligt.Technische gegevensOntvochtigen Capaciteit    28,7L/D(27°C,RH60%) 51L/D(30°C,RH80%)Nominale spanning    AC220-240VNominale frequentie    50HzNominale ingangsvermogen    545W (27°C,RH60%)Nominale ingangsstroom    2.7A (27°C,RH60%)Max. Nominale ingangsvermogen    650W (30°C,RH80%)Max. Nominale ingangsstroom    3.1A (30°C,RH80%)Capaciteit waterreservoir    5.5LGeluidsdrukniveau    <52dB(A)Koelmiddel lading    R290 230gNetto gewicht    36kgOverige gegevensMaximale werkdruk aan de aanzuig-/uitlaatzijde:0.7MPa/3.2MPaMaximale toelaatbare druk aan de hoge/lage drukzijde: 3.2MPaMaximale toegestane druk van de warmtewisselaar: 3.2MPaProductiejaar:2021
"
568,DHome DA7KWE  supplied by Daewoo- 3-in-1 Mobiele Airco 7000 BTU - Luchtontvochtiging - Met Ventilatorstand - Aircooler - Airconditioning Voor Slaapkamer en Woonkamer,Compacte airco met afstandsbediening die maximaal koelt met minimaal energieverbruik,DHOME,,"3,9",12,"159,-",Op voorraad,https://www.bol.com/nl/nl/p/dhome-da7kwe-supplied-by-daewoo-3-in-1-mobiele-airco-7000-btu-luchtontvochtiging-met-ventilatorstand-aircooler-airconditioning-voor-slaapkamer-en-woonkamer/9300000039263393/,9,"
Gebruik deze DHOME DA7KWE Mobiele airco om je kamer af te koelen en de warme zomermaanden door te komen! De airconditioner heeft drie verschillende functies; de airco kan namelijk ventileren, de lucht in je kamer significant afkoelen en het vocht hieruit afvoeren. Deze mobiele airconditioner biedt je daarmee de ultieme verkoeling deze zomer.
Geschikt voor slaapkamer, woonkamer en kantoor
Tijdens de warme zomerdagen is een airco de ideale oplossing om af te koelen. Vooral ’s avonds is het vervelend als het warm is in je slaapkamer. Deze airco van DHOME met een koelvermogen van 9000 BTU is zeer geschikt voor het optimaal afkoelen van ruimtes tot 20 m². Dankzij de slaapmodus stijgt de temperatuur elke dag met 1°C, waardoor je geen kou zult vatten tijdens het slapen zodra het buiten is afgekoeld. Daarnaast is de airco makkelijk te verplaatsen dankzij de wieltjes en is hij ook geschikt voor bijvoorbeeld je woonkamer of op het kantoor.
Een multifunctionele airconditioner
Met een koelvermogen van 7000 BTU, is de airco geschikt is voor ruimtes tot 30 m³. De luchtcirculatie van de airco is 290 m³/u, en de ontvochtigingscapaciteit is wel 19,2 liter per dag. Daarnaast beschikt de airco over twee verschillende snelheden (laag en hoog).
 
3 verschillende koelstanden en slaapmodus
De airco heeft drie verschillende standen waaruit je kan kiezen om je kamer af te koelen:
 

Koel (‘Cool’): Luchtcirculatie en koeling
Droog (‘Dry’): Luchtcirculatie en ontvochtigen
Ventilatie (‘Fan’): Luchtcirculatie zonder koeling

 
Hierdoor kun je, afhankelijk van de temperatuur in jouw kamer of wat jij op dat moment het prettigst vindt, de airconditioner volledig naar jouw wens afstellen. Daarbovenop beschikt de airconditioner over een slaapmodus, waarbij de temperatuur ieder uur een graden stijgt, wat ervoor zorgt dat jij heerlijk kunt slapen.
 
Met digitale timer
Met de makkelijk instelbare timer op het LED-scherm van de airco, kun je zelf aangeven wanneer de airco aan- of uitgaat. De airco schakelt na de aangegeven tijd automatisch in of uit. Ook de overbelasting beveiliging kan ervoor zorgen dat de airco automatisch uitgeschakeld wordt, waardoor je deze veilig kunt gebruiken.
 
Eenvoudige bediening en afstandsbediening
De mobiele airco is te bedienen met de knoppen aan de bovenkant. Hierop kun je de aan-uit-knop vinden, en kun je de verschillende standen, temperatuur, snelheid en timer instellen. Met de bijgeleverde afstandsbediening kun je de mobiele airco echter ook volledig vanuit je stoel of bed bedienen!
 
Makkelijk te verplaatsen
De airco is compact, waardoor deze op veel plaatsen neergezet kan worden, maar ook overal weer opgeborgen kan worden na de zomer. Door de wieltjes aan de onderkant kan de airco erg gemakkelijk verplaatst worden van kamer naar kamer, waardoor je op ieder moment en iedere plek verkoeling hebt.
 
Efficiënt koelen
Met energieklasse A is de mobiele airco erg energiezuinig, waardoor je jouw huis op een efficiënte manier kunt koelen.
"
569,Limpro auto lucht ontvochtiger - Auto ontvochtiger - Herbruikbaar - 400 gram XL - Anti condens - Vochtverdrijver - Vochtvreter - Auto-ontvochtiger,,Limpro,,"2,8",20,"8,-",,https://www.bol.com/nl/nl/p/limpro-auto-lucht-ontvochtiger-auto-ontvochtiger-herbruikbaar-400-gram-xl-anti-condens-vochtverdrijver-vochtvreter-auto-ontvochtiger/9200000085152158/,7,"
    Gebruik de Limpro auto ontvochtiger om condens en beslagen ruiten te bestrijden in uw auto, caravan of boot. De Limpro auto-ontvochtiger onttrekt overtollig vocht uit de lucht en houdt deze goed vast, zonder te lekken. Dankzij de Limpro auto-ontvochtiger wordt de auto weer fris! Condens die zorgt voor beslagen ramen en muffe luchtjes maken geen kans meer. Vochtvanger indicator wit? Snel en simpel drogen in de magnetron.Specificaties:Kleur: grijsAfmeting: 18 x 10 x 5 cm (L x B x H)Herlaadtijd: 6 minutenGewicht: 400 gram
  "
570,Auto Silicagel Ontvochtiger | Tas Droogmiddel Vocht | Vocht Absorber | Anti Mist Vocht | Absorberende Bamboe Houtskool Zak | Herbruikbare |,,Luchtontvochtiger,,,,"24,95",Op voorraad,https://www.bol.com/nl/nl/p/auto-silicagel-ontvochtiger-tas-droogmiddel-vocht-vocht-absorber-anti-mist-vocht-absorberende-bamboe-houtskool-zak-herbruikbare/9300000062498108/,6,"
    De ontvochtiger snel en efficiënt elimineert vocht evenals muffe geuren, maken uw road ervaring dat veel leuker.Het kan in de zon voor 3-5 uur en worden hergebruikt na 1-2 maanden.Auto Ontvochtiger zal nooit lekken of laat vlekken die kunnen veroorzaken schade aan uw auto-interieur. Het product effectief vallen vocht, sterk verminderen relatieve vochtigheid in de auto-interieur.Breed gebruikt voor machines, optica en elektronica, precisie-instrumenten, meter, zaden, verwerkte voedingsmiddelen, thee, lederen schoenen, leer, sport schoenen en culturele relikwieën, camera's, kunsten en ambachten en andere items die moeten worden vochtbestendige en schimmel-proof.Carbon-fiber print ontwerp dat zal geweldig uitzien in elke moderne auto-interieur. Past gemakkelijk op het voorpaneel, in de console of in het dashboardkastje.Specificaties:Item naam: Auto OntvochtigerMateriaal: Nanokristallijne crystal carbon zakKleur: Twill, zwartMaat: 18x11cm
  "
571,"Luchtreiniger - Luchtontvochtiger - Hooikoorts, stof en allergie Luchtreiniger - Duurzaam - Ultra-Stille Desktop Luchtreiniger - 3-Laags Hepa Filter - Filtert 99,97% Bacteriën, Fijnstof, Huisstofmijt en Pollen - Wit",,Merkloos,,"5,0",2,"79,95",Op voorraad,https://www.bol.com/nl/nl/p/luchtreiniger-luchtontvochtiger-hooikoorts-stof-en-allergie-luchtreiniger-duurzaam-ultra-stille-desktop-luchtreiniger-3-laags-hepa-filter-filtert-99-97-bacterien-fijnstof-huisstofmijt-en-pollen-wit/9300000150631297/,6,"
Deze luchtreiniger/luchtontvochtiger filtert de lucht in huis. Hierbij filtert deze 99,97% van de deeltjes in de lucht. De luchtkwaliteit binnenshuis is vaak 2 tot 5 keer slechter dan buiten, daarom is het belangrijk om je lucht in huis te filteren. De luchtreiniger is ook ideaal als je last hebt van hooikoorts of bepaalde allergieën. wat doet deze luchtreiniger:   verwijderd stof uit de lucht verminderd klachten bij hooikoorts verminderd klachten bij allergieën verwijderd huisdier geurtjes en schilfers  Het is ook belangrijk om in schone lucht te slapen. Deze ultra stille luchtreiniger is ideaal voor een schone slaapomgeving met maar 28 dB. kortom, de perfecte luchtreiniger voor een goede nachtrust! Specificaties  Geluid: 28-35 dB Filter: 3-laags H13 Hepa filter CADR (Clean Air Delivery Rate): 80m3 per uur instalatie: USB     Lengte: 8 cm Breedte: 10,5 cm Hoogte: 33,5 cm Gewicht: 730 g     
"
572,Hombli HEPA 13 Filter XL - Hombli Smart Air Purifier XL Luchtreiniger,,Hombli,,,,"39,95",Op voorraad,https://www.bol.com/nl/nl/p/hombli-hepa-13-filter-xl/9300000082911262/,5,"
 Verwijdert tot 99,97% van de bacteriën en virussen in de luchtDankzij het 3-delige filtersysteem worden vuile deeltjes zoals fijnstof, pollen, allergenen, schimmels, bacteriën, virussen, sigarettenrook, huisstofmijt en huidschilfers snel en doeltreffend onschadelijk gemaakt. De HEPA-filter vangt de deeltjes (zo klein als 0,3 micron) op en de koolstoffilter transformeert vervuilde lucht en nare luchtjes in schone en frisse lucht. De filters zijn vervangbaar en gaan gemiddeld 1 jaar mee, afhankelijk van gebruik. 
"
573,DeLonghi DD230P Luchtontvochtiger 1.25 l/h Wit,,De'Longhi,,"5,0",1,"478,14",,https://www.bol.com/nl/nl/p/delonghi-dd230p-luchtontvochtiger-1-25-l-h-wit/9200000107490273/,10,"
DeLonghi DD230P Luchtontvochtiger 1.25 l/h Wit  Gepatenteerd krachtige pompsysteem Dankzij het gepatenteerde pompsysteem kan vocht dat aan de lucht wordt onttrokken op 3 manieren worden afgevoerd: 1) Het wordt in de watertank verzameld 2) Het loopt continue weg via de afvoerslang 3) Wegpompen met een hoogteverschil van max. 5 m, bijv. vanuit het kelderraam naar buiten. Waterniveau-indicator Via de transparante tank kunnen het ontvochtigervermogen en het waterpeil worden gecontroleerd.   Features  Verwijdert tot wel 30 liter overtollig vocht in 24 uur Het stoffilter zorgt voor schone binnenlucht Zelfs vocht in de kelder kan gemakkelijk worden verwijderd, dankzij het gepatenteerde krachtige pompsysteem Met behulp van het elektronische display kunnen de kamertemperatuur en het vochtigheidsniveau worden geregeld.    Highlights  Verwijdert tot wel 30 liter overtollig vocht in 24 uur   Het stoffilter zorgt voor schone binnenlucht   Zelfs vocht in de kelder kan gemakkelijk worden verwijderd    Leveromvang  Luchtontvochtiger, Gebruiksaanwijzing. 
"
574,Clean Air Optima® Filterset voor Slimme Luchtontvochtiger CA-705/CA-706 Smart,,Clean Air Optima,,"5,0",1,"29,90",,https://www.bol.com/nl/nl/p/clean-air-optima-filterset-voor-slimme-luchtontvochtiger-ca-705-ca-706-smart/9300000083435000/,3,"
 Vervangfilterset voor luchtontvochtiger Clean Air Optima® CA-705/CA706 Smart: Actief Koolstoffilter + True HEPA filter 
 1. Actief KoolstoffilterHet actief koolstoffilter filtert effectief gassen, chemicaliën, sigarettenrook, vluchtige organische stoffen (VOC) en geuren zoals huisdier-, schimmel- , keuken- en verfgeuren formaldehyde, benzeen, ammonia, nicotine, etc. uit de binnenlucht.2. TRUE HEPA filter met nano zilver coatingZuivert 99,97% van alle zweefstoffen tot 0,3 micrometer (0,3 µm) uit de lucht. Het HEPA filter is het meest effectieve luchtfilter voor het verwijderen van:• (fijn)stof, sigarettenrook, pollen• allergenen• alle andere vaste deeltjesDe antibacteriële laag van nano zilver coating op het filter elimineert bacteriën en schimmels.Vervangen van filtersVervanging Actief Koolstoffilter + True HEPA Filter na 3-6 maanden.Afmetingen Actief Koolstoffilter: 25x20 (cm) True HEPA Filter: 18,4x16,2 (cm)  
"
575,DHome DA9KWE supplied by Daewoo - 3-in-1 Mobiele Airco 9000 BTU - Luchtontvochtiging - Met Ventilatorstand - Aircooler - Airconditioning Voor Slaapkamer en Woonkamer,,DHOME,,"5,0",3,"199,-",Op voorraad,https://www.bol.com/nl/nl/p/dhome-da9kwe-supplied-by-daewoo-3-in-1-mobiele-airco-9000-btu-luchtontvochtiging-met-ventilatorstand-aircooler-airconditioning-voor-slaapkamer-en-woonkamer/9300000040382487/,9,"
Gebruik deze 9000 BTU DHOME DA9KWE Mobiele airco om je kamer af te koelen en de warme zomermaanden door te komen! De airconditioner heeft drie verschillende functies; de airco kan namelijk ventileren, de lucht in je kamer significant afkoelen en het vocht hieruit afvoeren. Deze mobiele airconditioner biedt je daarmee de ultieme verkoeling deze zomer.
Geschikt voor slaapkamer, woonkamer en kantoor
Tijdens de warme zomerdagen is een airco de ideale oplossing om af te koelen. Vooral ’s avonds is het vervelend als het warm is in je slaapkamer. Deze airco van DHOME met een koelvermogen van 9000 BTU is zeer geschikt voor het optimaal afkoelen van ruimtes tot 20 m². Dankzij de slaapmodus stijgt de temperatuur elke dag met 1°C, waardoor je geen kou zult vatten tijdens het slapen zodra het buiten is afgekoeld. Daarnaast is de airco makkelijk te verplaatsen dankzij de wieltjes en is hij ook geschikt voor bijvoorbeeld je woonkamer of op het kantoor.
Een multifunctionele airconditioner
Met een koelvermogen van 9000 BTU, is de airco geschikt is voor ruimtes tot 45 m³. De luchtcirculatie van de airco is 330 m³/u, en de ontvochtigingscapaciteit is wel 21,6 liter per dag. Daarnaast beschikt de airco over twee verschillende snelheden (laag en hoog).
 
3 verschillende koelstanden en slaapmodus
De airco heeft drie verschillende standen waaruit je kan kiezen om je kamer af te koelen:
 

Koel (‘Cool’): Luchtcirculatie en koeling
Droog (‘Dry’): Luchtcirculatie en ontvochtiging
Ventilatie (‘Fan’): Luchtcirculatie zonder koeling

 
Hierdoor kun je, afhankelijk van de temperatuur in jouw kamer of wat jij op dat moment het prettigst vindt, de airconditioner volledig naar jouw wens afstellen. Daarbovenop beschikt de airconditioner over een slaapmodus, waarbij de temperatuur ieder uur een graden stijgt, wat ervoor zorgt dat jij heerlijk kunt slapen.
 
Met digitale timer
Met de makkelijk instelbare timer op het LED-scherm van de airco, kun je zelf aangeven wanneer de airco aan- of uitgaat. De airco schakelt na de aangegeven tijd automatisch in of uit. Ook de overbelasting beveiliging kan ervoor zorgen dat de airco automatisch uitgeschakeld wordt, waardoor je deze veilig kunt gebruiken.
 
Eenvoudige bediening en afstandsbediening
De mobiele airco is te bedienen met de knoppen aan de bovenkant. Hierop kun je de aan-uit-knop vinden, en kun je de verschillende standen, temperatuur, snelheid en timer instellen. Met de bijgeleverde afstandsbediening kun je de mobiele airco echter ook volledig vanuit je stoel of bed bedienen!
 
Makkelijk te verplaatsen
De airco is compact, waardoor deze op veel plaatsen neergezet kan worden, maar ook overal weer opgeborgen kan worden na de zomer. Door de wieltjes aan de onderkant kan de airco erg gemakkelijk verplaatst worden van kamer naar kamer, waardoor je op ieder moment en iedere plek verkoeling hebt.
 
Efficiënt koelen
Met energieklasse A is de mobiele airco erg energiezuinig, waardoor je jouw huis op een efficiënte manier kunt koelen.
"
576,PINGI Trockenwunder 2 x 450 g Granulaat-luchtontvochtiger Wit,,PINGI,,,,"23,49",,https://www.bol.com/nl/nl/p/pingi-trockenwunder-2-x-450-g-granulaat-luchtontvochtiger-wit/9300000149175493/,3,"
PINGI Trockenwunder 2 x 450 g Granulaat-luchtontvochtiger Wit  De originele Pingi-herbruikbare zakken zijn het perfecte middel om overtollige vocht in gesloten ruimtes te verwijderen. Pingi verlaagt de relatieve luchtvochtigheid in de omgeving en voorkomt muffe geuren en vocht. De herbruikbare Pingi-zakken verschillen van andere ontvochtigingsproducten, omdat ze in de magnetron kunnen worden geregenereerd. De vochtigheidsindicator geeft aan wanneer het tijd is om uw Pingi te regenereren. De indicator geeft aan wanneer het tijd is om de Pingi op te laden. Plaats de Pingi dan gewoon 3 tot 12 minuten in de magnetron, afhankelijk van het model, en hij is weer klaar voor gebruik. De teksten voor dit artikel zijn automatisch vertaald.   Features  2 x luchtontvochtiger met vochtigheidsindicator met vochtigheidsindicator toepassingsgebied: Tot 10 m3 kan steeds weer worden gebruikt voor huis, auto, caravan en meer luchtontvochtigers en deodorers in één    Highlights  Set van 2 met 2 luchtontvochtigers   Absorbeert veilig overtollige vocht uit de lucht en houdt deze vast   Droogt in 2 x 6 minuten    Leveromvang  2 x luchtontvochtiger elk 450 g., Gebruiksaanwijzing. 
"
577,SQOON® - Philips HU4102/02 - Philips 2000 Series - filter,Nieuw artikel,SQOON,,,,"15,01",Op voorraad,https://www.bol.com/nl/nl/p/sqoon-philips-hu4102-02-philips-2000-series-filter/9300000155648053/,2,"
   SQOON®, het originele alternatief   Ontdek SQOON® filters - het perfecte alternatief voor Philips HU4102/02 / 2000 series filters   424121085971 / 424121004921O.a. geschikt voor:Philips 2000 SERIESPhilips HU4814Philips HU4813Philips HU4811Philips HU4803Philips HU4801Philips HU4802Philips FY2401Philips FY2401/30   Wil je een krachtige en betrouwbare filter die je huis schoon en fris houdt? Maak dan kennis met SQOON® filters! Deze filters zijn speciaal ontworpen als een uitstekend alternatief voor de populaire Philips HU4102/02 / 2000 series filters.   Wat maakt SQOON® filters zo speciaal? Allereerst zijn ze extra sterk, waardoor ze lang meegaan en bestand zijn tegen zelfs de meest veeleisende schoonmaaktaken. Of je nu huisdieren hebt, tapijten met veel vezels of gewoon een druk huishouden, SQOON® filters kunnen het allemaal aan.   Een ander geweldig kenmerk van SQOON® filters is de perfecte aansluiting op je stofzuiger. Ze zijn zorgvuldig ontworpen om naadloos te passen op jouw Philips HU4102/02 / 2000 series. Dit betekent dat je geen gedoe hebt met losse of slecht passende filters. SQOON® zorgt ervoor dat elke filter perfect past, zodat je met vertrouwen kunt stofzuigen.   Kies voor SQOON® filters en geniet van de voordelen van een hoogwaardig alternatief voor Philips HU4102/02 / 2000 series filters . Duurzaamheid, perfecte aansluiting en kwaliteit maakt van SQOON® artikelen de ideale keuze voor een moeiteloze en effectieve schoonmaakroutines.   Wacht niet langer en upgrade je stofzuigerervaring vandaag nog met SQOON® Philips filters ! 
"
578,Conopu - Vochtvreter Electrisch - Luchtontvochtiger en Luchtreiniger - Luchtontvochtiger Slaapkamer - Auto Ontvochtiger - Vochtvreters Voor In Huis - Luchtontvochtiger En Luchtreiniger - Super Stil,,Verte,,,,"79,99",,https://www.bol.com/nl/nl/p/conopu-vochtvreter-electrisch-luchtontvochtiger-en-luchtreiniger-luchtontvochtiger-slaapkamer-auto-ontvochtiger-vochtvreters-voor-in-huis-luchtontvochtiger-en-luchtreiniger-super-stil/9300000171448094/,5,"
Verbeter het klimaat in je huis met de Verte Mini Draagbare Luchtontvochtiger! Deze ontvochtiger bied de perfecte oplossing voor het reguleren van vochtigheid in je huis, slaapkamer, badkamer, kast, RV of auto. Hier zijn de kenmerken die deze ontvochtiger zo speciaal maken: Compact en Draagbaar: Met afmetingen van slechts 18.5 x 18.5 x 26 cm en een gewicht van 990 gram, is deze ontvochtiger compact en draagbaar. Je kunt hem gemakkelijk verplaatsen naar elke ruimte waar je vochtproblemen wilt aanpakken. Stille Werking: De Verte Mini Luchtontvochtiger werkt fluisterstil met een geluidsniveau van slechts 35 dB. Dit maakt het ideaal voor gebruik in de slaapkamer, zodat je kunt genieten van een goede nachtrust zonder gestoord te worden. Automatische Uitschakeling: Deze ontvochtiger is voorzien van een automatische uitschakelfunctie wanneer de watertank vol is. Hierdoor hoef je je geen zorgen te maken dat de tank overloopt, en kun je de ontvochtiger onbezorgd laten werken. 7 Kleuren Nachtverlichting: Naast het reguleren van de luchtvochtigheid heeft deze ontvochtiger ook een leuke extra functie. Hij heeft 7 verschillende kleuren nachtverlichting, waardoor hij dienst kan doen als sfeervolle nachtlamp. Technische Specificaties:  Merk: Verte Afmetingen: 18.5 x 18.5 x 26 cm Gewicht: 992.23 gram Voltage: 220 Volt (AC) Vermogen: 48 watt Geluidsniveau: 35 dB Speciale Kenmerken: Draagbaar, Stille Werking, Automatische Uitschakeling  Verbeter het comfort in je huis en zorg voor de juiste luchtvochtigheid met de Verte Mini Draagbare Luchtontvochtiger. Bestel die van jou vandaag nog en geniet van een gezondere en comfortabelere leefomgeving!  
"
579,Sharp CV-Y12X - Mobiele Airco - 4-in-1 functie - Luchtontvochtiger - Ventilator - Verwarming 12000 BTU,,Sharp,,"4,3",3,"344,40",Op voorraad,https://www.bol.com/nl/nl/p/sharp-cvy12xr/9300000025370501/,7,"
 Multifunctioneel   De CV-Y12XR is een multifunctionele portable airconditioner die men kan gebruiken als luchtontvochtiger, ventilator en uiteraard ook om te koelen. Bovendien is hij ook voorzien van een uitstekend luchtfilter tegen stof en bacteriën.   Hij heeft een lucht ontvochtigingscapaciteit van 1,8 liter per uur. Zo worden de overtollige waterdeeltjes, in een vochtige, warme omgeving uit de ruimte verwijderd. Daardoor voelt de ruimte niet meer zo klam en oncomfortabel aan.   Zowel koelen als verwarmen   Dankzij zijn koelvermogen van 3,5kW, is hij geschikt voor gebruik in ruimtes tot circa 50m2 en dankzij zijn stille werking ook heel goed te gebruiken in de slaapkamer. Zo bent u ook in de zomermaanden tijdens uw nachtrust verzekerd van een prettige comfortabele omgevingstemperatuur. Maar de CV-Y12XR kan met een vermogen van 3,3 kW ook verwarmen. In de wintermaanden zorgt hij zo voor heel veel warmte in huis.   Zuinig in verbruik   Met energieklasse A is hij ook nog zuinig met het verbruik van stroom. De CV-Y12XR is verder verrijdbaar, heeft een timer, een kinderslot, een uitbreid bedieningspaneel en afstandsbediening, beiden met een display.     Temperatuur van 16°C tot 30°C graden, variërend instelbaar Koelcapaciteit 3,5 kW – 12000 BTU Verwarm capaciteit 3,3 kW – 11000 BTU Energieklasse A Geschikt voor ruimtes tot circa 50m² Stille werking 3 ventilator snelheden + Turbo + Auto stand Zelf diagnose, geheugenopslag, timer, sleep mode Auto clean, auto restart, kinderslot, verrijdbaar, Auto defrost Afstandsbediening met LCD display Uitgebreid bedieningspaneel met uitschakelbaar LED display 
"
580,Clean Air Optima® Actiefkoolstoffilter voor Luchtontvochtiger CA-704/CA-707,,Clean Air Optima,,"4,8",5,"13,90",Op voorraad,https://www.bol.com/nl/nl/p/clean-air-optima-actiefkoolstoffilter-voor-luchtontvochtiger-ca-704-ca-707/9200000064244310/,3,"
Actiefkool neutraliseert rook, chemicaliën, gassen en geuren, voorkomt de groei van bacteriën, virussen en schimmelsOnderhoud permanente voorfilterPermanente voorfilter om de 2 weken reinigen door stofzuigen of afspoelen met lauw water (Attentie: filter droog terugplaatsen. Niet reinigen met water boven 40°C, niet met alcohol, benzine of andere ontvlambare middelen)Onderhoud actief koolstoffilterEens per kwartaal actiefkoolstoffilter vervangen
  "
581,Rubson AERO 360 Waterfall Navullingen 4 st. | Vochtvreter & Luchtontvochtiger Navulling | Vochtvreter Navul Tabs | Kamer Ontvochtiger & Vochtvreter Tabs.,,Rubson,,"4,0",1,"26,49",Op voorraad,https://www.bol.com/nl/nl/p/rubson-navullingen-aero-360-vanille-aroma-4-pcs/9200000093580200/,6,"
Rubson AERO-360 Waterfall Navullingen De extreem absorberende AERO 360 Tab heeft een vernieuwde golfvorm en een centrale opening om de contactoppervlakte te vergroten. De AERO 360 Tab is bijgevoegd in de verpakking. Aangeraden voor vochtige ruimtes zoals:badkamers, keukens, wasplaatsen, bergruimtes, kelders, garages, wijnkelders, ateliers, tuinhuisjes, schuren, leefruimtes, vakantiehuizen, caravans, camping-cars, boten. Voordelen  De Absorberende AERO360 Tabs. 360° luchtcirculatie. Tot 40% efficiënter. Anti-vocht en anti-geur. Bevat meegeleverde navultabs voor langer gebruik.  De Rubson Aero 360° Tabs absorbeert overmatig vocht, neutraliseert onfrisse geurtjes en verspreidt een aangename geur. Het apparaat zet vocht om in een zoutoplossing en dat wordt vervolgens opgevangen in de tank onder het toestel. Er is dus geen electriciteit nodig en het product is daardoor handig en milieuvriendelijk. Kenmerken van de Rubson AERO-360 Tabs  Geschikt voor ruimtes tot 40m² met weinig luchtcirculatie. Vermijdt condensatie, onfrisse geuren, schimmel, meeldauw Beperkt ontwikkeling van stofmijt en meeldauw. Eerste druppel binnen 12 uur De tab werkt tot wel 3 maanden  Toepassingen  Open de folie & plaats de tab met de blauwe zijde naar beneden de en sluit het apparaat. Zodra de tab volledig is opgelost, open de tuit en giet de oplossing in het toilet. Verwijder resten met warm water. Plaats 10cm van de muur voor optimale luchtcirculatie.  Werking van de Rubson AERO 360 Tabs Om vochtopnemer tabs te hervullen, leeg je eerst het reservoir waarin het vocht is opgevangen. Vervolgens verwijder je de oude vochtabsorberende korrels of poeder uit de tabs. Ten slotte vul je de tabs met nieuwe vochtabsorberende korrels volgens de instructies van het specifieke product dat je gebruikt. De actieve kristallen en de opgevangen zoutoplossing niet in contact brengen met o.a. corroderende metalen, leder, textiel, hout, koper.
"
582,"Renkforce HD-68W Luchtontvochtiger 20 m² 0.011 l/h Wit, Blauw",,Renkforce,,"3,8",43,"53,99",,https://www.bol.com/nl/nl/p/renkforce-hd-68w-luchtontvochtiger-20-m-0-011-l-h-wit-blauw/9200000100741352/,4,"
Renkforce HD-68W Luchtontvochtiger 20 m² 0.011 l/h Wit, Blauw  Met deze luchtontvochtiger voorkomt of lost u reeds bestaande problemen met schimmels en hoge luchtvochtigheid efficiënt op. Perfect voor kleine ruimtes zoals garages. Het apparaat ontvochtigt elke dag maximaal 250 ml. Ultrastil dankzij Peltier-technologie De luchtontvochtiger werkt met een thermo-elektrische Peltier-module en is daardoor zeer stil in vergelijking met apparaten die met een compressor werken. Automatische uitschakeling De luchtontvochtiger schakelt zichzelf automatisch uit zodra er ongeveer 400 ml water in het reservoir zit. Dit wordt ook duidelijk weergegeven.   Features      Highlights  Ideaal voor het verwijderen en voorkomen van schimmel   Uiterst efficiënt, licht en draagbaar   Ultrastil dankzij Peltier-technologie     Leveromvang  Luchtontvochtiger, Netvoeding, Gebruiksaanwijzing. 
"
583,Wenko Luchtontvochtiger 800 Ml 13 Cm Wit/grijs,,Wenko,,,,"12,98",Op voorraad,https://www.bol.com/nl/nl/p/wenko-luchtontvochtiger-800-ml-13-cm-wit-grijs/9300000020245404/,3,"
    Wenko luchtontvochtigerDeze luchtontvochtiger beschermt tegen schimmel. De ontvochtiger verwijdert overtollig vocht en voorkomt zo condenswatervorming en slechte geurtjes in ruimtes met een grootte van maximaal 40 m³.Specificaties:Kleur: grijs, witMateriaal: kunststofGewicht: 500 gramInhoud: 800 mlRuimte: tot 40 m³Afmetingen: 13 x 13 x 13 cm (LxBxH)
  "
584,DHOME DA9KSWE Mobiele Airco 9000 BTU - Smart WiFi Airconditioning - Aircooler - Luchtontvochtiging - Met Ventilatorstand - Voor Slaapkamer en Woonkamer,,DHOME,,"4,8",5,"279,-",Op voorraad,https://www.bol.com/nl/nl/p/dhome-da9kswe-mobiele-airco-9000-btu-smart-wifi-airconditioning-aircooler-luchtontvochtiging-met-ventilatorstand-voor-slaapkamer-en-woonkamer/9300000040386421/,9,"
Gebruik deze 9000 BTU DHOME DA9KSWE Mobiele airco om je kamer af te koelen en de warme zomermaanden door te komen! De airconditioner heeft drie verschillende functies; de airco kan namelijk ventileren, de lucht in je kamer significant afkoelen en het vocht hieruit afvoeren. Deze mobiele airconditioner biedt je daarmee de ultieme verkoeling deze zomer.
Geschikt voor slaapkamer, woonkamer en kantoor
Tijdens de warme zomerdagen is een airco de ideale oplossing om af te koelen. Vooral ’s avonds is het vervelend als het warm is in je slaapkamer. Deze airco van DHOME met een koelvermogen van 9000 BTU is zeer geschikt voor het optimaal afkoelen van ruimtes tot 20 m². Dankzij de slaapmodus stijgt de temperatuur elke dag met 1°C, waardoor je geen kou zult vatten tijdens het slapen zodra het buiten is afgekoeld. Daarnaast is de airco makkelijk te verplaatsen dankzij de wieltjes en is hij ook geschikt voor bijvoorbeeld je woonkamer of op het kantoor.
SMART airconditioning
De smart-functie van de airco zorgt ervoor dat je in een fris huis thuiskomt na een warme zomerdag, doordat de airco op afstand aan- en uit gezet kan worden. De airco kun je namelijk verbinden met Wi-Fi, waarna je de airco met de mobiele app Smart Life kunt bedienen. Hiermee functioneert je mobiel ook meteen als extra afstandsbediening voor de airco. De Smart Life app is gratis, en te downloaden voor iPhone en Android.
 
Een multifunctionele airco
Met een koelvermogen van 9000 BTU, is de airco geschikt is voor ruimtes tot 45 m³. De luchtcirculatie van de airco is 330 m³/u, en de ontvochtigingscapaciteit is wel 21,6 liter per dag. Daarnaast beschikt de airco over twee verschillende snelheden (laag en hoog).
 
3 verschillende koelstanden en slaapmodus
De airco heeft drie verschillende standen waaruit je kan kiezen om je kamer af te koelen:
 

Koel (‘Cool’): Luchtcirculatie en koeling
Droog (‘Dry’): Luchtcirculatie en ontvochtiging
Ventilatie (‘Fan’): Luchtcirculatie zonder koeling

 
Hierdoor kun je, afhankelijk van de temperatuur in jouw kamer of wat jij op dat moment het prettigst vindt, de airconditioner volledig naar jouw wens afstellen. Daarbovenop beschikt de airconditioner over een slaapmodus, waarbij de temperatuur ieder uur een graden stijgt, wat ervoor zorgt dat jij heerlijk kunt slapen.
 
Met digitale timer
Met de makkelijk instelbare timer op het LED-scherm van de airco, kun je zelf aangeven wanneer de airco aan- of uitgaat. De airco schakelt na de aangegeven tijd automatisch in of uit. Ook de overbelasting beveiliging kan ervoor zorgen dat de airco automatisch uitgeschakeld wordt, waardoor je deze veilig kunt gebruiken.
 
Eenvoudige bediening en afstandsbediening
De mobiele airco is te bedienen met de knoppen aan de bovenkant. Hierop kun je de aan-uit-knop vinden, en kun je de verschillende standen, temperatuur, snelheid en timer instellen. Met de bijgeleverde afstandsbediening kun je de mobiele airco echter ook volledig vanuit je stoel of bed bedienen!
 
Makkelijk te verplaatsen
De airco is compact, waardoor deze op veel plaatsen neergezet kan worden, maar ook overal weer opgeborgen kan worden na de zomer. Door de wieltjes aan de onderkant kan de airco erg gemakkelijk verplaatst worden van kamer naar kamer, waardoor je op ieder moment en iedere plek verkoeling hebt.
 
Efficiënt koelen
Met energieklasse A is de mobiele airco erg energiezuinig, waardoor je jouw huis op een efficiënte manier kunt koelen.
  "
585,Klarstein - Iceblock Ecosmart - Mobiele Airco Met Afvoerslang- 3-In-1 Airco Met Ventilator- Luchtontvochtiger & Nachtmodus- Kleine & Draagbare Airco Voor Woning En Kantoor- Gering Verbruik- App-Bediening- 7000 Btu - Wit,,Klarstein,,,,"331,19",,https://www.bol.com/nl/nl/p/klarstein-iceblock-ecosmart-7-mobiele-airco-met-wifi-7-000-btu-2-1-kw-air-conditioner-portable-voor-21-tot-34-m-mobile-airconditioning-ventilator-r290-aircooler/9300000038637026/,14,"
 De Klarstein Iceblock Ecosmart 7 airco zorgt voor het perfecte zomerse behaaglijke klimaat in woon- of werkruimtes. Zijn krachtige koelcompressor werkt op 7.000 BTU of 2050 watt in energie-efficiëntieklasse A, zodat het apparaat ook bij continu gebruik zuinig blijft. Daarbij plaatst hij zich met 3-in-1 efficiëntie als airco, ventilator en luchtontvochtiger duidelijk op de voorgrond en koelt op warme dagen interieurs tussen 10 en 14 m² af tot aangename temperaturen tussen 16 en 31 °C. Met de afstandsbediening of Klarstein app kun je de Iceblock Ecosmart 7 overal vandaan bedienen.   Koele temperaturen op warme zomerdagen: geniet van allround frisheid met de Klarstein Iceblock Ecosmart 7 airco.  Eigenschappen:  Aangename frisheid: voor koele kamers op warme zomerdagen  Voor 10 en 14 m²: 7.000 BTU / 2.050 W vermogen  Zuinig & milieuvriendelijk: dankzij energie-efficiëntieklasse A  Smart Home: comfortabel via de Klarstein app besturen, geheel compatibel met Alexa  Veelzijdig: met 3 standen en 2 ventilatiesnelheden  Alles inbegrepen: raamafdichtingsset voor schuif- en kiepramen en afvoerpijp Omvang Levering:   1 x airco 1 x afstandsbediening incl. batterijen 1 x raamafdichtingsset voor schuiframen 1 x raamafdichtingsset voor kiepramen 1 x afvoerslang Meertalige gebruikershandleiding  Afmetingen:   Afmetingen: ca. 33 x 69 x 30 cm (BxHxD) Max. lengte afvoerpijp: ca. 1,5 m Gewicht: ca. 18,5 kg  Artikelnummer: 10034656
  "
586,Duronic - Vochtvreter Electrisch - Luchtontvochtiger en Luchtreiniger - Luchtontvochtiger Slaapkamer - Auto Ontvochtiger - Vochtvreters Voor In Huis - Luchtontvochtiger En Luchtreiniger - Super Stil,,Duronic,,,,"79,99",,https://www.bol.com/nl/nl/p/duronic-vochtvreter-electrisch-luchtontvochtiger-slaapkamer-auto-ontvochtiger-vochtvreters-voor-in-huis-luchtontvochtiger-en-luchtreiniger-super-stil/9300000170637171/,5,"
Verbeter de luchtkwaliteit in jouw huis met de Duronic Luchtontvochtiger! Een vochtige omgeving kan niet alleen onaangenaam zijn, maar ook schadelijk voor je gezondheid en je huis. Hoge luchtvochtigheid kan leiden tot vochtplekken, roest, schimmel, onaangename geuren en zelfs ademhalingsproblemen. Met onze luchtonvochtiger kun je de luchtvochtigheid in jouw huis, garage of kantoor op een optimaal niveau houden. Belangrijkste Kenmerken Compact en Discreet: De vochtvreter heeft een compact formaat waardoor je hem discreet in elke ruimte kunt plaatsen. Hij neemt weinig ruimte in beslag en past goed in elk interieur. Dankzij de 1,85 meter lange stroomkabel hoef je het apparaat niet direct naast het stopcontact te plaatsen. Efficiënte Prestaties: Met een vermogen van 22,5 watt kan de vochtvreter dagelijks ongeveer 250 ml vocht uit de lucht halen. De 500 ml water tank hoeft daardoor niet dagelijks te worden geleegd. Een transparant venster geeft duidelijk aan hoeveel vocht het apparaat heeft verwijderd, zodat je het op tijd kunt legen. Automatische Uitschakeling: Deze ontvochtiger is voorzien van een automatische uitschakelfunctie. Je hoeft je geen zorgen te maken dat de watertank te vol raakt, omdat het apparaat een geel LED-licht heeft dat oplicht wanneer het reservoir vol is en vervolgens stopt met ontvochtigen. Dit voorkomt niet alleen schade door overvolle tanks, maar is ook goed voor het milieu omdat het apparaat geen onnodige stroom verbruikt.   Specificaties  Modelnummer: DH05 Kleur: Zwart Productafmetingen: 15,4 x 13 x 22 cm; 1,24 kilogram Vermogen: 22,5 watt Water tank capaciteit: 500 ml Geluidsniveau: 44 dB  De Duronic Luchtontvochtiger is de ideale metgezel om vochtproblemen in jouw huis aan te pakken. Bestel die van jou vandaag nog en geniet van een gezondere en comfortabelere leefomgeving!  
"
587,Actief Koolstooffilter voor Duux Bora Luchtontvochtiger,,Duux,,,,"24,99",,https://www.bol.com/nl/nl/p/actief-koolstooffilter-voor-duux-bora-luchtontvochtiger/9300000009388327/,2,"
    Het actieve koolstoffilter voor Bora verwijdert rook, kookgeuren, formaldehyde, benzeen, virussen, bacteriën en andere giftige stoffen uit de lucht.
  "
588,Clean Air Optima® Combinatiefilter voor Slimme Luchtontvochtiger CA-702 Smart,,Clean Air Optima,,,,"19,90",,https://www.bol.com/nl/nl/p/clean-air-optima-combinatiefilter-voor-slimme-luchtontvochtiger-ca-702-smart/9300000164828517/,3,"
Combinatiefilter CA-702 Smart: Actief Koolstoffilter + TRUE HEPA (H13) filterGeschikt voor luchtontvochtiger: CA-702 SmartVervangen na 2-3 maanden.1. Actief KoolstoffilterHet actief koolstoffilter filtert effectief gassen, chemicaliën, sigarettenrook, vluchtige organische stoffen (VOC) en geuren zoals huisdier-, schimmel- , keuken- en verfgeuren formaldehyde, benzeen, ammonia, nicotine, etc. uit de binnenlucht.2. TRUE HEPA (H13) filter met nano zilver coatingZuivert 99,97% van alle zweefstoffen tot 0,3 micrometer (0,3 µm) uit de lucht. Het HEPA filter is het meest effectieve luchtfilter voor het verwijderen van:• (fijn)stof, sigarettenrook, pollen• allergenen• alle andere vaste deeltjesDe antibacteriële laag van nano zilver coating op het filter elimineert bacteriën en schimmels.Afmeting13 x 11 (cm)
"
589,VANTUBO RHINOCOMFORT BadkamerVentilator Luchtontvochtiger Ventilatie met warmteterugwinning,,VANTUBO,,,,"579,-",,https://www.bol.com/nl/nl/p/vantubo-rhinocomfort-badkamerventilator-luchtontvochtiger-ventilatie-met-warmteterugwinning/9300000023214128/,7,"
Decentrale puntventilatiesysteem met warmteterugwinning. Het fotokatalische saneringssysteem van de stromende lucht verwijdert bacteriën, stof en andere vluchtige stoffen die gevaarlijk zijn voor mensen. Vereist geen plaatsing van ventilatiekanalen in het gebouw. Installatie vereist slechts één gat met een diameter van 160 mm in de buitenmuur met een dikte van 24 tot 53 cm. Het apparaat /de apparaten die in elke kamer op de buitenmuur zijn gemonteerd, zorgen voor een thermisch effectief ventilatiesysteem. De geïntegreerde keramische ""honingraat'' warmtewisselaar recupereert tot 90% van de warmte uit de lucht die naar buiten wordt geworpen en voert deze terug naar de kamer met de lucht die van buiten naar binnen stroomt.Bediend met een afstandbediening. Uitgerust met temperatuur-, vochtigheids- en helderheidssensoren die de werking van het apparaat aanpassen aan veranderende omstandigheden. Drie ventilatorsnelheden, aangedreven door een borstelloze, ultrastille elektromotor met minimaal energieverbruik. Handmatige modus haalt lucht van buitenaf (max. 30 minuten). Handmatige modus om lucht naar buiten af ​​te voeren (max. 30 minuten). Automatische modus inlaat 45 seconden / uitlaat 45 seconden. Het apparaat zorgt voor voldoende ventilatie van ruimtes met een oppervlakte tot 50 m2 (hoogte tot 2,7 m). Het kan onafhankelijk werken of een onderdeel vormen van het volledige ventilatiesysteem van het gebouw, bestaande uit maximaal 65 apparaten. De MASTER-versie werkt zelfstandig of vormt de basis van een systeem dat bovendien uit 64 ondergeschikte apparaten in de SAT-versie bestaat. Aanbevolen oppervlakte: _tot*50 m2_ Filters: G3, Fotokatalyse Thermisch rendement: tot 90% Sensoren: Temperature, vocht, helderheids Luchtdebiet sleep/min/med/max.: 15/28/48/68 m3/h Stroomverbruik min/med/max: 2/3,8/6,6 W Geluidsdruk min/med/max: 27/32/38 db(A) ( afstand 1,5 m )
  "
590,Klarstein -Max Breeze Smart- Mobiele Airco- 3-In-1 Airco- Luchtontvochtiger- Ventilator- Nachtmodus- Antibacteriële Luchtreiniger- Zeer Stille & Mobiele Airco Met Afvoerslang- 15000 Btu- Pikzwart,,Klarstein,,"1,5",2,"1112,99",,https://www.bol.com/nl/nl/p/klarstein-max-breeze-smart-mobiele-airconditioning-3-in-1-airconditioning-ontvochtiger-ventilator-eek-a-app-bediening-4-modi-3-windsnelheden-500-m-h-57-95-m-15000-btu-4-4-kw-zwart/9300000038636437/,13,"
De Klarstein Max Breeze Smart mobiele airco is de verfrissende begeleider in de zomer en overtuigt in haar klasse met krachtige prestaties, een hoge energie-efficiëntie en omvangrijke functies. De hitteschrik, met een totaal vermogen van 1650 watt, beschikt over een bijzonder grote koelcapaciteit van 4,4 kW en bereikt een luchtcirculatie van max. 500 m³/h. Zo kan hij kantoren en lofts van 57 - 95 m² probleemloos van verfrissende koelte voorzien. Ondanks zijn krachtige vermogen kenmerkt hij zich door de buitengewone energiebilans van 2,6 EER (Energy Efficiency Ratio) in de energie-efficiëntieklasse A evenals een luchtzuiverend actief koolfilter. 4 verschillende modi (automatisch, koelen, ontvochtigen en ventileren) garanderen een aan de situatie aangepaste ruimtelijke beluchting, die nog wordt uitgebreid door 3 verschillende windkrachten. Ook de handmatige oscillatie en de comfortabele temperatuurinstelling tussen 18 en 32 °C in de koelmodus worden als behulpzaam ervaren.  Met de Klarstein app en een wifi verbinding kan de Max Breeze Smart kinderlijk eenvoudig per smartphone worden bediend, terwijl het bedieningspaneel aan de bovenkant voor een probleemloze handmatige bediening zorgt. De meegeleverde afstandsbediening biedt bovendien de mogelijkheid om comfortabel achterover te leunen. De airco beschikt daarnaast over een hervulbare, antibacteriële watertank die de koelefficiëntie van het apparaat aanvullend vergroot. Ook kan het verfrissende wonder door een timerfunctie betrouwbaar binnen 24 uur worden aan- en uitgezet.  Zoveel coolness zag je maar zelden: De Klarstein Max Breeze Smart mobiele airco voorziet je ook in de hete tijd van het jaar van aangename temperaturen en overtuigt met een bijzonder krachtige, energie-efficiëntie evenals talrijke wind- en koelstanden.  Eigenschappen:  Smart Home: eenvoudige bediening vanaf elke locatie via wifi-verbinding en Klarstein app  Krachtige koeling: 4,4 kW koelcapaciteit en een luchtcirculatie van max. 500 m³/h  Capabel: geschikt voor het koelen van ruimtes met een oppervlakte van 57 - 95 m²  Verhoogde efficiëntie:  door luchtafvoerslang met raamafdichtingsset voor kiepramen  Veelzijdige features: 4 bedrijfsmodi (automatisch, koelen, ontvochtigen, ventileren), 3 windkrachten en 24 uurs timer  Aanpasbare luchtstroom: handmatige oscillatie dankzij verstelbare lamellen Omvang Levering:   1 x Mobiele airco 1 x afstandsbediening 1 x luchtafvoerslang 1 x Afvoerslang 1 x Adapter afvoerslang rond 1 x Adapter afvoerslang plat 1 x Watertank 1 x Actief koolfilter 1 x Raamafdichtingsset voor kiepramen Meertalige gebruikershandleiding  Afmetingen:   Afmetingen apparaat: ca. 45 x 81 x 43 cm (BxHxD) Afvoerpijp: ca. 150 x 15 cm (LxØ) Gewicht apparaat: ca. 43 kg Gewicht afvoerpijp: ca. 0,5 kg Stroomkabel: ca. 180 cm  Artikelnummer: 10035742
  "
591,Lifetime Air Mobiele Airco/ Ventilator/ Luchtontvochtiger - 3-in-1 - 14000 BTU - tot 96m3,,Lifetime Air,,"4,5",2,"548,99",,https://www.bol.com/nl/nl/p/lifetime-air-mobiele-airco-ventilator-luchtontvochtiger-3-in-1-14000-btu-tot-96m3/9300000041354089/,10,"
 Met deze mobiele airco van Lifetime Air houd je het tijdens warme dagen heerlijk koel in huis. Het apparaat zorgt voor 3-in-1 airconditioning, want hij werkt naar wens als luchtkoeler, ventilator en luchtontvochtiger.   Mobiele airco   De zwenkwielen aan de onderzijde en de handvatten op het apparaat zorgen dat je de mobiele airco gemakkelijk kan verplaatsen. Plaats hem nabij een stopcontact op een vlakke ondergrond met voldoende ruimte (50 cm) aan alle kanten. Houd er rekening mee dat hij in de koelfunctie een afvoermogelijkheid nodig heeft naar buiten. Verstelbare raamafdichting en een afvoerpijp zijn inbegrepen.    Koelvermogen van 14000 BTU   Deze airco heeft een koelvermogen van 14000 BTU en is geschikt om ruimtes te koelen tot een maximale grootte van 96 m3 (omgerekend veelal een oppervlakte van ruim 38 m2). Het isolatieniveau van een ruimte heeft ook effect op het koelvermogen van de airco. Je kan je voorstellen dat een slecht geïsoleerde zolderkamer op het zuiden meer vraagt van een airconditioner dan een goed geïsoleerde ruimte op het noorden.    Bediening via display of afstandsbediening   De 3-in-1 airco heeft diverse instellingen. Je bedient de airco via het bedieningspaneel op het apparaat of met de meegeleverde afstandsbediening. Naar wens kun je de airco laten oscilleren. Deze zwenkfunctie laat de lamellen op en neer bewegen, wat de gekoelde lucht extra door de ruimte verspreidt. Zet je hem in de ventilatiemodus, dan kun je naar wens een hoge, middelhoge of lage ventilatiesnelheid selecteren. In de koelmodus heb je de mogelijkheid om de slaapmodus te activeren, waarna het apparaat energiebesparend en stil werkt. De airco beschikt ook over een timer. Met deze tijdklok stel je zelf in stappen van 1 uur in hoe lang het apparaat koelt (1 tot 24 uur). Handig als je bijvoorbeeld met airconditioning in slaap wil vallen, maar de airco niet de hele nacht hoeft te koelen.   Details Lifetime Air airco 14000 BTU   3-in-1: luchtkoeler, ventilator en luchtontvochtiger Model: JHS-A020-14KR2/BA Inclusief verstelbare raamafdichting en afvoerpijp Lengte afvoerpijp: 150 centimeter Lengte snoer: 180 centimeter Zwenkwielen Handgrepen LED-display 24-Uurs timer 3 Ventilatiesnelheden Temperatuurbereik airco: 16 tot 31°C Temperatuureenheid: Celsius en Fahrenheit Met afstandsbediening, bereik circa 4 meter, werkt op 2x AAA-batterij (niet inbegrepen) Vermogen: 1610 Watt Energieklasse: A (A+++ tot D) Keurmerk: TÜV Sud/ GS Koelvermogen: 14000BTU Luchtcirculatie: 500 m3/h Ontvochtiging: 40L/dag Koelmiddel: R290/280g Geluidsniveau: ≤65dB(A) Grootte van de ruimte: tot 96m3 Ingangsspanning: 220-240V~ 50Hz 
"
592,"ThoMar Airdry classic +30% Luchtontvochtiger (l x b x h) 36 x 15 x 4 cm Vrachtwagen, SUV, Van, Bus, Auto, Camper Antraciet",,ThoMar,,,,"14,99",Op voorraad,https://www.bol.com/nl/nl/p/thomar-airdry-classic-30-luchtontvochtiger-36-x-15-x-4-cm-vrachtwagen-suv-van-bus-auto-camper-antraciet/9200000122153102/,5,"
    AirDry luchtontvochtiger classicIedereen heeft in het voorjaar en najaar in huis, in de auto, de caravan of het vakantiehuisje wel eens last van vocht. Dat vocht zorgt ervoor dat uw meubels, behang, kozijnen en diverse apparaten verweren, lelijk worden, gaan stinken of zelfs kapot gaan. In de auto kan de vochtvorming leiden tot beslagen ruiten en mogelijk zelfs gevaarlijke situaties op de weg. Met deze vochtvreters wordt het vocht opgezogen en voorkomt u problemen die met vochtvorming gepaard gaan. Ze kunnen u op die manier heel veel geld en ellende besparen voor niet al te veel geld.Air Dry ontwasemt ruiten - juist in het natte jaargetijde. Air Dry is speciaal ontworpen voor gebruik in de auto. Het trekt het vocht als een magneet uit de lucht. De decente, anthracietzwarte slanke kussenvorm past zich optimaal aan het interieur aan. Het natuurlijke vochtopnemende granulaat is bijzonder absorberend. De bovenzijde van de zak is een vlies, dat voelbaar vochtig wordt, aan de onderzijde zit folie, die naar beneden doordringen van vocht voorkomt.HighlightsVoorkom beslagen autoruitenWerkingsduur tot 4 maandenEenvoudig herbruikbaar
  "
593,EQUATION - navulverpakkingen voor luchtontvochtigers - vocht- en geurvrije ruimte - geurvrij - 4 navultabletten - 4x450g - 20 tot 40 m²,,EQUATION,,"2,0",1,"19,99",,https://www.bol.com/nl/nl/p/equation-navulverpakkingen-voor-luchtontvochtigers-vocht-en-geurvrije-ruimte-geurvrij-4-navultabletten-4x450g-20-tot-40-m/9300000106485740/,3,"
 ANTIVOCHTIGHEID: Deze luchtontvochtigernavullingen verwijderen het vocht in de lucht aanzienlijk, waardoor de schadelijke effecten ervan worden verminderd: condensatie, schimmel, muffe geur, enz. Ze bieden u een comfortabelere atmosfeer. ANTI-GEUR: Deze navultabs voor luchtontvochtigers verwijderen slechte geuren bij de bron, waardoor de lucht in uw huis comfortabeler en gemakkelijker te ademen is zonder een synthetische geur te introduceren. EEN GEZONDER HUIS: Door overtollig vocht uit de lucht te verwijderen, beperken deze navultabletten ademhalingsproblemen, chronische ziekten en allergieën. Afhankelijk van het type luchtontvochtiger kunnen ze een ruimte van 20 tot 40 m² ontvochtigen en kunnen ze dus in elke ruimte in huis worden geïnstalleerd. UNIVERSEEL GEBRUIK: Deze 4 navullingen van 450 g zijn compatibel met alle soorten luchtontvochtigers die navullingen van 450 g of meer kunnen bevatten en zijn tot 6 weken effectief, afhankelijk van de temperatuur en vochtigheid in de kamer. EQUATION is ons merk voor verwarming, airconditioning, waterbehandeling en luchtbehandelingssystemen. Het helpt je om je huis goed te verwarmen en te ventileren en het comfortabel, emissiearm en energiezuinig te maken.  Deze geurvrije navultabs voor luchtontvochtigers zijn ideaal om overtollig vocht uit de lucht te verwijderen en de schadelijke effecten van hoge luchtvochtigheid te verminderen: condensatie, schimmel, muffe geur, enz. Ze zijn compatibel met alle soorten luchtontvochtigers die navullingen van 450 g of meer accepteren. bekwaam. Afhankelijk van de gekozen luchtontvochtiger kunnen kamers van 20 tot 40 m² tot 6 weken worden gerenoveerd.   ADEO is een belangrijke Europese speler in de verbetering van woonomgeving, de leefomgeving, gereedschap en doe-het-zelf tools voor individuen en voor professionals op het gebied van woonomgevingen. Met meer dan 450 miljoen trouwe klanten in onder andere Frankrijk, Spanje, Portugal, Italië, Polen en Griekenland. EQUATION is ons merk voor verwarming, airconditioning, waterbehandeling en luchtbehandelingssystemen. Het helpt je om je huis goed te verwarmen en te ventileren en het comfortabel, emissiearm en energiezuinig te maken.
  "
594,Klarstein - New Breeze ECO -Mobiele Airco Met Afvoerslang- 3-In-1 Airco Met Ventilator & Luchtontvochtiger- Kleine & Draagbare Airco Voor Woning & Kantoor- Nachtmodus- 10000 Btu Ac Met Gering Verbruik,,Klarstein,,"5,0",1,"566,98",,https://www.bol.com/nl/nl/p/klarstein-new-breeze-eco-mobiele-airco-10-000-btu-2-9-kw-360-m-h-air-conditioner-portable-voor-29-tot-49-m-mobile-airconditioning-ventilator-r290-aircooler/9300000004689061/,21,"
De  Klarstein New Breeze ECO mobiele airco voorziet huis of kantoor op betrouwbare wijze van verkoelende frisheid. De temperatuurverlager overtuigt met een koelvermogen van 10.000 BTU / 2,9 kW en bereikt een overtuigende luchtstroom van max. 360 m³/h. Tegelijkertijd is hij ondanks zijn krachtige prestaties met slechts 900 watt bijzonder zuinig. De vier verschillende modi Auto, Cooling, Dry (ontvochtiging) en Fan garanderen een klimatisering die is aangepast aan de situatie, die nog wordt versterkt door drie verschillende snelheden. De automatische, horizontale en de handmatige, verticale oscillatie zorgen ervoor dat de koelte over de hele ruimte wordt verdeeld. In de Cooling modus kun je een temperatuur van 16 tot 30 °C instellen. Met een geluidsniveau van slechts 48 dB op de laagste stand kan het frisheidswonder ook in geluidsgevoelige omgevingen worden gebruikt, terwijl de timerfunctie en bediening via de afstandsbediening een maximum aan gebruiksgemak beloven.  Krachtig, stijlvol en zuinig: de KlarsteinNew Breeze ECO  airco is het verfrissende antwoord op alle warme dagen van het jaar. Eigenschappen:  Steady cool: koele frisheid op warme dagen  Ontspannen & genieten: instelbare temperatuur van 16 tot 30 °C  Krachtig vermogen: 10.000 BTU / 2,9 kW koelvermogen en 360 m³/h max. luchtstroom  Veelzijdige frisheid: 4 gebruiksmodi, 3 snelheden en 24-uurs timerfunctie  In iedere hoek: automatische, horizontale oscillatie evenals manuele, verticale lamellen  Silent service: extra stille werking bij 48 dB op laagste niveau Omvang Levering:   1 x mobiele airco 1 x afstandsbediening 1 x luchtafvoerslang 1 x afvoerslang 1 x afvoerslang adapter 1 x slangklem 2 x kabelhouder 2 AAA 1,5V batterijen Meertalige gebruikershandleiding  Afmetingen:   Afmetingen: ca. 39 x 82 x 40,5 cm (BxHxD) Gewicht: ca. 35,5 kg Stroomkabel: 1,9 m  Artikelnummer: 10033584
  "
595,SEEGER Mobiele Airco met Luchtontvochtiger - 9000 BTU - Inclusief Installatiekit - Voor Slaapkamer en Woonkamer - Airconditioning - SAC9000 - Wit,,SEEGER,,"3,9",43,"279,-",,https://www.bol.com/nl/nl/p/seeger-mobiele-airco-9000-btu-inclusief-installatiekit-voor-slaapkamer-en-woonkamer-airconditioning-sac9000-wit/9300000098379544/,9,"
 Tijdens de warme zomerdagen kan iedereen wel wat verkoeling gebruiken. Een mobiele airco is hiervoor de perfecte oplossing. De SEEGER SAC9000 is een compacte mobiele airco met een koelvermogen van 9000 BTU, geschikt voor bijvoorbeeld de woonkamer, slaapkamer of op kantoor. 
 
Verkoel ruimtes tot 30m²
 Deze mobiele airco van SEEGER heeft een koelvermogen van 9000 BTU. Dit staat voor British Thermal Unit. Het aantal BTU geeft aan hoe groot de ruimte maximaal kan zijn om deze optimaal te verkoelen. Met een koelcapaciteit van 9000 BTU kun je een ruimte verkoelen tot 30m². 
 
Verkoelen, ventileren en ontvochtigen
 Naast dat de airco jouw gehele ruimte kan verkoelen, heeft de airco ook een ventilator stand met twee snelheden voor de iets minder warme dagen. Daarnaast kan de mobiele airco ook gebruikt worden als een luchtontvochtiger het gehele jaar door. De luchtontvochtiger haalt tot wel 24 liter per dag uit de ruimte. 
 

Wist je dat? Droge lucht makkelijker te koelen is dan een vochtige lucht, hierdoor daalt de temperatuur nog sneller.

 

Tip: gebruik eerst de luchtontvochtingsfunctie voordat je de ruimte verkoelt.

 
Praktisch en stijlvol
 Dankzij het compacte formaat van de airco kan hij vrijwel overal in huis of op kantoor geplaatst worden. Dankzij de wieltjes rijd je de airco gemakkelijk en snel naar de gewenste plek. Het strakke en unieke design maakt de airco ook nog eens stijlvol en komt daarom in ieder interieur tot zijn recht. 
 
Eenvoudig instellen zoals jij wilt
 Beheers het klimaat vanuit je luie stoel of op afstand met de meegeleverde afstandsbediening. Dankzij de timer schakel je de airco aan en uit wanneer je wilt zonder dat je er naar om hoeft te kijken. Met de knoppen op de airconditioner stel je gemakkelijk de gewenste temperatuur in. Met de andere knoppen kies je de snelheid of modus en schakel je gemakkelijk de timer in. 
 
Een verkoelde nachtrust met de slaapmodus
 De slaapmodus zorgt ervoor dat je een verkoelende nachtrust hebt, deze functie zorgt er namelijk voor dat elk uur de temperatuur met 1°C toeneemt zodat je geen kou zult vatten tijdens het slapen. Het geluidsniveau wordt dankzij de slaapmodus sterk gereduceerd wat het overigens ook weer makkelijker maakt om in slaap te vallen. 
 
Inclusief installatiekit
 Met de meegeleverde afvoerslang creëer je eenvoudig verkoelde lucht in je appartement, slaapkamer of op kantoor bijvoorbeeld. Dankzij de installatiekit kun je de slang gemakkelijk op het raam bevestigen zonder dat alle warme lucht van buiten weer naar binnen komt. 
 
Wat vind je in de doos?

Airconditioner
Handleiding
Installatiekit
Afstandsbediening

Specificaties

Koelvermogen: 9000 BTU
Verkoelt tot 30m²
Ontvochtigen: Ja
Capaciteit ontvochtigen: 24L/dag
Ventilatorstand; Ja
Aantal snelheden: 2
Inclusief installatiekit
Met afstandsbediening
Geluidsniveau: ≤65 dB
Slaapmodus: Ja
Smart functie: Nee
Display: LED display
Voltage: 220-240 Volt
Frequentie: 50 Hz
Energieklasse: A
Afmetingen: 30x30x70cm
Kleur: Wit
Gewicht: 22,5 kg

"
596,Dry-Bag Luchtontvochtigers Dry-Bag Duo250,,Dry-Bag,,,,"22,95",,https://www.bol.com/nl/nl/p/dry-bag-duo250-ontvochtiger/9200000010109960/,2,"
    DRY-BAG® is een milieuvriendelijke, herbruikbare ontvochtiger welke vocht uit de lucht haalt en opslaat. Gemaakt om uw gezondheid en uw eigendommen te beschermen tegen de schadelijke invloeden van vocht als schimmel en vieze luchtjes.DRY-BAG® is herbruikbaar, bij verhitting van de klei in een oven of simpelweg op de radiator verdampt het vocht en is DRY-BAG® weer gereed voor gebruik.Het handige doorkijkvenster toont de speciale klei in de zak. De klei verkleurt van lichtbruin naar donkerbruin naarmate meer vocht wordt geabsorbeerd. Met het handige koord kan het overal aan worden opgehangen.De Dry-Bag Duo250 grams verpakking bestaat uit twee Dry-Bag’s van elk 250 gram. Deze handige dubbelverpakking is zeer geschikt voor wisselgebruik waarbij 1 zak in gebruik is en de 2e zak droogt.Deze handzame maat is zeer geschikt voor kleine tot middelgrote ruimtes als in de auto, in keuken- en kledingkasten, garderobes, kleine bergruimtes, tuinmeubilair onder een hoes en elektronica kastjes op bijv. boten. Ook voor op de vakantie in de rugzak en foto tas is deze maat ideaal.Kenmerken van DRY-BAG®:• Herbruikbaar• Milieuvriendelijk• Hoge capaciteit, kan tot 75% van eigen gewicht aan vocht bevatten• Gebruikt geen stroom en geen navullingen meer• Lekt niet• Werkt 2 tot 3 maanden tot volledige verzadiging• Dry-Bag Duo250 werkt optimaal bij ruimtes tot 2,5m³ per zak• Doorkijkvenster en ophangkoord
  "
597,Clean Air Optima® Filterset voor Slimme Luchtontvochtiger CA-707 Smart,,Clean Air Optima,,,,"29,90",,https://www.bol.com/nl/nl/p/clean-air-optima-filterset-voor-slimme-luchtontvochtiger-ca-707-smart/9300000083434967/,3,"
 Vervangfilterset voor luchtontvochtiger Clean Air Optima® CA-707 Smart: Actief Koolstoffilter + True HEPA filter 
 1. Actief KoolstoffilterHet actief koolstoffilter filtert effectief gassen, chemicaliën, sigarettenrook, vluchtige organische stoffen (VOC) en geuren zoals huisdier-, schimmel- , keuken- en verfgeuren formaldehyde, benzeen, ammonia, nicotine, etc. uit de binnenlucht.2. TRUE HEPA filter met nano zilver coatingZuivert 99,97% van alle zweefstoffen tot 0,3 micrometer (0,3 µm) uit de lucht. Het HEPA filter is het meest effectieve luchtfilter voor het verwijderen van:• (fijn)stof, sigarettenrook, pollen• allergenen• alle andere vaste deeltjesDe antibacteriële laag van nano zilver coating op het filter elimineert bacteriën en schimmels.Vervangen van filtersVervanging Actief Koolstoffilter + True HEPA Filter na 3-6 maanden. 
 Afmetingen Actief Koolstoffilter: 26x23,5 (cm) True HEPA Filter: 24,3x23 (cm)  
"
598,Rubson Toestel Sensation 300g | Vochtvreter & Luchtontvochtiger Toestel | Vocht Vreter Badkamer | Vochtvreter Binnenhuis & Badkamer.,Nieuw artikel,Rubson,,,,"15,29",,https://www.bol.com/nl/nl/p/rubson-toestel-sensation-300-gr/9200000079117511/,4,"
Rubson Vochtopnemer Sensation De Rubson Vochtopnemer Sensation is de perfecte oplossing om uw woonruimtes, opslagruimtes & vakantieverblijven te vrijwaren van onaangename geurtjes, condensatie en schimmelvorming. Dit innovatieve vochtopname-toestel verlaagt de luchtvochtigheid in vochtige ruimtes, en zorgt voor een gezonde en droge omgeving, vooral tijdens de wintermaanden. Met de Rubson Vochtopnemer Sensation geniet u van een comfortabele, schimmelvrije omgeving, zonder gedoe of elektriciteitskosten. Het is de ideale metgezel voor het behoud van een gezonde en droge ruimte, het hele jaar door. De Rubson Vochtopnemer Sensation toestel heeft een mooi desing zodat niet misstaat in uw interieur! Zo werkt Rubson Sensation Plaats het toestel op een geschikte locatie passend bij de grootte, vermijd direct zonlicht en warmtebronnen. Zorg ervoor dat de gekozen plek geen direct zonlicht of warmtebronnen zoals radiatoren heeft om optimale prestaties te waarborgen. Houd het toestel buiten het bereik van kinderen en huisdieren om onbedoelde aanrakingen te voorkomen. Open het bijgeleverde tabblad en plaats het in het toestel volgens de instructies. Sluit de cap stevig, waardoor de Rubson Vochtopnemer gereed is voor gebruik. Voordelen  Klaar voor gebruik: Geen ingewikkelde installatie of configuratie nodig. Actieve werking: Werkt onmiddellijk om vochtproblemen aan te pakken. Stabiliseert luchtvochtigheid: Past zich aan de temperatuur aan om een optimaal binnenklimaat te behouden. Energiezuinig: Vereist geen elektriciteit of batterijen, waardoor het kostenbesparend is. Milieuvriendelijk: Transformeert overtollig vocht in een bruikbare zoutoplossing. Bruikbare zoutoplossing: De opgevangen zoutoplossing kan in de winter worden gebruikt om ijs te smelten of als onkruidverdelger. Gezondere & drogere ruimtes: Verbetert de luchtkwaliteit en voorkomt schimmelvorming. Uniek Navulsysteem met TABS: Gemakkelijk bij te vullen voor langdurig gebruik.  Maak je Ruimtes gezonder met Rubson!
"
599,Pingi Auto Luchtontvochtiger Mega Pack - 1 KG - Auto Ontvochtiger - Vochtverdrijver Auto,,Pingi �,,"3,5",2,"21,99",,https://www.bol.com/nl/nl/p/pingi-auto-luchtontvochtiger-mega-pack-1-kg-auto-ontvochtiger-vochtverdrijver-auto/9200000104428940/,2,"
    Pingi Auto-Ontvochtiger MEGA 1000 gramInnovatieve en stijlvolle autoaccessoire die een einde maakt aan condensatie bedompte geurtjes in uw auto. Gebruikmakend van onze PINGI luchtontvochtigingstechnologie, absorbeert the product heel effectief overtollig vocht en maakt het het autorijden veiliger en plezieriger.
  "
600,Luchtontvochtiger – Dehumidifier – Luchtontvochtiger Slaapkamer/ Badkamer/ Kelder – Vochtslurper – Vochtopnemer – Ontvochtiger – Navulling 5 KG,,online chemicaliën,,"5,0",2,"19,99",,https://www.bol.com/nl/nl/p/luchtontvochtiger-vochtslurper-navulling-4kg/9300000133622040/,3,"
Heeft jouw huis te maken met vocht of muffe geuren? Vocht en condens zijn problemen die in veel ruimtes kunnen voorkomen, zoals kelders, garages en badkamers. Een te vochtige ruimte kan leiden tot schimmelvorming en een onaangename geur. Gelukkig is er een eenvoudige oplossing om dit tegen te gaan, namelijk deze luchtontvochtiger navulling! Deze luchtontvochtiger navulling is een simpele en effectieve oplossing tegen vocht en muffe geurtjes en zorgt ervoor dat jouw ruimte weer een aangenaam leefklimaat krijgt.    Hoogwaardige kwaliteit voor een lage prijs Onze luchtontvochtiger navulling is van technische kwaliteit, waardoor je enkel het beste in huis haalt. Daarnaast is onze luchtontvochtiger navulling een goedkoper alternatief voor de bekende foodgrade varianten. Het heeft exact dezelfde werking als de bekende merken en is geschikt voor vrijwel alle vochtvreters!   Veelzijdig te gebruiken De luchtontvochtiger navulling is perfect voor vochtbestrijding in ruimtes met slechte of geen ventilatie, zoals een caravan, schuur, kelder, zolder, garage of badkamer. Het is een effectieve oplossing tegen condens, muffe geuren en uiteraard vocht. Met behulp van de navulling kun je de vochtvreter weer optimaal laten werken en voorkom je dat de ruimte te vochtig wordt.   Eenvoudig in gebruik Het gebruik van de luchtontvochtiger navulling is zeer eenvoudig en kan gemakkelijk worden gedaan door het reservoir van de vochtvreter bij te vullen met de navulling. Het wordt aangeraden om bij het gebruik van de luchtontvochtiger navulling handschoenen te dragen, omdat het product kan leiden tot ernstige oogirritatie (H319). Het is daarnaast belangrijk om dit product buiten bereik van kinderen te houden en het niet in te slikken.    1. Leeg het reservoir van de vochtvreter;  2. Vul het reservoir bij met de luchtontvochtiger navulling tot ongeveer 1 cm onder de rand;  3. Zodra alles is opgelost, kan het proces worden herhaald.   Verkrijgbaar in verschillende hoeveelheden Of je nu een grote ruimte, meerdere ruimtes of een kleine ruimte wilt aanpakken, wij hebben altijd een verpakking beschikbaar die aansluit bij jouw wensen. Onze luchtontvochtiger navulling is verkrijgbaar in emmers van 800 gram of 4 kg. Hierdoor kun je zelf bepalen hoeveel navulling je nodig hebt en hoe vaak je de vochtvreter wilt bijvullen. De navulling is gemakkelijk op te slaan en kan op elk moment worden gebruikt wanneer de vochtvreter bijgevuld moet worden.   Voordelen van de dehumidifier navulling Er zijn veel voordelen verbonden aan het gebruik van de luchtontvochtiger navulling, waaronder:  · Effectieve oplossing tegen vocht en muffe geuren  · Exact dezelfde werking als de bekende merken, maar goedkoper  · Geschikt voor vrijwel alle vochtvreters  · Gemakkelijk in gebruik  · Verkrijgbaar in emmers van 800 gram of 4 kg  · Snel en veilig verzonden   Tips voor vochtbestrijding in huis Naast het gebruik van de luchtontvochtiger navulling zijn er nog andere manieren om vochtproblemen in huis aan te pakken. Hieronder hebben we een aantal tips voor je op een rijtje gezet:  · Ventileer het huis goed: Zorg voor voldoende frisse lucht in huis door regelmatig te ventileren. Dit kan bijvoorbeeld door het openzetten van ramen en deuren, maar ook door het gebruik van ventilatieroosters.  · Verwarm je huis: Door je huis te verwarmen, wordt vocht in de lucht opgenomen en kan het worden afgevoerd via de ventilatie. Zet de verwarming wel op een constante temperatuur en vermijd grote temperatuurschommelingen.  · Gebruik vochtwerende verf: Als je last hebt van vochtige muren, dan kan het gebruik van vochtwerende verf een oplossing bieden. Deze verf zorgt ervoor dat het vocht niet kan doordringen in de muur en juist wordt afgevoerd via de ventilatie.  · Plaats vochtvreters: Naast de luchtontvochtiger navulling kun je ook gebruik maken van vochtvreters om vochtproblemen aan te pakken. Deze zijn verkrijgbaar in verschillende formaten en kunnen worden geplaatst in ruimtes waar veel vocht voorkomt.   Door het toepassen van bovenstaande tips en het gebruik van de luchtontvochtiger navulling kun je vochtproblemen in huis effectief aanpakken en zorgen voor een gezondere en comfortabelere leefomgeving!   Gevarenaanduiding  · H319 Veroorzaakt ernstige oogirritatie   Luchtontvochtiger navulling kopen? Bestel vandaag nog jouw Luchtontvochtiger Navulling en verbeter het leefklimaat in huis!
"
601,Klarstein - Iceblock Prosmart - Mobiele Airco Met Afvoerslang- 3-In-1 Airco Met Ventilator- Luchtontvochtiger En Nachtmodus- Kleine & Draagbare Airco Voor Woning En Kantoor- Gering Verbruik- 12000 Btu - Wit,,Klarstein,,,,"580,49",,https://www.bol.com/nl/nl/p/klarstein-iceblock-prosmart-12-mobiele-airco-met-wifi-12-000-btu-3-5-kw-340-m-h-air-conditioner-portable-voor-35-tot-59-m-mobile-airconditioning-ventilator-r290-aircooler/9300000038014535/,14,"
De mobiele Klarstein Iceblock Prosmart 12 airco zorgt voor het perfecte zomerse behaaglijke klimaat in woon- of werkruimtes. Daarbij onderscheidt zich duidelijk met 3-in-1 efficiëntie als airco, ventilator en luchtontvochtiger. Als airco koelt hij kamers van 13 - 18 m² tot aangename temperaturen tussen 16 en 31 °C. De geïntegreerde ventilator met 3 vermogensniveaus verdeelt de gekoelde lucht ongegeneerd door de ruimte. De krachtige koelcompressor werkt met 12.000 BTU resp. 3,5 kW in energie-efficiëntieklasse A, zodat de Klarstein Iceblock Prosmart 12 3-in-1 airco ook bij continu gebruik aangenaam zuinig en milieuvriendelijk blijft. Voor een ideaal gekoeld Smart Home: met de Klarstein app kun je de airco Iceblock Prosmart 12 van Klarstein overal vandaan bedienen. Eigenschappen:  Smart Home: comfortabel via de Klarstein app besturen, geheel compatibel met Alexa  3-in-1 airco: koeling, ontvochtiging & ventilatie  Krachtige koeling: 12.000 BTU / 3,5 kW & 340 m³/h luchtverplaatsing  Uitgebreide functies: 3 standen, 3 windsnelheden, slaapstand & timer  Intuïtief & handig: eenvoudige bediening per app, afstandsbediening & op het apparaat  Alles inbegrepen: incl. raamafdichtingsset voor schuif- en kiepramen en een afvoerpijp Omvang Levering:   1 x airco 1 x afstandsbediening incl. batterijen 1 x raamafdichtingsset voor schuiframen 1 x raamafdichtingsset voor kiepramen 1 x afvoerslang Meertalige gebruikershandleiding  Afmetingen:   Afmetingen: ca. 44 x 71,5 x 33,5 cm (BxHxD) Max. lengte afvoerpijp: ca. 1,5 m Gewicht: ca. 24 kg  Artikelnummer: 10034645
  "
602,Pro Plus Luchtontvochtiger - Herbruikbaar - 1000 gram - 31 x 14.5 x 3.5 cm,Nieuw artikel,Pro Plus,,,,"18,61",Op voorraad,https://www.bol.com/nl/nl/p/pro-plus-luchtontvochtiger-herbruikbaar-1000-gram-31-x-14-5-x-3-5-cm/9200000079561854/,15,"
Ben jij op zoek naar een effectieve manier om vochtproblemen in jouw caravan, camper, auto of boot aan te pakken? Dan is deze luchtontvochtiger met herbruikbare silicagel zak een must-have! Deze luchtontvochtiger biedt bescherming tegen schimmel, vocht en muffe geurtjes en is universeel te gebruiken. Dankzij het zelfklevende klittenband kun je deze handige gadget eenvoudig monteren en weer verwijderen zonder dat het sporen achterlaat. Met een absorptiecapaciteit van ongeveer 500 gram vocht kun je deze luchtontvochtiger steeds opnieuw gebruiken en is het daardoor een duurzame oplossing. En niet alleen voor in je caravan, camper, auto of boot, maar ook voor bijvoorbeeld kasten, beddengoed, tuinhuisjes, serres en meer. Kenmerken:  Polyesterzak gevuld met silicagel welke tot ongeveer 500 gram vocht absorbeert Biedt bescherming tegen schimmel, vocht en muffe geurtjes Herbruikbaar Universeel te gebruiken Met zelfklevend klittenband Voor gebruik in caravans, campers, auto's, bestelauto's en boten Ook ideaal voor kasten, bedden-goed, tuinhuisjes, serres, etc Afmeting: 31 x 14.5 x 3.5 cm Gewicht: 1000 gram  Veiligheidsvoorschriften:  Buiten bereik van kinderen bewaren! Luchtontvochtiger niet openmaken! Het drogen van het product in een oven of magnetron wordt afgeraden De voorkeursmethode voor het drogen van de luchtontvochtiger is op een radiator (indien aanwezig) voor 30 minuten Het alternatief is het plaatsen van de luchtontvochtiger in de zon voor 2-3 dagen Als de luchtontvochtiger weer zijn oorspronkelijke gewicht bedraagt, is het product weer herbruikbaar Altijd op een droge ondergrond plaatsen   Zoekwoorden:  Auto-ontvochtiger, Camper-ontvochtiger, Luchtontvochtigers, Caravan-ontvochtiger, Auto-ontvochtigers, Camper-ontvochtigers, Caravan-ontvochtigers, Luchtontvochtiger
"
603,VANTUBO RECDUO_PLUS Badkamerventilator Luchtontvochtiger Ventilatie met warmteterugwinning,,VANTUBO,,"4,0",1,"339,-",,https://www.bol.com/nl/nl/p/vantubo-recduo-plus-badkamerventilator-luchtontvochtiger-ventilatie-met-warmteterugwinning/9300000023215145/,9,"
Decentrale puntventilatiesysteem met warmteterugwinning. Vereist geen plaatsing van ventilatiekanalen in het gebouw. Installatie vereist slechts één gat met een diameter van 100 mm in de buitenmuur met een dikte van 30 tot 50 cm ( optie 22 tot 100 cm ). Het apparaat /de apparaten die in elke kamer op de buitenmuur zijn gemonteerd, zorgen voor een thermisch effectief ventilatiesysteem. De geïntegreerde keramische ""honingraat'' warmtewisselaar recupereert tot 90% van de warmte uit de lucht die naar buiten wordt geworpen en voert deze terug naar de kamer met de lucht die van buiten naar binnen stroomt. Bediend met een afstandbediening. Uitgerust met vochtigheidssensor die de werking van het apparaat aanpassen aan veranderende omstandigheden. Drie ventilatorsnelheden, aangedreven door een borstelloze, ultrastille elektromotor met minimaal energieverbruik. Handmatige modus haalt lucht van buitenaf (verstelbaar max. 30 minuten). Handmatige modus om lucht naar buiten af ​​te voeren (verstelbaar max. 30 minuten). Automatische modus inlaat 60 seconden / uitlaat 60 seconden (verstelbaar). Het apparaat zorgt voor voldoende ventilatie van ruimtes met een oppervlakte tot 25 m2 (hoogte tot 2,7 m). Het kan onafhankelijk werken of een onderdeel vormen van het volledige ventilatiesysteem van het gebouw, bestaande uit maximaal 6 apparaten.Aanbevolen oppervlakte: _tot*25 m2_ Filters: G3 Thermisch rendement: tot 90% Sensoren: vochts Luchtdebiet min/med/max.: 12/30/40 m3/h Stroomverbruik min/med/max: 1/2,8/3,5 W Geluidsdruk min/med/max: 15/29 db(A) ( afstand 3 m )
  "
604,Luchtontvochtiger – Dehumidifier – Luchtontvochtiger Slaapkamer/ Badkamer/ Kelder – Vochtslurper – Vochtopnemer – Ontvochtiger – Navulling 1 KG,,online chemicaliën,,,,"11,99",,https://www.bol.com/nl/nl/p/luchtontvochtiger-vochtslurper-navulling-800gram/9300000133622254/,0,"
Heeft jouw huis te maken met vocht of muffe geuren? Vocht en condens zijn problemen die in veel ruimtes kunnen voorkomen, zoals kelders, garages en badkamers. Een te vochtige ruimte kan leiden tot schimmelvorming en een onaangename geur. Gelukkig is er een eenvoudige oplossing om dit tegen te gaan, namelijk deze luchtontvochtiger navulling! Deze luchtontvochtiger navulling is een simpele en effectieve oplossing tegen vocht en muffe geurtjes en zorgt ervoor dat jouw ruimte weer een aangenaam leefklimaat krijgt.    Hoogwaardige kwaliteit voor een lage prijs Onze luchtontvochtiger navulling is van technische kwaliteit, waardoor je enkel het beste in huis haalt. Daarnaast is onze luchtontvochtiger navulling een goedkoper alternatief voor de bekende foodgrade varianten. Het heeft exact dezelfde werking als de bekende merken en is geschikt voor vrijwel alle vochtvreters!   Veelzijdig te gebruiken De luchtontvochtiger navulling is perfect voor vochtbestrijding in ruimtes met slechte of geen ventilatie, zoals een caravan, schuur, kelder, zolder, garage of badkamer. Het is een effectieve oplossing tegen condens, muffe geuren en uiteraard vocht. Met behulp van de navulling kun je de vochtvreter weer optimaal laten werken en voorkom je dat de ruimte te vochtig wordt.   Eenvoudig in gebruik Het gebruik van de luchtontvochtiger navulling is zeer eenvoudig en kan gemakkelijk worden gedaan door het reservoir van de vochtvreter bij te vullen met de navulling. Het wordt aangeraden om bij het gebruik van de luchtontvochtiger navulling handschoenen te dragen, omdat het product kan leiden tot ernstige oogirritatie (H319). Het is daarnaast belangrijk om dit product buiten bereik van kinderen te houden en het niet in te slikken.    1. Leeg het reservoir van de vochtvreter;  2. Vul het reservoir bij met de luchtontvochtiger navulling tot ongeveer 1 cm onder de rand;  3. Zodra alles is opgelost, kan het proces worden herhaald.   Verkrijgbaar in verschillende hoeveelheden Of je nu een grote ruimte, meerdere ruimtes of een kleine ruimte wilt aanpakken, wij hebben altijd een verpakking beschikbaar die aansluit bij jouw wensen. Onze luchtontvochtiger navulling is verkrijgbaar in emmers van 800 gram of 4 kg. Hierdoor kun je zelf bepalen hoeveel navulling je nodig hebt en hoe vaak je de vochtvreter wilt bijvullen. De navulling is gemakkelijk op te slaan en kan op elk moment worden gebruikt wanneer de vochtvreter bijgevuld moet worden.   Voordelen van de dehumidifier navulling Er zijn veel voordelen verbonden aan het gebruik van de luchtontvochtiger navulling, waaronder:  · Effectieve oplossing tegen vocht en muffe geuren  · Exact dezelfde werking als de bekende merken, maar goedkoper  · Geschikt voor vrijwel alle vochtvreters  · Gemakkelijk in gebruik  · Verkrijgbaar in emmers van 800 gram of 4 kg  · Snel en veilig verzonden   Tips voor vochtbestrijding in huis Naast het gebruik van de luchtontvochtiger navulling zijn er nog andere manieren om vochtproblemen in huis aan te pakken. Hieronder hebben we een aantal tips voor je op een rijtje gezet:  · Ventileer het huis goed: Zorg voor voldoende frisse lucht in huis door regelmatig te ventileren. Dit kan bijvoorbeeld door het openzetten van ramen en deuren, maar ook door het gebruik van ventilatieroosters.  · Verwarm je huis: Door je huis te verwarmen, wordt vocht in de lucht opgenomen en kan het worden afgevoerd via de ventilatie. Zet de verwarming wel op een constante temperatuur en vermijd grote temperatuurschommelingen.  · Gebruik vochtwerende verf: Als je last hebt van vochtige muren, dan kan het gebruik van vochtwerende verf een oplossing bieden. Deze verf zorgt ervoor dat het vocht niet kan doordringen in de muur en juist wordt afgevoerd via de ventilatie.  · Plaats vochtvreters: Naast de luchtontvochtiger navulling kun je ook gebruik maken van vochtvreters om vochtproblemen aan te pakken. Deze zijn verkrijgbaar in verschillende formaten en kunnen worden geplaatst in ruimtes waar veel vocht voorkomt.   Door het toepassen van bovenstaande tips en het gebruik van de luchtontvochtiger navulling kun je vochtproblemen in huis effectief aanpakken en zorgen voor een gezondere en comfortabelere leefomgeving!   Gevarenaanduiding  · H319 Veroorzaakt ernstige oogirritatie   Luchtontvochtiger navulling kopen? Bestel vandaag nog jouw Luchtontvochtiger Navulling en verbeter het leefklimaat in huis!
"
605,4DRY Cars Auto Ontvochtiger 1KG - Luchtontvochtiger,Nieuw artikel,Toma Car Parts,,"3,5",6,"17,50",,https://www.bol.com/nl/nl/p/4dry-cars-auto-ontvochtiger-1kg-luchtontvochtiger/9200000123057553/,5,"
    Auto ontvochtiger – 1kgDe 4Dry Auto-ontvochtiger is dé vochtvreter en voorkomt condensvorming, beslagen ruiten, schimmel en muffe geurtjes in uw auto. Hij is eenvoudig in gebruik én herbruikbaar door regeneratie in de magnetron. De 4Dry Auto-ontvochtiger lekt niet, voelt niet vochtig aan en is daarnaast scheurvast en stofdicht.De auto ontvochtiger heeft een opnamecapaciteit van max. 800ml. De werkingsduur is tot ca. 4 maanden, afhankelijk van de relatieve luchtvochtigheid. Hierna kunt u de ontvochtiger weer regenereren in de magnetron
  "
606,151® Vochtopnemers - Vochtvreter & Luchtontvochtiger - 12 stuks - Navulling Vochtopnemer,,151 Products LTD,,,,"25,99",,https://www.bol.com/nl/nl/p/151-vochtopnemers-vochtvreter-luchtontvochtiger-12-stuks-navulling-vochtopnemer/9300000169498616/,6,"
Vochtvreter & Luchtontvochtiger  Ervaar de uitmuntende kwaliteit van deze ontvochtiger huis van 151 collection een merk dat bekend staat om zijn voortreffelijkheid. Dit artikel bestaat uit 12 hangende luchtontvochtigers.Deze ontvochtigers de perfecte oplossing om vocht, schimmel en meeldauw te verminderen in kasten, badkamers, kleine kamers en campers. Klanten vertrouwen op de betrouwbaarheid van 151 Products LTD voor ongeëvenaarde prestaties en blijvende resultaten. Kies met zekerheid voor 151 Products LTD en geniet van een frisse, droge omgeving in jouw kasten. Bovendien kunnen deze ontvochtigers overal worden gebruikt waar vochtbestrijding nodig is.  
"
607,"Luchtontvochtiger Slaapkamer - Luchtontvochtiger Badkamer - 1000 ml automatisch uit en gekleurd LED-licht, Peltier-technologie-update, draagbaar en ultrastil, luchtontvochtigers voor het drogen van kleding, slaapkamer, badkamer, kledingkast - Wit",,Merkloos,,,,"152,95",,https://www.bol.com/nl/nl/p/luchtontvochtiger-slaapkamer-luchtontvochtiger-badkamer-1000-ml-automatisch-uit-en-gekleurd-led-licht-peltier-technologie-update-draagbaar-en-ultrastil-luchtontvochtigers-voor-het-drogen-van-kleding-slaapkamer-badkamer-kledingkast-wit/9300000169191609/,7,"
 Efficiënte vochtafvoer: Dankzij de Peltier-technologie (geen compressor nodig) heeft het waterreservoir van onze kleine luchtontvochtiger een capaciteit van maximaal 1000 ml. Het kan tot 450 ml water per dag verwijderen bij 30°C en 80% RH. Deze luchtontvochtiger is ideaal voor het drogen van kleding en perfect voor slaapkamers, kantoren, badkamers en caravans.   Ultrastil en laag energieverbruik: de luchtontvochtiger maakt gebruik van Peltier-technologie, waardoor het geluidsniveau slechts ongeveer 39 dB bedraagt, wat geschikt is om te slapen. De luchtontvochtiger kan de hele dag draaien zonder harde of vervelende geluiden.   Automatische uitschakelfunctie: deze luchtontvochtiger is uitgerust met een automatische uitschakelfunctie om overlopen te voorkomen. Dankzij de transparante tank zie je de status van het waterreservoir. Wanneer het waterreservoir vol is, wordt de LED-indicator rood en hoor je 3 ‘piepjes’ om je te waarschuwen dat het reservoir geleegd moet worden om lekkage te voorkomen.   Met handvat en verwijderbaar filtergaas: deze huisontvochtiger is dankzij het handvat gemakkelijk te verplaatsen. Het is lichtgewicht en ideaal voor kleine ruimtes. Het filter aan de achterkant vermindert stof en reinigt de lucht.   Gekleurde LED-verlichting: De luchtontvochtiger is uitgerust met regelbare kleurrijke LED-verlichting. Je kunt de LED-verlichting instellen op één vaste kleur, voortdurend van kleur wisselen of apart uitschakelen.   De LED-lampjes zijn bedoeld voor sfeer en niet als verlichting. Let op: Op de detailpagina hebben wij de optimale temperatuur- en vochtigheidsinstellingen voor het gebruik van onze luchtontvochtigers vermeld. 
"
608,Auto ontvochtiger 300g - Luchtontvochtiger camper - herbruikbaar - 2 stuks,,Merkloos,,,,"29,99",Op voorraad,https://www.bol.com/nl/nl/p/auto-ontvochtiger-300g-luchtontvochtiger-camper-herbruikbaar-2-stuks/9300000114480921/,6,"
    LAST VAN VOCHT IN DE AUTO?
Heb je vaak last van beslagen autoruiten, vochtige autobekleding of een muffe geur in de auto? Dit zijn signalen dat er te veel vocht in de auto aanwezig is. Beslagen autoruiten zijn niet alleen vervelend, maar ook onveilig voor het zicht. Bestrijd daarom overtollig vocht in de auto en voorkom zo beslagen ramen met een vochtvreter voor in de auto.
OORZAAK BESLAGEN AUTORUITEN?
Autoruiten beslaan doordat er te veel vocht in de auto is. Met name in de koude en natte herfst en winter komen beslagen ruiten vaker voor.Dit kan komen door het regenachtige weer,  je sporthanddoek met vers zweet en je eigen ademhaling. Wanneer het vocht dat je uitademt warmer is dan de temperatuur in de auto, ontstaat er condens. Omdat de condens niet uit de auto weg kan, hecht het zich aan de koude autoruiten en beslaan je autoruiten.Naast beslagen autoruiten kan een vochtige auto ook een muffe geur veroorzaken en bij een veel te hoge luchtvochtigheid leidt dit zelfs tot schimmel in de auto.
DE OPLOSSING: EEN VOCHTVRETER IN DE AUTO
Deze vochtvreter absorbeert het overtollig vocht uit de lucht en is daarmee de perfecte oplossing tegen beslagen ramen. Het vocht wordt opgeslagen in het handige 100% lekdichte zakje, dé oplossing voor beslagen ruiten. 
De Vochtvreter Auto kan dan in de magnetron opgeladen worden voor hergebruik. Zo gaat 1 zakje jaren mee! De Vochtvreter Auto is gemakkelijk overal in de auto te plaatsen. Ook voor gebruik in fototas, caravan, camper, bedrijfswagen of kledingkast. 
De afmetingen van de vochtvanger zijn als volgt: 22 x 14 x 2,5 cm (b x l x h)
Hoe de absorber klaarmaken voor hergebruik?

Weeg de vochtvanger, wanneer het gewicht ca. 390 g is, dan is het vol en moet gedroogd worden
Plaats het vochtvanger voor maximaal 6 minuten in de magnetron op het vermogen van 600W
Het droogproces kan ook onder de zon of op een radiator worden uitgevoerd. LET OP! Het product kan heet zijn, plaats het niet direct op het draaiplateau, gebruik een extra schaal
Laat het product afkoelen
Weeg het opnieuw, het zou 300-310g moeten bereiken, anders herhaalt u de droogproces
Het product is klaar voor hergebruik.

"
609,Olimpia Splendid Aquaria S1 14 P Luchtontvochtiger 65 m³ 350 W Wit,,Olimpia Splendid,,,,"179,-",,https://www.bol.com/nl/nl/p/olimpia-splendid-aquaria-s1-14-p-luchtontvochtiger-65-m-350-w-wit/9300000059181169/,11,"
Olimpia Splendid Aquaria S1 14 P Luchtontvochtiger 65 m³ 350 W Wit  De AQUARIA S1 14 P is een stille ontvochtiger die bij maximaal akoestisch comfort de luchtkwaliteit verbetert. Deze luchtontvochtiger vermindert niet alleen de vochtigheid, maar houdt ook de hoofdallergenen door het stoffilter terug en verwijdert slechte geuren dankzij het geïntegreerde actieve koolfilter. De teksten voor dit artikel zijn automatisch vertaald.   Features  Temperatuur- en vochtigheidsweergave timer 1 - 24 uur signaal voor volle tank halftransparante uittrekbare tanksnelheid: Laag / gemiddeld / hoog automatische ontdooivoorziening transportwielen    Highlights  Ontvochtigingsvermogen: 14 liter / 24 uur   Voor omgevingen tot 65 m3   Inhoud tank: 2 liter    Leveromvang  Aquaria S1 14 P Gebruiksaanwijzing 
"
610,Auto ontvochtiger 300g - Luchtontvochtiger fotoapparatuur - herbruikbaar - 2 stuks,,Merkloos,,,,"29,99",Op voorraad,https://www.bol.com/nl/nl/p/auto-ontvochtiger-300g-luchtontvochtiger-fotoapparatuur-herbruikbaar-2-stuks/9300000114456077/,7,"
    LAST VAN VOCHT IN DE AUTO?
Heb je vaak last van beslagen autoruiten, vochtige autobekleding of een muffe geur in de auto? Dit zijn signalen dat er te veel vocht in de auto aanwezig is. Beslagen autoruiten zijn niet alleen vervelend, maar ook onveilig voor het zicht. Bestrijd daarom overtollig vocht in de auto en voorkom zo beslagen ramen met een vochtvreter voor in de auto.
OORZAAK BESLAGEN AUTORUITEN?
Autoruiten beslaan doordat er te veel vocht in de auto is. Met name in de koude en natte herfst en winter komen beslagen ruiten vaker voor.Dit kan komen door het regenachtige weer,  je sporthanddoek met vers zweet en je eigen ademhaling. Wanneer het vocht dat je uitademt warmer is dan de temperatuur in de auto, ontstaat er condens. Omdat de condens niet uit de auto weg kan, hecht het zich aan de koude autoruiten en beslaan je autoruiten.Naast beslagen autoruiten kan een vochtige auto ook een muffe geur veroorzaken en bij een veel te hoge luchtvochtigheid leidt dit zelfs tot schimmel in de auto.
DE OPLOSSING: EEN VOCHTVRETER IN DE AUTO
Deze vochtvreter absorbeert het overtollig vocht uit de lucht en is daarmee de perfecte oplossing tegen beslagen ramen. Het vocht wordt opgeslagen in het handige 100% lekdichte zakje, dé oplossing voor beslagen ruiten. 
De Vochtvreter Auto kan dan in de magnetron opgeladen worden voor hergebruik. Zo gaat 1 zakje jaren mee! De Vochtvreter Auto is gemakkelijk overal in de auto te plaatsen. Ook voor gebruik in fototas, caravan, camper, bedrijfswagen of kledingkast. 
De afmetingen van de vochtvanger zijn als volgt: 22 x 14 x 2,5 cm (b x l x h)
Hoe de absorber klaarmaken voor hergebruik?

Weeg de vochtvanger, wanneer het gewicht ca. 390 g is, dan is het vol en moet gedroogd worden
Plaats het vochtvanger voor maximaal 6 minuten in de magnetron op het vermogen van 600W
Het droogproces kan ook onder de zon of op een radiator worden uitgevoerd. LET OP! Het product kan heet zijn, plaats het niet direct op het draaiplateau, gebruik een extra schaal
Laat het product afkoelen
Weeg het opnieuw, het zou 300-310g moeten bereiken, anders herhaalt u de droogproces
Het product is klaar voor hergebruik.

"
611,Olimpia Splendid Aquaria S1 16 P Luchtontvochtiger 75 m³ 350 W Wit,,Olimpia Splendid,,,,"199,-",,https://www.bol.com/nl/nl/p/olimpia-splendid-aquaria-s1-16-p-luchtontvochtiger-75-m-350-w-wit/9300000059181166/,8,"
Olimpia Splendid Aquaria S1 16 P Luchtontvochtiger 75 m³ 350 W Wit  De AQUARIA S1 16 P is de ontvochtiger die het vermogen optimaliseert om de was snel te drogen. Dankzij de wasmodus is hij perfect in de wasruimte en bovendien Ideal voor alle ruimtes in huis. Door een dubbel filtersysteem helpt hij de belangrijkste allergenen in de lucht te verminderen en slechte geuren te verwijderen. De teksten voor dit artikel zijn automatisch vertaald.   Features  Temperatuur- en vochtigheidsweergave timer 1 - 24 uur signaal voor volle tank halftransparante uittrekbare tanksnelheid: Laag / gemiddeld / hoog automatische ontdooivoorziening transportwielen    Highlights  Ontvochtigingsvermogen: 16 liter / 24 uur   Voor omgevingen tot 75 m3   Inhoud tank: 2 liter    Leveromvang  Aquaria S1 16 P Gebruiksaanwijzing 
"
612,Auto ontvochtiger 300g - Luchtontvochtiger camper - herbruikbaar,,Merkloos,,,,"19,99",Op voorraad,https://www.bol.com/nl/nl/p/auto-ontvochtiger-300g-luchtontvochtiger-camper-herbruikbaar/9300000114480575/,6,"
    LAST VAN VOCHT IN DE AUTO?
Heb je vaak last van beslagen autoruiten, vochtige autobekleding of een muffe geur in de auto? Dit zijn signalen dat er te veel vocht in de auto aanwezig is. Beslagen autoruiten zijn niet alleen vervelend, maar ook onveilig voor het zicht. Bestrijd daarom overtollig vocht in de auto en voorkom zo beslagen ramen met een vochtvreter voor in de auto.
OORZAAK BESLAGEN AUTORUITEN?
Autoruiten beslaan doordat er te veel vocht in de auto is. Met name in de koude en natte herfst en winter komen beslagen ruiten vaker voor.Dit kan komen door het regenachtige weer,  je sporthanddoek met vers zweet en je eigen ademhaling. Wanneer het vocht dat je uitademt warmer is dan de temperatuur in de auto, ontstaat er condens. Omdat de condens niet uit de auto weg kan, hecht het zich aan de koude autoruiten en beslaan je autoruiten.Naast beslagen autoruiten kan een vochtige auto ook een muffe geur veroorzaken en bij een veel te hoge luchtvochtigheid leidt dit zelfs tot schimmel in de auto.
DE OPLOSSING: EEN VOCHTVRETER IN DE AUTO
Deze vochtvreter absorbeert het overtollig vocht uit de lucht en is daarmee de perfecte oplossing tegen beslagen ramen. Het vocht wordt opgeslagen in het handige 100% lekdichte zakje, dé oplossing voor beslagen ruiten. 
De Vochtvreter Auto kan dan in de magnetron opgeladen worden voor hergebruik. Zo gaat 1 zakje jaren mee! De Vochtvreter Auto is gemakkelijk overal in de auto te plaatsen. Ook voor gebruik in fototas, caravan, camper, bedrijfswagen of kledingkast. 
De afmetingen van de vochtvanger zijn als volgt: 22 x 14 x 2,5 cm (b x l x h)
Hoe de absorber klaarmaken voor hergebruik?

Weeg de vochtvanger, wanneer het gewicht ca. 390 g is, dan is het vol en moet gedroogd worden
Plaats het vochtvanger voor maximaal 6 minuten in de magnetron op het vermogen van 600W
Het droogproces kan ook onder de zon of op een radiator worden uitgevoerd. LET OP! Het product kan heet zijn, plaats het niet direct op het draaiplateau, gebruik een extra schaal
Laat het product afkoelen
Weeg het opnieuw, het zou 300-310g moeten bereiken, anders herhaalt u de droogproces
Het product is klaar voor hergebruik.

"
613,Wenko Navulling Luchtontvochtiger 6 Cm Wit Polystyreen,,Wenko,,,,"15,99",,https://www.bol.com/nl/nl/p/wenko-navulling-luchtontvochtiger-6-cm-wit-polystyreen/9300000009075231/,2,"
    Wenko navulling luchtontvochtigerMet deze navulling kan jij jouw luchtontvochtiger weer bijvullen. Zo zorg je dat jouw ruimte altijd droog blijft. Deze navulling kan je tot twee maanden gebruikenSpecificaties:Kleur: witMateriaal: polystyreenGewicht: 500 gramRuimte: tot 40 m³Lengte: 6 cm
  "
614,"Luchtontvochtiger Slaapkamer - Luchtontvochtiger Badkamer voor het drogen van vochtige kleding in huis met 7 kleuren licht, ultrastil, automatische uitschakeling - Zwart",,Merkloos,,,,"115,95",,https://www.bol.com/nl/nl/p/luchtontvochtiger-slaapkamer-luchtontvochtiger-badkamer-voor-het-drogen-van-vochtige-kleding-in-huis-met-7-kleuren-licht-ultrastil-automatische-uitschakeling-zwart/9300000169181862/,6,"
 Energiebesparend maar efficiënt: de luchtontvochtiger verwijdert effectief het meeste vocht en voorkomt schimmelvorming in de kamer, tot 300 ml/dag. De thuisontvochtiger werkt goed in een temperatuurbereik van 15-40°C. Daarnaast bespaar je met een nominaal vermogen van 23W en een automatische uitschakelfunctie veel energie.   Ultrastil, geruststellender: de luchtontvochtiger voor vochtige ruimtes in huis werkt stil en zonder u te storen, of u nu slaapt, werkt of leest. Met een onopvallend geluidsniveau van 40dB is deze kledingdroogontvochtiger ideaal voor dagelijks gebruik en geschikt voor ruimtes van 10-15㎡, zoals de slaapkamer, kantoor, badkamer, wasruimte en meer.   【Eenvoudig, compact, draagbaar】 Eenvoudig te bedienen, start met één knop en handige afvoer. Het afvoerontwerp is eenvoudig en gemakkelijk schoon te maken, geschikt voor ouderen. De slaapkamerontvochtiger neemt minder ruimte in beslag dan de grootte van een handpalm, is draagbaar en gemakkelijk te verplaatsen naar elke locatie, zelfs op een bureau.   【Automatische uitschakeling, signaal voor afvoer】 Veilig ontwerp, deze luchtontvochtiger voor vochtige ruimtes schakelt automatisch uit als hij vol is, het waterreservoir geeft rood licht om aan te geven dat je het moet verwijderen en legen. U hoeft zich geen zorgen te maken over het overstromen van water als u er niet bent.   【Meerkleurig nachtlampje】We hebben speciaal 7 kleuren sfeerlicht voor deze luchtontvochtiger ontworpen. Je kunt ervoor kiezen om het 7-kleuren zwaailicht aan te zetten, een kleur naar keuze te kiezen of het licht uit te doen tijdens het slapen. En het kan ook zorgen voor het licht dat u nodig heeft als u 's nachts opstaat. 
"
615,Deerma Mini Luchtontvochtiger - Herbruikbaar,Nieuw artikel,Deerma,,,,"34,45",,https://www.bol.com/nl/nl/p/deerma-mini-luchtontvochtiger-herbruikbaar/9300000052501422/,11,"
Deerma Mini LuchtontvochtigerDe Deerma Mini Luchtontvochtiger CS70M heeft een veilig & compact ontwerp, waarmee het ideaal is voor compact ruimten waar andere luchtontvochtigers niet bij kunnen. Dankzij het ABS vlamvertragend lichaam en hittebestendig lichaam, ben je verzekerd van veilig en betrouwbaarheid. Ook zorgt de handig steunvoet dat de cilindervormige luchtontvochtiger niet van zijn plek rolt.Gebruik is erg simpel, plaats de luchtontvochtiger op de gewenst plek, zodra de parels van kleur veranderen van oranje naar groen, is het tijd om de luchtontvochtiger te verwarmen en drogen via USB, na 12 tot 15 uur zijn de parels weer oranje en klaar voor hergebruik. De ontvochtigende parels kunnen 2-3 weken vocht opnemen, naarmate de luchtvochtigheid kan dit korter zijn.Specificaties Deerma Luchtontvochtiger Ontvochtigende parels (350g granulaat)Herbruikbaar2 keramische PTC verwarmingselementenBreed absorptiegebiedVerwarmen en drogen via USB binnen 12 tot 15 uurCompact voor kleine ruimtesTransparant visualisatievensterSlim ontwerp385cm2 absorptiegebied150 ML capaciteit20 Watt vermogen
"
616,Klarstein -Max Breeze Smart- Mobiele Airco- 3-In-1 Airco- Luchtontvochtiger- Ventilator- Nachtmodus- Antibacteriële Luchtreiniger- Zeer Stille & Mobiele Airco Met Afvoerslang- 15000 Btu- Antiekwit,,Klarstein,,"1,5",2,"829,79",,https://www.bol.com/nl/nl/p/klarstein-max-breeze-smart-mobiele-airconditioning-3-in-1-airconditioning-ontvochtiger-ventilator-eek-a-app-bediening-4-modi-3-windsnelheden-500-m-h-57-95-m-15000-btu-4-4-kw-wit/9300000038016634/,13,"
 De Klarstein Max Breeze Smart mobiele airco is de verfrissende begeleider in de zomer en overtuigt in haar klasse met krachtige prestaties, een hoge energie-efficiëntie en omvangrijke functies.   De hitteschrik, met een totaal vermogen van 1650 watt, beschikt over een bijzonder grote koelcapaciteit van 4,4 kW en bereikt een luchtcirculatie van max. 500 m³/h. Zo kan hij kantoren en lofts van 57 - 95 m² probleemloos van verfrissende koelte voorzien. Ondanks zijn krachtige vermogen kenmerkt hij zich door de buitengewone energiebilans van 2,6 EER (Energy Efficiency Ratio) in de energie-efficiëntieklasse A evenals een luchtzuiverend actief koolfilter. 4 verschillende modi (automatisch, koelen, ontvochtigen en ventileren) garanderen een aan de situatie aangepaste ruimtelijke beluchting, die nog wordt uitgebreid door 3 verschillende windkrachten. Ook de handmatige oscillatie en de comfortabele temperatuurinstelling tussen 18 en 32 °C in de koelmodus worden als behulpzaam ervaren.    Met de Klarstein app en een wifi verbinding kan de Max Breeze Smart kinderlijk eenvoudig per smartphone worden bediend, terwijl het bedieningspaneel aan de bovenkant voor een probleemloze handmatige bediening zorgt. De meegeleverde afstandsbediening biedt bovendien de mogelijkheid om comfortabel achterover te leunen. De airco beschikt daarnaast over een hervulbare, antibacteriële watertank die de koelefficiëntie van het apparaat aanvullend vergroot. Ook kan het verfrissende wonder door een timerfunctie betrouwbaar binnen 24 uur worden aan- en uitgezet.    Zoveel coolness zag je maar zelden: De Klarstein Max Breeze Smart mobiele airco voorziet je ook in de hete tijd van het jaar van aangename temperaturen en overtuigt met een bijzonder krachtige, energie-efficiëntie evenals talrijke wind- en koelstanden.   Eigenschappen:  Smart Home: eenvoudige bediening vanaf elke locatie via wifi-verbinding en Klarstein app  Krachtige koeling: 4,4 kW koelcapaciteit en een luchtcirculatie van max. 500 m³/h  Capabel: geschikt voor het koelen van ruimtes met een oppervlakte van 57 - 95 m²  Verhoogde efficiëntie:  door luchtafvoerslang met raamafdichtingsset voor kiepramen  Veelzijdige features: 4 bedrijfsmodi (automatisch, koelen, ontvochtigen, ventileren), 3 windkrachten en 24 uurs timer  Aanpasbare luchtstroom: handmatige oscillatie dankzij verstelbare lamellen Omvang Levering:   1 x Mobiele airco 1 x afstandsbediening 1 x luchtafvoerslang 1 x Afvoerslang 1 x Adapter afvoerslang rond 1 x Adapter afvoerslang plat 1 x Watertank 1 x Actief koolfilter 1 x Raamafdichtingsset voor kiepramen Meertalige gebruikershandleiding  Afmetingen:   Afmetingen apparaat: ca. 45 x 81 x 43 cm (BxHxD) Afvoerpijp: ca. 150 x 15 cm (LxØ) Gewicht apparaat: ca. 43 kg Gewicht afvoerpijp: ca. 0,5 kg Stroomkabel: ca. 180 cm  Artikelnummer: 10035741
  "
617,EQUATION - navulverpakkingen voor luchtontvochtigers - vocht- en geurvrije ruimte - lavendelgeur - 4 navultabletten - 4x450g - 20 tot 40 m²,,EQUATION,,,,"19,99",,https://www.bol.com/nl/nl/p/equation-navulverpakkingen-voor-luchtontvochtigers-vocht-en-geurvrije-ruimte-lavendelgeur-4-navultabletten-4x450g-20-tot-40-m/9300000106485739/,3,"
 ANTIVOCHTIGHEID: Deze luchtontvochtigernavullingen verwijderen het vocht in de lucht aanzienlijk, waardoor de schadelijke effecten ervan worden verminderd: condensatie, schimmel, muffe geur, enz. Ze bieden u een comfortabelere atmosfeer. ANTI-GEUR: Deze ontvochtiger-navultabs verwijderen slechte geuren bij de bron. Ze maken de lucht in je huis aangenamer en parfumeren deze tegelijkertijd met een lichte lavendelgeur. EEN GEZONDER HUIS: UNIVERSEEL GEBRUIK: Deze 4 navullingen van 450 g zijn compatibel met alle soorten luchtontvochtigers die navullingen van 450 g of meer kunnen bevatten en zijn tot 6 weken effectief, afhankelijk van de temperatuur en vochtigheid in de kamer. EQUATION is ons merk voor verwarming, airconditioning, waterbehandeling en luchtbehandelingssystemen. Het helpt je om je huis goed te verwarmen en te ventileren en het comfortabel, emissiearm en energiezuinig te maken.  Deze navultabs voor luchtontvochtigers met lavendelgeur zijn ideaal om overtollig vocht uit de lucht te verwijderen en de schadelijke effecten van hoge luchtvochtigheid te verminderen: condensatie, schimmel, muffe geur, enz. Ze zijn compatibel met alle soorten luchtontvochtigers die navullingen van 450 g of meer nodig hebben. opnemen. Afhankelijk van de gekozen luchtontvochtiger kunnen kamers van 20 tot 40 m² tot 6 weken worden gerenoveerd.   ADEO is een belangrijke Europese speler in de verbetering van woonomgeving, de leefomgeving, gereedschap en doe-het-zelf tools voor individuen en voor professionals op het gebied van woonomgevingen. Met meer dan 450 miljoen trouwe klanten in onder andere Frankrijk, Spanje, Portugal, Italië, Polen en Griekenland. EQUATION is ons merk voor verwarming, airconditioning, waterbehandeling en luchtbehandelingssystemen. Het helpt je om je huis goed te verwarmen en te ventileren en het comfortabel, emissiearm en energiezuinig te maken.
  "
618,Meaco Platinum12 HEPA Filter (3 stuks),,Meaco,,,,"39,90",,https://www.bol.com/nl/nl/p/meaco-platinum12-hepa-filter/9300000140810921/,0,"
 Meaco Platinum12 HEPA Filter (3 stuks)   Filtert PM10 fijnstof uit de lucht Zeer effectief tegen zeer kleine stofdeeltjes Eenvoudig te verwisselen   HEPA-filters voor de nieuwe Platinum energiezuinige luchtontvochtigers van Meaco bieden uitstekende mogelijkheden voor luchtzuivering. Ze zijn zeer effectief tegen zeer kleine stofdeeltjes en deeltjes in de lucht die zich in de binnenlucht bevinden.   Als u allergische reacties ervaart van schimmels, sporen, pollen, stof, haren van huisdieren, geuren, rook, huisstofmijt, enz. dan helpt een origineel HEPA-filter. Dit HEPA-filter verwijdert zeer kleine deeltjes kleiner dan 10 micron uit de lucht (PM10).   Het gebruik van een HEPA-filter zal de ontvochtigingsprestaties enigszins verminderen en het effect op het stroomverbruik zal een kleine toename zijn. Verander je hepafilter Wanneer de kleur verandert van wit naar grijs/donkergrijs.   Geschikt voor Meaco Platinum 12 Luchtontvochtiger 
"
619,Auto ontvochtiger 300g - Luchtontvochtiger fotoapparatuur - herbruikbaar,,Merkloos,,,,"19,99",Op voorraad,https://www.bol.com/nl/nl/p/auto-ontvochtiger-300g-luchtontvochtiger-fotoapparatuur-herbruikbaar/9300000114456317/,7,"
    LAST VAN VOCHT IN DE AUTO?
Heb je vaak last van beslagen autoruiten, vochtige autobekleding of een muffe geur in de auto? Dit zijn signalen dat er te veel vocht in de auto aanwezig is. Beslagen autoruiten zijn niet alleen vervelend, maar ook onveilig voor het zicht. Bestrijd daarom overtollig vocht in de auto en voorkom zo beslagen ramen met een vochtvreter voor in de auto.
OORZAAK BESLAGEN AUTORUITEN?
Autoruiten beslaan doordat er te veel vocht in de auto is. Met name in de koude en natte herfst en winter komen beslagen ruiten vaker voor.Dit kan komen door het regenachtige weer,  je sporthanddoek met vers zweet en je eigen ademhaling. Wanneer het vocht dat je uitademt warmer is dan de temperatuur in de auto, ontstaat er condens. Omdat de condens niet uit de auto weg kan, hecht het zich aan de koude autoruiten en beslaan je autoruiten.Naast beslagen autoruiten kan een vochtige auto ook een muffe geur veroorzaken en bij een veel te hoge luchtvochtigheid leidt dit zelfs tot schimmel in de auto.
DE OPLOSSING: EEN VOCHTVRETER IN DE AUTO
Deze vochtvreter absorbeert het overtollig vocht uit de lucht en is daarmee de perfecte oplossing tegen beslagen ramen. Het vocht wordt opgeslagen in het handige 100% lekdichte zakje, dé oplossing voor beslagen ruiten. 
De Vochtvreter Auto kan dan in de magnetron opgeladen worden voor hergebruik. Zo gaat 1 zakje jaren mee! De Vochtvreter Auto is gemakkelijk overal in de auto te plaatsen. Ook voor gebruik in fototas, caravan, camper, bedrijfswagen of kledingkast. 
De afmetingen van de vochtvanger zijn als volgt: 22 x 14 x 2,5 cm (b x l x h)
Hoe de absorber klaarmaken voor hergebruik?

Weeg de vochtvanger, wanneer het gewicht ca. 390 g is, dan is het vol en moet gedroogd worden
Plaats het vochtvanger voor maximaal 6 minuten in de magnetron op het vermogen van 600W
Het droogproces kan ook onder de zon of op een radiator worden uitgevoerd. LET OP! Het product kan heet zijn, plaats het niet direct op het draaiplateau, gebruik een extra schaal
Laat het product afkoelen
Weeg het opnieuw, het zou 300-310g moeten bereiken, anders herhaalt u de droogproces
Het product is klaar voor hergebruik.

"
620,Blousekraag - blousekraag voor dames - los kraagje voor ergens onder - kraagje - wit - sieraden - ketting - armband - beanie- cadeau voor man - armband dames - armband heren - armbanden - schaatsen - dartpijlen - luchtontvochtiger - handschoenen,,BOASTY mini,,,,"18,99",Op voorraad,https://www.bol.com/nl/nl/p/blousekraag-blousekraag-voor-dames-los-kraagje-voor-ergens-onder-kraagje-wit-sieraden-ketting-armband-beanie-kerstboom-gaming-pc-robotstofzuiger-met-laadstation/9300000165824080/,3,"
 Wil je een accessoire dat zowel mooi als comfortabel is? Zoek niet dan niet verder.Het losse kraagje is ideaal onder een leuke trui. Gemakkelijk aan en uit te trekken. Twee riemen om de positie van de kraag te fixeren.Kleur: witmateriaal: PolyesterMaat: 35.5 cm x 33 cm x kraagomgvang 43 cm 
"
621,GO SOLID! ® Oplader geschikt voor Auronic AU3113 Luchtontvochtiger,,Go Solid!,,,,"19,95",,https://www.bol.com/nl/nl/p/go-solid-oplader-geschikt-voor-auronic-au3113-luchtontvochtiger/9300000165698264/,0,"
Laad jouw AU3113 Luchtontvochtiger weer moeiteloos op met een nieuwe adapter. Is de lader van je AU3113 Luchtontvochtiger versleten, of ben je hem misschien verloren? Dan is deze Power Adapter geschikt voor de AU3113 Luchtontvochtiger een uitstekende vervanger voor jouw originele power adapter. De adapter is van vergelijkbare kwaliteit als de originele adapter zodat je jouw apparaat veilig en snel kunt opladen, elke keer weer! Specificaties Deze GO SOLID! oplader geschikt voor AU3113 Luchtontvochtiger beschikt over de volgende kenmerken:  Output: 12 Volt Capaciteit: 1,5 Ampere Kleur: Zwart  Modellen Er zijn veel verschillende Luchtontvochtigers met een andere connector én een andere stroomsterkte. Hierdoor is de GO SOLID! oplader maar geschikt voor de onderstaande modellen:  geschikt voor Auronic Luchtontvochtiger (type nummer: AU3113 )  Design De oplader is specifiek ontworpen zodat jij jezelf met de oplader makkelijk kan verplaatsen. Zo kun je deze gemakkelijk meenemen naar school, op reis of naar je werk. Hierdoor kun je overal je lucht bevochtigen. De oplader zelf is erg klein en licht. Smart protection system De GO SOLID! adapter geschikt voor de Luchtontvochtiger is voorzien van meerdere slimme beveiligen welke ervoor zorgen dat jouw apparaat altijd goed beschermd is. Jouw apparaat opladen gaat hiermee dus ontzettend snel & veilig. GO SOLID! levert deze lader dan ook met 1 jaar garantie
"
622,Absodry Luchtontvochtiger compleet 1kg,,Absodry,,,,"17,99",Op voorraad,https://www.bol.com/nl/nl/p/absodry-luchtontvochtiger-compleet-1kg/9300000138552811/,2,"
ABSODRY LUCHTONTVOCHTIGER COMPLEET 1KG Minimaliseert vocht en voorkomt schimmel, bacterien en muffe geur in de winter Compleet geleverd inclusief vulling Compact en stabiel ontwerp   Hoe werkt de Absodry Luchtontvochtiger? AbsoDry bevat o.a. een opvangbak en een zakje hygroscopische kristallen. U activeert dit door het buitenste zakje te openen en het binnenste zakje met kristallen in de opvangbak te plaatsen. De kristallen absorberen het vele vocht in de lucht. Als er nog circa 45% luchtvochtigheid bestaat, wat niet schadelijk is voor u en uw bezittingen, stop het proces automatisch. Als de lichtvochtigheid toeneemt, dan wordt het proces automatisch geactiveerd zonder gebruik van electriciteit. Als de kristallen opgelost zijn kunt u de vloeistof door het toilet of gootsteen spoelen, het zakje kan bij het afval. Opnieuw vullen met originele AbsoDry navulling. 1 vulling is genoeg voor ca 1 tot 4 maanden gebruik, afhankelijk van de hoeveelheid vocht en is geschikt voor ruimtes van 35 tot 50 m3. Absorbeert alleen overtollig vocht. Voorkomt contact van vloeistof met leer, metaal of hout. Als dit toch gebeurt dan schoonmaken met lauw water. 1 Vochtvanger + 1 Navulling 1000 gram
"
623,Auto ontvochtiger 300g - Luchtontvochtiger camouflage - herbruikbaar - 2 stuks,,Merkloos,,,,"29,99",Op voorraad,https://www.bol.com/nl/nl/p/auto-ontvochtiger-300g-luchtontvochtiger-camouflage-herbruikbaar-2-stuks/9300000114481137/,7,"
    LAST VAN VOCHT IN DE AUTO?
Heb je vaak last van beslagen autoruiten, vochtige autobekleding of een muffe geur in de auto? Dit zijn signalen dat er te veel vocht in de auto aanwezig is. Beslagen autoruiten zijn niet alleen vervelend, maar ook onveilig voor het zicht. Bestrijd daarom overtollig vocht in de auto en voorkom zo beslagen ramen met een vochtvreter voor in de auto.
OORZAAK BESLAGEN AUTORUITEN?
Autoruiten beslaan doordat er te veel vocht in de auto is. Met name in de koude en natte herfst en winter komen beslagen ruiten vaker voor.Dit kan komen door het regenachtige weer,  je sporthanddoek met vers zweet en je eigen ademhaling. Wanneer het vocht dat je uitademt warmer is dan de temperatuur in de auto, ontstaat er condens. Omdat de condens niet uit de auto weg kan, hecht het zich aan de koude autoruiten en beslaan je autoruiten.Naast beslagen autoruiten kan een vochtige auto ook een muffe geur veroorzaken en bij een veel te hoge luchtvochtigheid leidt dit zelfs tot schimmel in de auto.
DE OPLOSSING: EEN VOCHTVRETER IN DE AUTO
Deze vochtvreter absorbeert het overtollig vocht uit de lucht en is daarmee de perfecte oplossing tegen beslagen ramen. Het vocht wordt opgeslagen in het handige 100% lekdichte zakje, dé oplossing voor beslagen ruiten. 
De Vochtvreter Auto kan dan in de magnetron opgeladen worden voor hergebruik. Zo gaat 1 zakje jaren mee! De Vochtvreter Auto is gemakkelijk overal in de auto te plaatsen. Ook voor gebruik in fototas, caravan, camper, bedrijfswagen of kledingkast. 
De afmetingen van de vochtvanger zijn als volgt: 22 x 14 x 2,5 cm (b x l x h)
Hoe de absorber klaarmaken voor hergebruik?

Weeg de vochtvanger, wanneer het gewicht ca. 390 g is, dan is het vol en moet gedroogd worden
Plaats het vochtvanger voor maximaal 6 minuten in de magnetron op het vermogen van 600W
Het droogproces kan ook onder de zon of op een radiator worden uitgevoerd. LET OP! Het product kan heet zijn, plaats het niet direct op het draaiplateau, gebruik een extra schaal
Laat het product afkoelen
Weeg het opnieuw, het zou 300-310g moeten bereiken, anders herhaalt u de droogproces
Het product is klaar voor hergebruik.

"
624,Auto ontvochtiger 300g - Luchtontvochtiger bedrijfswagen - herbruikbaar,,Merkloos,,,,"19,99",Op voorraad,https://www.bol.com/nl/nl/p/auto-ontvochtiger-300g-luchtontvochtiger-bedrijfswagen-herbruikbaar/9300000114456273/,6,"
Auto ontvochtiger 300g - Luchtontvochtiger bedrijfswagen - herbruikbaar.
Heb je vaak last van beslagen autoruiten, vochtige autobekleding of een muffe geur in de auto? Dit zijn signalen dat er te veel vocht in de auto aanwezig is. Beslagen autoruiten zijn niet alleen vervelend, maar ook onveilig voor het zicht. Bestrijd daarom overtollig vocht in de auto en voorkom zo beslagen ramen met een vochtvreter voor in de auto.
Deze vochtvanger garandeert een snelle verwijdering van vocht uit uw auto, caravan, boot of camper. Het werkt direct, het werkt effectief! Het regelt de vochtigheidsgraad en voorkomt zo: corrosie, de groei van schimmels, beslagen ramen en de muffe geur. Het helpt om comfortabele binnenomstandigheden te behouden, wat een positief effect heeft op de gezondheid. Een juiste luchtvochtigheid is enorm belangrijk voor ons welzijn.Deze vochtvreter verzamelt en houdt vocht vast binnenin zonder het risico van lekkage. Dit wordt gegarandeerd door speciale kogels in de absorber. De absorber is herbruikbaar en gaat dus lang mee. Belangrijk is dat deze niet hoeft te worden bijgevuld.Het filter werkt tot 24 maanden vanaf het eerste gebruik (afhankelijk van de vochtigheidsgraad). Ook belangrijk is dat het product volledig in europa vervaardigd is.De afmetingen van de vochtvanger zijn als volgt: 22 x 14 x 2,5 cm (b x l x h)
Hoe de absorber klaarmaken voor hergebruik?

Weeg de vochtvanger, wanneer het gewicht ca. 390 g is, dan is het vol en moet gedroogd worden
Plaats het vochtvanger voor maximaal 6 minuten in de magnetron op het vermogen van 600W
Het droogproces kan ook onder de zon of op een radiator worden uitgevoerd. LET OP! Het product kan heet zijn, plaats het niet direct op het draaiplateau, gebruik een extra schaal
Laat het product afkoelen
Weeg het opnieuw, het zou 300-310g moeten bereiken, anders herhaalt u de droogproces
Het product is klaar voor hergebruik.

"
625,VANTUBO ECOCOMFORT Badkamerventilator Luchtontvochtiger Ventilatie met warmteterugwinning,,VANTUBO,,,,"458,-",,https://www.bol.com/nl/nl/p/vantubo-ecocomfort-badkamerventilator-luchtontvochtiger-ventilatie-met-warmteterugwinning/9300000023214732/,7,"
Decentrale puntventilatiesysteem met warmteterugwinning. Vereist geen plaatsing van ventilatiekanalen in het gebouw. Installatie vereist slechts één gat met een diameter van 160 mm in de buitenmuur met een dikte van 24 tot 53 cm. Het apparaat /de apparaten die in elke kamer op de buitenmuur zijn gemonteerd, zorgen voor een thermisch effectief ventilatiesysteem. De geïntegreerde keramische ""honingraat'' warmtewisselaar recupereert tot 90% van de warmte uit de lucht die naar buiten wordt geworpen en voert deze terug naar de kamer met de lucht die van buiten naar binnen stroomt.Bediend met een afstandbediening. Uitgerust met temperatuur-, vochtigheids- en helderheidssensoren die de werking van het apparaat aanpassen aan veranderende omstandigheden. Drie ventilatorsnelheden, aangedreven door een borstelloze, ultrastille elektromotor met minimaal energieverbruik. Handmatige modus haalt lucht van buitenaf (max. 30 minuten). Handmatige modus om lucht naar buiten af ​​te voeren (max. 30 minuten). Automatische modus inlaat 45 seconden / uitlaat 45 seconden. Het apparaat zorgt voor voldoende ventilatie van ruimtes met een oppervlakte tot 50 m2 (hoogte tot 2,7 m). Aanbevolen oppervlakte: _tot*50 m2_ Filters: G3, Thermisch rendement: tot 90% Sensoren: Temperature, vocht, helderheids Luchtdebiet sleep/min/med/max.: 15/28/48/68 m3/h Stroomverbruik min/med/max: 2/3,8/6,6 W Geluidsdruk min/med/max: 27/32/38 db(A) ( afstand 1,5 m )
  "
626,151® Vochtopnemers - Vochtvreter & Luchtontvochtiger - 6 stuks - Navulling Vochtopnemer,,151 Products LTD,,,,"14,99",,https://www.bol.com/nl/nl/p/151-vochtopnemers-vochtvreter-luchtontvochtiger-6-stuks-navulling-vochtopnemer/9300000169490291/,6,"
Vochtvreter & Luchtontvochtiger   Ervaar de uitmuntende kwaliteit van deze ontvochtiger huis van 151 collection een merk dat bekend staat om zijn voortreffelijkheid. Dit artikel bestaat uit 6 hangende luchtontvochtigers.Deze ontvochtigers de perfecte oplossing om vocht, schimmel en meeldauw te verminderen in kasten, badkamers, kleine kamers en campers.   Klanten vertrouwen op de betrouwbaarheid van 151 Products LTD voor ongeëvenaarde prestaties en blijvende resultaten.   Kies met zekerheid voor 151 Products LTD en geniet van een frisse, droge omgeving in jouw kasten. Bovendien kunnen deze ontvochtigers overal worden gebruikt waar vochtbestrijding nodig is.   
"
627,VCTparts Luchtontvochtiger 500gram Herbruikbaar Grijs,,VCTparts,,,,"23,95",Op voorraad,https://www.bol.com/nl/nl/p/vctparts-luchtontvochtiger-500gram-herbruikbaar-grijs/9300000140837934/,7,"
Luchtontvochtiger 500gram Herbruikbaar Grijs Onze vochtvreter is de perfecte oplossing voor het verwijderen van vocht in uw auto. Gemaakt van hoogwaardige materialen, absorbeert deze vochtvreter snel en effectief vocht en onaangename geurtjes, waardoor uw auto fris en schoon blijft. Met een compact formaat is deze vochtvreter eenvoudig op te bergen en te verplaatsen, zodat u hem overal in uw auto kunt gebruiken. Dankzij de handige en duurzame verpakking, kunt u de vochtvreter hergebruiken en bespaart u op de lange termijn geld. Het is ook makkelijk te gebruiken: u hoeft alleen het verpakkingszakje open te maken en de vochtvreter in uw auto te plaatsen. Wacht niet langer en bescherm uw auto tegen vocht en onaangename geuren met onze efficiënte en betrouwbare vochtvreter. Kenmerken - Polyesterzak gevuld met silicagel welke tot ongeveer 500g vocht absorbeert- Biedt bescherming tegen schimmel, vocht en muffe geurtjes- Herbruikbaar- Universeel te gebruiken- Met zelfklevend klittenband- Voor gebruik in caravans, campers, auto's, bestelauto's en boten- Ook ideaal voor kasten, bedden-goed, tuinhuisjes, serres, etc.- Afmeting: 15x32x4cm
"
628,DryBest 40 WiFi Luchtontvochtiger - 700W - 40L/uur - 371109,,Eurom,,,,"513,-",Op voorraad,https://www.bol.com/nl/nl/p/eurom-drybest-40-wifi/9200000120385764/,5,"
    Eurom DryBest 40 WiFi Luchtontvochtiger - 700W - 40L/uur - 371109 Bijzondere kenmerken * Deze grote luchtontvochtiger is te bedienen met de Eurom Smart app en is ook voorzien van een opvoerpomp. * Dit houdt in dat de ontvochtiger op afstand aan te zetten is en ook door kan ontvochtigen wanneer de tank vol is. * Signaal bij volle watertank * Hygrostaat * Continue drain mogelijkheid Technische specificaties * Vermogen: 700 Watt * Ontvochtigen: 40l/24h * Watertank: 6 l * Timer: 0-24 uur * Bediening: Bedieningspaneel/ gratis Eurom App * Luchtverplaatsing: 450 m3/h * Koelmiddel: R290 * Geluidsniveau (DBA): 47 * Wielen: ja * Omkasting: kunststof * Aansluitspanning: 220-240 V / 50 Hz
  "
629,"alpina Mobiele Airco - Airconditioner - Luchtontvochtiger - Ventilator met 3 Snelheden - 69 CM - 0,5 L Water Opvangbak - Afstandsbediening en Timer",,alpina,,"4,0",20,"263,99",Op voorraad,https://www.bol.com/nl/nl/p/alpina-mobiele-airco-airconditioner-luchtontvochtiger-ventilator-met-3-snelheden-69-cm-0-5-l-water-opvangbak-afstandsbediening-en-timer/9200000132799007/,11,"
 Met één apparaat de lucht in huis koelen, ontvochtigen en reinigen? Het is mogelijk met de alpina mobiele airco. Deze airconditioner van 69 centimeter hoog koelt de lucht in huis op warmere dagen en zorgt voor een verbeterde luchtvochtigheid in huist. Bedien de aircooler gemakkelijk op afstand met behulp van de bijgeleverde afstandbediening of bovenop de luchtkoeler met het bedieningspaneel. Stel de airco helemaal op voorkeur in met behulp van de timer functie. Verkoeling op warmere dagen De alpina mobiele airco zorgt in eerste plaats voor extra verkoeling op de warmere dagen. De luchtkoeler heeft een koelcapaciteit van 2.0kW en 7000BTU. Hiermee krijg je ruimtes tot 60 vierkante meter binnen de kortste keren op de voor jou perfecte temperatuur. Je kunt de airconditioner tevens als luchtblazer gebruiken op drie verschillende snelheden. Om de hete lucht uit huis weg te laten lopen dien je de bijgevoegde slang aan de airco aan te sluiten en uit een raam te hangen. Luchtontvochtiger Naast verkoeling op warme dagen kun je met behulp van de alpina luchtkoeler ook de luchtvochtigheid in huis controleren. De airco haalt het vocht uit de lucht waardoor het minder benauwd aanvoelt in huis en het makkelijker wordt om vrijuit te ademen. De airconditioner heeft een wateropvangbak van 0,5 liter om het vocht dat uit de ruimte wordt gehaald op te vangen. Na gebruik kun je het water uit de aircooler makkelijk weg laten lopen via de afvoerbuis aan de onderkant van het apparaat. Display, timer en afstandsbedieningIn de eerste plaats kun je de verschillende modus van de airco instellen op het display dat zich bovenop het apparaat bevindt. Daarnaast ontvang je bij de airconditioner ook een afstandsbediening zodat je de instellingen van de airco op afstand kunt bedienen. De mobiele airco beschikt tevens over een timer stand waarmee je een bepaalde tijdsperiode in kunt stellen voor zowel het koelen, blazen en het ontvochtigen. Specificaties alpina mobiele airco   Vermogen: 758W, 220-240V/ 50Hz Koelvermogen: 7000 BTU Koelcapaciteit: 2.0 kW EER: 2.6 65dB Voor ruimtes tot 60 vierkante meter Met afstandsbediening 3 snelheden  Water afvoerbuis  Timer  Verkoelt, bevordert luchtvochtigheid en reinigt de lucht Hoogte: 69 CM Tankinhoud: 0,5L Energielabel A 
"
630,Olimpia Splendid Aquaria S1 10 P Luchtontvochtiger 45 m³ 273 W Wit,,Olimpia Splendid,,,,"159,-",,https://www.bol.com/nl/nl/p/olimpia-splendid-aquaria-s1-10-p-luchtontvochtiger-45-m-273-w-wit/9300000059181161/,12,"
Olimpia Splendid Aquaria S1 10 P Luchtontvochtiger 45 m³ 273 W Wit  De AQUARIA S1 10 P is in praktische ontvochtiger voor de kleinste gebieden in huis. Dankzij de handgrepen en wielen aan de zijkant is hij gemakkelijk te bewegen. De AQUARIA S1 10 P onderscheidt zich door een supercompact design, om ook in hoeken probleemloos te kunnen worden geplaatst. En de luchtkwaliteit? Beter dankzij het dubbele stoffilter en de actieve kool. De teksten voor dit artikel zijn automatisch vertaald.   Features  Temperatuur- en vochtigheidsweergave timer 1 - 24 uur signaal voor volle tank halftransparante uittrekbare tanksnelheid: Laag / gemiddeld / hoog automatische ontdooivoorziening transportwielen    Highlights  Ontvochtigingsvermogen: 10 liter / 24 uur   Voor omgevingen tot 45 m3   Inhoud tank: 2 liter    Leveromvang  Aquaria S1 10 P Gebruiksaanwijzing 
"
631,SEEGER Mobiele Airco met Luchtontvochtiger - 7000 BTU - Inclusief Installatiekit - Voor Slaapkamer en Woonkamer - Airconditioning - SAC7000 - Wit,,SEEGER,,"2,8",6,"199,-",Op voorraad,https://www.bol.com/nl/nl/p/seeger-mobiele-airco-7000-btu-inclusief-installatiekit-voor-slaapkamer-en-woonkamer-airconditioning-sac7000-wit/9300000098379440/,9,"
Tijdens de warme zomerdagen kan iedereen wel wat verkoeling gebruiken. Een mobiele airco is hiervoor de perfecte oplossing. De SEEGER SAC7000 is een compacte mobiele airco met een koelvermogen van 7000 BTU, geschikt voor bijvoorbeeld de woonkamer, slaapkamer of op kantoor.
 
Verkoel ruimtes tot 20m²
Deze mobiele airco van SEEGER heeft een koelvermogen van 7000 BTU. Dit staat voor British Thermal Unit. Het aantal BTU geeft aan hoe groot de ruimte maximaal kan zijn om deze optimaal te verkoelen. Met een koelcapaciteit van 7000 BTU kun je ruimte verkoelen tot 20m².
 
Verkoelen, ventileren en ontvochtigen
Naast dat de airco jouw gehele ruimte kan verkoelen, heeft de airco ook een ventilator stand met twee snelheden voor de iets minder warme dagen. Daarnaast kan de mobiele airco ook gebruikt worden als een luchtontvochtiger het gehele jaar door. De luchtontvochtiger haalt tot wel 19,2 liter per dag uit de ruimte.
 

Wist je dat? Droge lucht makkelijker te koelen is dan een vochtige lucht, hierdoor daalt de temperatuur nog sneller.

 

Tip: gebruik eerst de luchtontvochtingsfunctie voordat je de ruimte verkoelt.

 
Praktisch en stijlvol
Dankzij het compacte formaat van de airco kan hij vrijwel overal in huis of op kantoor geplaatst worden. Met een gewicht van 20 kg kun je de airco misschien niet gemakkelijk op tillen om te verplaatsen maar dankzij de wieltjes kan de airco snel en gemakkelijk op de gewenste plek worden gezet. Het strakke en unieke design maakt de airco ook nog eens stijlvol en komt daarom in ieder interieur tot zijn recht.
 
Eenvoudig instellen zoals jij wilt
Beheers het klimaat vanuit je luie stoel of op afstand met de meegeleverde afstandsbediening. Dankzij de timer schakel je de airco aan en uit wanneer je wilt zonder dat je er naar om hoeft te kijken. Met de knoppen op de airconditioner stel je gemakkelijk de gewenste temperatuur in. Met de andere knoppen kies je de snelheid of modus en schakel je gemakkelijk de timer in.
 
Een verkoelde nachtrust met de slaapmodus
De slaapmodus zorgt ervoor dat je een verkoelende nachtrust hebt, deze functie zorgt er namelijk voor dat elk uur de temperatuur met 1°C toeneemt zodat je geen kou zult vatten tijdens het slapen. Het geluidsniveau wordt dankzij de slaapmodus sterk gereduceerd wat het overigens ook weer makkelijker maakt om in slaap te vallen.
 
Inclusief installatiekit
Met de meegeleverde afvoerslang creëer je eenvoudig verkoelde lucht in je appartement, slaapkamer of op kantoor bijvoorbeeld. Dankzij de installatiekit kun je de slang gemakkelijk op het raam bevestigen zonder dat alle warme lucht van buiten weer naar binnen komt.
 
Wat vind je in de doos?

Airconditioner
Handleiding
Installatiekit
Afstandsbediening


Specificaties

Koelvermogen: 7000 BTU
Verkoelt tot 20m²
Ontvochtigen: Ja
Capaciteit ontvochtigen: 19,2L/dag
Ventilatorstand; Ja
Aantal snelheden: 2
Inclusief installatiekit
Met afstandsbediening
Geluidsniveau: ≤65 dB
Slaapmodus: Ja
Smart functie: Nee
Display: LED display
Voltage: 220-240 Volt
Frequentie: 50 Hz
Energieklasse: A
Afmetingen: 30x30x70cm
Kleur: Wit

"
632,"Luchtontvochtiger Slaapkamer - Luchtontvochtiger Badkamer - 2,5 L voor campers, Slaapkamers, Badkamers en andere kleine ruimtes, met Automatische Uitschakelfunctie, twee Bedieningsmodi en 7 Kleuren LED-licht (Wit)",,Merkloos,,,,"265,95",,https://www.bol.com/nl/nl/p/luchtontvochtiger-slaapkamer-luchtontvochtiger-badkamer-2-5-l-voor-campers-slaapkamers-badkamers-en-andere-kleine-ruimtes-met-automatische-uitschakelfunctie-twee-bedieningsmodi-en-7-kleuren-led-licht/9300000169196781/,4,"
 Efficiënte ontvochtiging: onze luchtontvochtiger maakt gebruik van halfgeleidercondensatietechnologie en is geschikt voor slaapkamers, keukens, badkamers, kasten, caravans en andere kamers. Het houdt de luchtvochtigheid onder de 45% en zorgt voor een effectieve ontvochtiging.   7 kleuren LED-licht: onze luchtontvochtiger is uitgerust met 7 kleuren LED-lampen voor een ontspannen en romantische sfeer. De kleuren kunnen worden aangebracht om een aangename omgeving te creëren en tegelijkertijd de luchtvochtigheid in huis te beheersen.   Stil en snel ontvochtigen: Onze luchtontvochtiger heeft een snelle modus (30-40 dB) en een stille modus (minder dan 30 dB). De snelle modus vermindert effectief de luchtvochtigheid, terwijl de stille modus je niet stoort tijdens het slapen of studeren.   Compact en draagbaar: onze luchtontvochtiger is compact en draagbaar, ideaal voor verschillende kamers zoals keuken, badkamer, slaapkamer, kelder en garage. Het is gemakkelijk te vervoeren en op verschillende plaatsen te gebruiken.   Voorkomt schimmel en vocht: als de luchtvochtigheid meer dan 50% bedraagt, kunnen er onaangename geuren en schimmels ontstaan. Onze luchtontvochtiger verzamelt vocht en laat frisse lucht ontsnappen, zodat u kunt genieten van een gezonde en comfortabele omgeving. 
"
633,Auto luchtontvochtiger - Vochtvreter auto - Herbruikbaar - Anti condens - Voorruit en achterruit,,Malatec,,,,"14,95",,https://www.bol.com/nl/nl/p/auto-luchtontvochtiger-vochtvreter-auto-herbruikbaar-anti-condens-voorruit-en-achterruit/9300000076413050/,4,"
⚜️ De luchtonvochtiger absorbeert vocht van de ramen en verwijdert onaangename geuren door de absorberende vulling van silicagel. Het kan vocht ontrekken van verschillende ruimtes zoals de auto, slaapkamer, kelders en kasten. De indicator veranderd van bruin naar blauw als het met vocht is verzadigd. Om het overtollige vocht te verwijderen kan het product kort in de magnetron of zon worden hersteld. Hierdoor is het product herbruikbaar.
Voordelen
✅ Absorbeert vocht van ramen en ruimtes
✅ Verwijdert onaangenaame geuren✅ Te gebruiken voor de auto en andere ruimtes
✅ Herbruikbaar
✅ Eenvoudig in gebruik
Specificaties

Materialen: kunststof en silicagel
Afmeting verpakking: 17 x 18 x 14 cm
Gewicht verpakking: 550 gram
In verpakking: zak inclusief instructies

"
634,Sharp CVH7XR - Mobiele Airco - 3-in-1 functie - Luchtontvochtiger - Ventilator - 7000 BTU,Nieuw artikel,Sharp,,"4,3",3,"299,-",Op voorraad,https://www.bol.com/nl/nl/p/sharp-cvh7xr-mobiele-airco-3-in-1-functie-luchtontvochtiger-ventilator-7000-btu/9300000005071445/,8,"
 Heb je ook besloten om je voor te bereiden op de warme zomer dagen? Met de mobiele airco van Domo ben je binnen enkele minuten weer afgekoeld. Kies je gewenste temperatuur tussen de 17°C en 30 °C. De airco is geschikt voor ruimtes tot 80m2. Met de ingebouwde timer kun je makkelijk instellen hoe lang de airco blijft verkoelen. De airco is modern, mobiel en zeer veilig dankzij meerdere geïntegreerde veiligheidsmaatregelen.   Belangrijke voordelen:   Temperatuur van 16°C tot 30°C graden, variërend instelbaar Duurzame energie werking 3 – 1 functie – Airco, ventilator, luchtonvochtiger Geschikt voor thuis, op kantoor en andere ruimtes Moderne LED Display  Geluidsniveau van <61 dB Inclusief raamafdichtingskit   Koelen, ontvochtigen en ventileren   Deze mobiele airconditioner heeft 3 verschillende functies. In de stand Koelen haalt het apparaat warme lucht uit de ruimte en blaast koele lucht de ruimte in. In de Ventileren stand wordt lucht op kamertemperatuur rondgeblazen. De laatste functie is Ontvochtigen. De airco haalt het vocht uit de lucht, daardoor voelt het minder benauwd aan. Ontvochtigingscapaciteit: 1,0 liter/uur. Deze 3 functies kun je los van elkaar gebruiken of gecombineerd.     Timer functie   Met de ingebouwde timerfunctie geniet je langdurig van fijne verkoeling. Je kunt de timer instellen van 1 tot 24 uur. Je kunt de timer eenvoudig tussentijds stopzetten of aanpassen. Je kan de timer instellen op het LED-bedieningspaneel of met de afstandsbediening.  inclusief raamafdichtingskit  Voor een optimale warmte- en waterafvoer leveren we deze airconditioner inclusief een raamafdichtingskit. Met de raamafdichtingskit geleid je de uitlaatslang eenvoudig naar buiten.!  Energieklasse A  Dankzij de ratio energie-efficiëntie zit de airconditioner in de energieklasse A. De airconditioner heeft dus een laag energieverbruik. Reken dus op lage energiekosten, ook bij langdurig gebruik!     Koelvermogen 7.000 BTU/h  De mobiele airconditioner van Domo heeft een koelvermogen van 7000 BTU/h. De British Thermal Unit geeft de maximale grootte van een ruimte aan om deze optimaal te verkoelen. 116 BTU staat ongeveer gelijk aan 1m3. De airconditioner heeft dus een koelcapaciteit voor ruimtes van ongeveer 80m.3 
"
635,PINGI C2-700M Luchtontvochtiger Wit,,Pingi ®,,"3,3",3,"28,49",,https://www.bol.com/nl/nl/p/pingi-c2-700m-luchtontvochtiger-wit/9200000112699907/,11,"
PINGI C2-700M Luchtontvochtiger Wit  De designontvochtigers absorberen vocht uit de lucht en sluiten het veilig in. De geïntegreerde vochtindicator geeft aan wanneer de luchtontvochtiger verzadigd is. Hij moet vervolgens op het basisstation (afzonderlijk verkrijgbaar) worden gestoken en is na het opladen direct weer te gebruiken. Hij kan overal draadloos worden gebruikt, is snel weer opgeladen en herbruikbaar. Ideaal voor in de kelder, in een kledingkast, bij een voorraad, op de camping, op een boot, enz. De teksten voor dit artikel zijn automatisch vertaald.   Features      Highlights  Effectieve vochtopname   Snelle regeneratie   Geen druppels     Leveromvang  null 
"
636,Tech-Med - Ultrasone luchtontvochtiger Aromaverstuiverfunctie Luchtbevochtiger voor kamers van ca. 20 m2,,Tech-Med,,,,"49,60",,https://www.bol.com/nl/nl/p/tech-med-ultrasone-luchtontvochtiger-aromaverstuiverfunctie-luchtbevochtiger-voor-kamers-van-ca-20-m2/9300000117377862/,5,"
    De TM LOTOS luchtbevochtiger is een modern en volautomatisch apparaat.Dankzij de ultrasone technologie werkt het TM ""LOTOS"" apparaat geruisloos en verspreidt het een aangename en verfrissende nevel door de hele kamer.De aroma diffusie functie die aan het apparaat is toegevoegd maakt het mogelijk om de kamer te vullen met uw favoriete geur. Hij is ideaal voor kamers van ongeveer 20 m2.Dankzij zijn moderne en elegante design past TM LOTOS in elk interieur.- Stroomvoorziening: 230 V- Stroomverbruik: 20 W- Afmetingen apparaat: 12 x 25 x 21 cm- Inhoud waterreservoir: 2 l- Bevochtigingscapaciteit: 200 ml/h- Bedrijfstijd: tot 10 uur- Voor ruimtes van ca. 20 m2- Bescherming tegen elektrische schokken: Klasse II
  "
637,De'Longhi luchtontvochtiger DDSX220WFA,,De’Longhi,,,,"529,-",,https://www.bol.com/nl/nl/p/de-longhi-luchtontvochtiger-ddsx220wfa/9300000027501049/,8,"
Verlaag de luchtvochtigheid in huis met de DeLonghi DDSX220WFA luchtontvochtiger. Verwijder tot 21 liter vocht in 24 uur. De DDSX220WFA is geschikt voor ruimtes tot 90 m3. Via het ingebouwde Lcd-scherm kan je de luchtvochtigheid zien en de luchtontvochtiger handmatig instellen. Verbind jouw luchtontvochtiger via wifi en stel, plan en bewaak de werking ervan op basis van jouw specifieke eisen.
4 actie filtersysteem
Het HEPA-filter type E12 met actieve kool vangt deeltjes tot 99,96% van de luchtverontreinigende stoffen op en vermindert onaangename geuren, terwijl het Bio Silver- en stoffilter de verspreiding van bacteriën helpt verminderen en grotere stofdeeltjes blokkeert.
Wasserij functie
Droog jouw kleren in een mum van tijd dankzij de automatische was droog-functie die de ventilatiesnelheid en ontvochtigingscapaciteit automatisch optimaliseert.
R290 Koelgas
Dit model bevat geen gassen (CFC/ HCFC) die gevaarlijk zijn voor de ozonlaag of met een uitgesproken broeikaseffect (HFC). Het model gebruikt een volledig natuurlijke en niet-giftige vloeistof: R 290.
"
638,"Luchtontvochtiger Slaapkamer - Luchtontvochtiger Badkamer - 2,5 L voor campers, Slaapkamers, Badkamers en andere kleine ruimtes, met Automatische Uitschakelfunctie, twee Bedieningsmodi en 7 Kleuren LED-licht (Zwart)",,Merkloos,,,,"265,95",,https://www.bol.com/nl/nl/p/luchtontvochtiger-slaapkamer-luchtontvochtiger-badkamer-2-5-l-voor-campers-slaapkamers-badkamers-en-andere-kleine-ruimtes-met-automatische-uitschakelfunctie-twee-bedieningsmodi-en-7-kleuren-led-licht/9300000169197239/,4,"
 Effectieve ontvochtiging: onze luchtontvochtiger maakt gebruik van halfgeleidercondensatietechnologie en is geschikt voor gebruik in slaapkamers, keukens, badkamers, kasten, caravans en andere kamers. Het houdt de luchtvochtigheid onder de 45% en zorgt voor een effectieve ontvochtiging.   7 kleuren LED-licht: onze luchtontvochtiger heeft 7 kleuren LED-verlichting, die voor een ontspannen en romantische sfeer zorgen. Ook kunnen de kleuren stevig worden ingesteld. Zo creëer je een aangename omgeving en beheer je tegelijkertijd de luchtvochtigheid in je huis.   Stille en snelle ontvochtiging: onze luchtontvochtiger heeft twee werkmodi, snelle modus (30-40 dB) en stille modus (minder dan 30 dB). De snelle modus is effectief in het verminderen van de luchtvochtigheid, en de stille modus heeft geen last tijdens het slapen of studeren.   Compact en draagbaar: onze luchtontvochtiger is compact en draagbaar, perfect voor gebruik in verschillende ruimtes, zoals keuken, badkamer, slaapkamer, kelder en garage. Bovendien kun je hem gemakkelijk vervoeren en op verschillende plekken gebruiken.   Preventie van schimmel en vochtigheid: als de luchtvochtigheid meer dan 50% bedraagt, kunnen er onaangename geuren en schimmels ontstaan. Onze luchtontvochtiger verzamelt vocht en laat frisse lucht ontsnappen, zodat u kunt genieten van een gezonde en comfortabele omgeving. 
"
639,Luchtontvochtiger Slaapkamer - Luchtontvochtiger Badkamer - 8L DraagbareLluchtontvochtiger voor Lage Temperaturen - Digitaal Display - Wit,,Merkloos,,,,"530,95",,https://www.bol.com/nl/nl/p/luchtontvochtiger-slaapkamer-luchtontvochtiger-badkamer-8l-draagbarelluchtontvochtiger-voor-lage-temperaturen-digitaal-display-wit/9300000169207554/,5,"
 8 liter per dag - Zuigt tot 8 liter vocht per dag op bij temperaturen tot 1 ° C. Het is ideaal voor vocht, schimmels en vocht in grote huizen, kamers, badkamers, garages en kelders. Helpt condensatie, schimmel en vocht te voorkomen -gerelateerde schade.   Koude temperaturen - Terwijl normale compressorontvochtigers goed werken tussen 20-30°C, absorberen ze geen vocht meer onder de 15°C, waardoor ze ongeschikt zijn voor koudere omgevingen. Maar onze is perfect voor koudere kamers of in de winter.   Grote opvangtank - De grote watertank van 2,5 liter wordt automatisch uitgeschakeld wanneer de maximale capaciteit is bereikt en er wordt een doorlopende afvoerslang meegeleverd voor langdurig gebruik. Superstille modus met slechts 33 dB.   Stel de gewenste luchtvochtigheid in – met de geïntegreerde luchtvochtigheidssensor stel je de gewenste luchtvochtigheid in. Zodra deze waarde is bereikt, wordt het apparaat uitgeschakeld om energie te besparen. Door de zwenkbare luchtuitlaat kun je de luchtstroom in elke gewenste richting richten.   Digitaal bedieningspaneel - LED-lampjes geven de huidige luchtvochtigheid in de kamer aan en het gebruiksvriendelijke bedieningspaneel maakt een eenvoudige bediening van de luchtontvochtigeruitgang en de selectie van de timer voor automatische uitschakeling van 2 uur, 4 uur, 8 uur tot 12 uur mogelijk. 
"
640,"HBM 70 Professionele 860 Watt Bouwdroger, Luchtontvochtiger, Vochtvanger 70 Liter",,HBM machines,,,,"899,-",,https://www.bol.com/nl/nl/p/hbm-70-professionele-860-watt-bouwdroger-luchtontvochtiger-vochtvanger-70-liter/9300000159335370/,8,"
Omschrijving Het risico op restvocht in ruimtes, maar ook tijdens het leggen van vloeren, is zo goed als onbestaande dankzij deze droger. Schimmels worden dus ook voorkomen, waardoor leefruimtes gezonder zijn. Je bereikt de beste resultaten met deze droger in combinatie met de MV mobiele ventilator. Een extra buffer aan de onderzijde van het apparaat, in de vorm van een stalen buis met omhulsel, beschermt de droger tegen schade tijdens transport.  Ook heeft het gebruik van de HBM 70 Professionele 860 Watt Bouwdroger, Luchtontvochtiger, voordelen te denken aan het sneller drogen van pleisters en beton, vooral in koude en vochtige omstandigheden. Het vermijd vocht en schimmelproblemen. De HBM 70 Professionele 860 Watt Bouwdroger, Luchtontvochtiger verwijdert tot wel 70 liter vocht per dag uit de ruimte waar deze staat opgesteld. Maar ook na een waterlek of overstroming staat deze HBM 70 Professionele 860 Watt Bouwdroger, Luchtontvochtiger zijn mannetje.    Specificaties  Voltage 230 v / 50 Hz Wattage 860 Watt Nominaal vermogen 70L/dag (30℃, 80%RH) 40L/dag (27℃, 60%RH) Geluid ≤52dB(A) Inhoud reservoir 5.5 liter Stroomverbruik 860W/3.9A (30℃, 80%RH) 730W/3.3A (27℃, 60%RH) Minimale kamergrootte 13 m2 (Vloeroppervlak) Afmeting 48 x 62 x 84 cm  
"
641,Relaxdays vochtvreter auto - luchtontvochtiger - tegen beslagen ruiten - ontvochtiger,Nieuw artikel,Relaxdays,,,,"19,95",Op voorraad,https://www.bol.com/nl/nl/p/relaxdays-vochtvreter-auto-luchtontvochtiger-tegen-beslagen-ruiten-ontvochtiger/9200000126718788/,12,"
Elke autorijders kent het: Vooral in het koude seizoen beslaan de ruiten aan de binnenkant waardoor er niet doorheen kan worden gekeken. In de winter kan het ook gebeuren, dat de ruiten zelfs aan de binnenkant bevriezen. De herbruikbare auto vochtvreter is de redder in nood: Het met silicagel gevulde kussen wordt tijdens het parkeren gewoon bij de voorruit geplaatst en trekt de vochtigheid automatisch uit de lucht.Vochtvreter auto in detail- Afmeting H x B x D: ca. 3,5 x 18 x 10,5 cm- Gewicht: ca. 300 g- Materiaal: Vlies, silicagel- Kleur: Zwart, blauwHandige luchtontvochtiger kussen- Voor auto, vrachtwagen, camper, kast, tent etc.- Tegen beslagen ruiten, schimmel en vlekken- Indicatie wordt wit, wanneer het kussen gedroogd moet worden- Kan om te drogen voor 6 minuten bij 600 Watt in de magnetron geplaatst worden- Vrij van gevaarlijke gifstoffen en dimethylformamideLeveromvang- 1 x auto vochtvreter- Decoratie is bij de levering niet inbegrepen
"
642,Aspen minipomp - speciaal voor airco's en luchtontvochtigers -,,Aspen,,,,"162,80",,https://www.bol.com/nl/nl/p/aspen-minipomp-speciaal-voor-airco-s-en-luchtontvochtigers/9200000098133318/,3,"
    Compacte, stille en krachtige minipomp tbv wandmontage voor luchtontvochtigers en split airco's met aaansluiting voor rechtstreekse waterafvoer. Voert het condenswater af tot een hoogte van 10m.
  "
643,"Luchtontvochtiger Slaapkamer - Luchtontvochtiger Badkamer - (500 m²) 60 oz Ultrastille Draagbare Luchtontvochtiger, Kleine Luchtontvochtiger met Automatische uitschakeling, 7 Kleurenlampen, 2 Snelheidsmodi voor kelders",,Merkloos,,,,"275,95",,https://www.bol.com/nl/nl/p/luchtontvochtiger-slaapkamer-luchtontvochtiger-badkamer-60-oz-ultrastille-draagbare-luchtontvochtiger-kleine-luchtontvochtiger-met-automatische-uitschakeling-7-kleurenlampen-2-snelheidsmodi-voor-kelders/9300000169248212/,5,"
 Hoge efficiënte ontvochtiging: luchtontvochtiger uitgerust met een grote watertank van 1800 ml, kan tot 800 ml (80 °F, 80% relatieve vochtigheid) vocht per dag extraheren in gesloten kleine ruimtes en ruimtes. En de werkruimte bedraagt maar liefst 500 vierkante meter, zodat u zich geen zorgen meer hoeft te maken over vochtproblemen!   2 werkmodi en stille werking: draagbare luchtontvochtigers gebruiken Peltier-technologie om geluid effectief te verminderen. 2 werkmodi om vrij te schakelen. Het geluid van de hogesnelheidsmodus is lager dan 46 dB en kan overtollig vocht in de lucht snel verwijderen. De windsnelheid wordt verlaagd in de lagesnelheidsmodus, wat uw slaap effectief tegen verstoring kan beschermen.   Automatische uitschakeling en energiebesparing: de elektrische luchtontvochtiger schakelt automatisch uit wanneer de tank vol is om het risico van overlopen te voorkomen. Het lampje wordt rood om u eraan te herinneren de tank te legen. En vergeleken met traditionele grote luchtontvochtigers is onze veiligheidsluchtontvochtiger energiebesparend en zal het uw meest kosteneffectieve keuze zijn.   Kleurrijk nachtlampje: het 7-kleurenlicht van deze slaapkamerluchtontvochtiger knippert automatisch in een lus wanneer deze ronddraait. Je kunt eenvoudig je favoriete kleur selecteren of uitschakelen door op de lichtknop te drukken en zo je eigen romantische sfeer te creëren.   Ontworpen voor een gezonde woonomgeving: volgens onderzoek kan meer dan 70% vocht in de lucht de menselijke gezondheid aantasten en ongemak veroorzaken. Onze verbeterde luchtontvochtigers werken wanneer de luchtvochtigheid hoger is dan 45% en absorberen efficiënt en consistent vochtige lucht, ideaal voor badkamers, kleine kelders, kasten, keukens, woonkamers en andere ruimtes met een hoge luchtvochtigheid. Breng frisse lucht naar elke hoek van uw huis.   Vriendelijke herinnering: ① De binnentemperatuur is lager dan 15 ℃, het ontvochtigingseffect wordt verminderd. Zorg ervoor dat de binnentemperatuur boven de 15°C is. Onder de 10°C werkt deze niet. ② De sterke modus heeft een hogere ventilatorsnelheid, waardoor het geluid relatief hoger is. Als u de voorkeur geeft aan weinig geluid, raden wij u aan over te schakelen naar de slaapmodus. 
"
644,"Luchtontvochtiger Slaapkamer - Luchtontvochtiger Badkamer - 3L/24h Luchtontvochtiger Prestaties Kamergrootte max. 50m2, Kamerontvochtiger Stille Luchtreiniger",,Merkloos,,,,"435,95",,https://www.bol.com/nl/nl/p/luchtontvochtiger-slaapkamer-luchtontvochtiger-badkamer-3l-24h-luchtontvochtiger-prestaties-kamergrootte-max-50m2-kamerontvochtiger-stille-luchtreiniger/9300000169206585/,5,"
 13 LITRESS - De luchtontvochtiger is uitgerust met een hoogwaardige R290-luchtcompressor en verlaagt de vochtigheid en het water efficiënt tot 13 liter per dag. Of het nu thuis, op kantoor of in de kelder is, het verwijdert effectief water uit de lucht, vermindert de luchtvochtigheid en beschermt uw muren en meubels tegen waterschade.   Real-time vochtigheidsweergave en -bediening - De luchtontvochtiger heeft een zichtbaar digitaal display dat de relatieve vochtigheid (RV) in procenten weergeeft, het ondersteunt het instellen van een doelvochtigheid van 30% tot 80%, zodat u de kamer gezellig kunt houden of gewoon uw temperatuur kunt aanpassen. ontvochtigingsbehoeften.   Ultrastille nachtmodus - Met een werkgeluid van minder dan 35 dB werkt hij stiller in uw kamer dan de geluiden in bibliotheken, dus zodra u de nachtmodus hebt geactiveerd, kunt u genieten van rustige en ongestoorde nachten.   Watertank van 2,3 liter en afvoerleiding - Behalve een watertank van 2,3 liter met een grote capaciteit, die zichzelf volledig afsluit bij nadering, heeft de luchtontvochtiger ook een afvoerslang die kan worden gebruikt om water direct af te voeren.     Slimme en draagbare luchtontvochtiger voor thuis - Vocht is overal, daarom is deze draagbare luchtontvochtiger een must-have. Hij wordt geleverd met handgrepen aan elke kant, zodat u hem gemakkelijk kunt verplaatsen en overal kunt plaatsen waar extra vocht de lucht verstopt! 
"
645,"Wenko Luchtontvochtiger 1,6 Liter 16,5 X 15,7 Cm Beige/grijs",,Wenko,,,,"24,99",,https://www.bol.com/nl/nl/p/wenko-luchtontvochtiger-1-6-liter-16-5-x-15-7-cm-beige-grijs/9300000020245199/,1,"
    Wenko luchtontvochtigerDeze luchtontvochtiger beschermt tegen schimmel. De ontvochtiger verwijdert overtollig vocht en voorkomt zo condenswatervorming en slechte geurtjes in ruimtes met een grootte van maximaal 80 m³.Specificaties:Kleur: grijs, beigeMateriaal: kunststofGewicht: 1000 gramInhoud: 1,6 litersRuimte: tot 80 m³Afmetingen: 16,5 x 15,7 x 16,6 cm (LxBxH)
  "
646,Alpina Mobiele Airco A007G - Luchtontvochtiger - Luchtreiniger - Ventilator - 11000 BTU - Timer - Afstandsbediening,,alpina,,"4,0",20,"250,49",Op voorraad,https://www.bol.com/nl/nl/p/alpina-mobiele-airco-a007g-luchtontvochtiger-luchtreiniger-ventilator-11000-btu-timer-afstandsbediening/9200000133141397/,14,"
Deze krachtige, mobiele airco van Alpina met een vermogen van 1230 Watt maakt je kamer niet alleen heerlijk koel; hij kan ook werken als ventilator en luchtontvochtiger/ luchtreiniger. Via de afstandsbediening of het bedieningspaneel op de airconditioner zelf switch je bijvoorbeeld gemakkelijk tussen de verschillende functies. Bovendien is deze airco uitgerust met een timer. Met de wieltjes aan de onderkant verplaats je hem gemakkelijk.  Krachtig koelvermogen Het koelvermogen van een airconditioner wordt uitgedrukt in BTU. Deze mobiele airco van Alpina heeft een aanzienlijk koelvermogen van 11.000 BTU. Dit betekent dat hij geschikt is voor het koelen van ruimtes van zo'n 20 tot 75 m2. Dit varieert, aangezien dit samenhangt met de ligging en het isolatieniveau van de te koelen ruimte. Een kamer onder een plat dak met veel ramen en ligging op het zonnige zuiden vraagt meer koelvermogen dan een goed geïsoleerde kamer op het noorden. Luchtontvochtiger/ luchtreiniger en ventilator Dit apparaat kent 3 standen. Naast een functie als airco kan hij ook werken als luchtontvochtiger. Daarvoor zet je hem in de stand 'DEHUM' ('dehumidifier'). Hij helpt dan vochtproblemen te verminderen en draagt bij aan een fijner binnenklimaat. Een te hoge luchtvochtigheid in huis kan namelijk resulteren in schimmels, een muffe geur, klamme meubels en vochtplekken op je muur. Bijkomend voordeel is dat hij in deze stand ook vuil en stofdeeltjes uit de lucht filtert en daarmee werkt als luchtreiniger. Hij vangt het water op en blaast de ontvochtigde lucht schoon terug in de ruimte. In de stand 'FAN' brengt hij als ventilator lucht in beweging, zonder deze specifiek te koelen of ontvochtigen. De luchtstroom die in deze ventilatiestand ontstaat, brengt wel de gevoelstemperatuur omlaag. Bediening en tijdklok Je kan deze airconditioner op 2 manieren bedienen:  Via het controlepaneel op de airco zelf Via de meegeleverde afstandsbediening  Als je wil, kan je hem dus bedienen vanuit bed of je luie stoel. Stel de gewenste temperatuur in, kies met 'mode' de stand van het apparaat, selecteer de gewenste snelheid en stel de timer in. De tijdklok kun je instellen van 0 tot 24 uur en zowel voor het automatisch aanzetten als uitschakelen. Handig bijvoorbeeld als je de airco alvast de slaapkamer wil laten koelen vlak voor je gaat slapen. Of juist als je hem automatisch wil uitzetten, nadat je in slaap bent gevallen.  Mobiele airco De wieltjes aan de onderkant zorgen ervoor dat je de airco gemakkelijk verplaatst. Fijn als je hem soms in de woonkamer wil gebruiken en daarna in je slaapkamer. Houd er wel rekening mee dat er een stopcontact in de buurt zit en dat je de slang naar buiten moet kunnen leiden voor de afvoer. Tank met melding De airco heeft een tankinhoud van een halve liter. Een veiligheidsschakelaar in het waterreservoir van de airconditioner regelt het waterpeil. Raakt de tank vol? Dan geeft het controlelampje een melding en weet je dat je het reservoir moet legen. Specificaties Alpina A007G 3-in-1 airco  3 standen: air conditioning, dehumidifier, fan Met timer Koelvermogen: 11.000 BTU Koelcapaciteit: 3,2 kW Tankinhoud: 0,5 liter Koelmiddel: R290, 160g Geluid: 65 dB Energielabel: A 1,2 kWh/ 60 minuten EER (energie-efficiëntieverhouding): 2,6 Geschikt voor een ruimte van max. 100 m3 Met aftappunt Capaciteit: 1230 Watt 220-240V/50Hz 
"
647,"Luchtontvochtiger Slaapkamer - Luchtontvochtiger Badkamer - 2300 ml luchtontvochtiger voor slaapkamer, badkamer, automatische ontdooiing, automatische uitschakeling, 3 modi vochtigheidsregeling - Wit",,Merkloos,,,,"194,95",,https://www.bol.com/nl/nl/p/luchtontvochtiger-slaapkamer-luchtontvochtiger-badkamer-2300-ml-luchtontvochtiger-voor-slaapkamer-badkamer-automatische-ontdooiing-automatische-uitschakeling-3-modi-vochtigheidsregeling-wit/9300000169192693/,6,"
 Verbeterde Peltier dubbele halfgeleidertechnologie: Vergeleken met andere kleine luchtontvochtigers heeft de luchtontvochtiger een dubbele halfgeleiderkoeltechnologie die een dubbel ontvochtigingseffect heeft     Automatisch ontdooien: Bij gebruik in de winter zal er onvermijdelijk bevriezing optreden. Onze huisontvochtigers stoppen met ontvochtigen wanneer het halfgeleideroppervlak bevriest en schakelen automatisch over naar de ontdooimodus. De ventilator blijft werken en de gegenereerde warmte zal de rijp snel laten smelten en vervolgens opnieuw beginnen te ontvochtigen   Bedrijfsmodi: deze luchtontvochtiger ondersteunt 3 verschillende modi om aan uw behoeften te voldoen. STRONG MODE werkt op vol vermogen om de beste ontvochtigingsprestaties te bereiken. De SLAAPMODUS vermindert het stroomverbruik en het geluid, waardoor u 's nachts de slaapmodus in de slaapkamer kunt gebruiken. AUTOMATISCHE MODUS blijft ontvochtigen totdat de luchtvochtigheid onder ongeveer 50% relatieve vochtigheid daalt. (Houd rekening met een kleine meetfout.)   Timer en automatische uitschakeling: Maakt u zich zorgen dat de luchtontvochtiger te veel ontvochtigt? Onze luchtontvochtiger beschikt over een automatische modus die automatisch stopt wanneer de luchtvochtigheid onder de 50% komt, zodat er niet te veel wordt ontvochtigd. Je kunt de timer ook instellen op 8/12/24/36/48 uur, en deze stopt wanneer de tijd om is. Ook schakelt hij automatisch uit als de tank vol is, wat de veiligheid vergroot.   Afneembare watertank van 2,3 liter: Door dagelijks een helderwatertank van 800 ml (27 oz) te gebruiken, hoeft u het water niet langer regelmatig te legen. Verwijder voorzichtig het waterreservoir als het vol is en leeg het water. Je kunt het waterreservoir eenvoudig regelmatig schoonmaken en schoonhouden.   Te veel geluid: De luide modus en de automatische modus hebben een hogere ventilatorsnelheid. Het geluid is dus relatief hoger. Als je 
"
648,"Luchtontvochtiger Slaapkamer - Luchtontvochtiger Badkamer - Stille luchtontvochtiger voor kamers van 10 m² - Kleine condensdroger 0,8 liter watertank - 23 Watt - Zwart",,Merkloos,,,,"110,95",,https://www.bol.com/nl/nl/p/luchtontvochtiger-slaapkamer-luchtontvochtiger-badkamer-stille-luchtontvochtiger-voor-kamers-van-10-m-kleine-condensdroger-0-8-liter-watertank-23-watt-zwart/9300000169209779/,7,"
 De luchtontvochtiger - uw oplossing voor een droge woning: De luchtontvochtiger is een krachtig apparaat geschikt voor ruimtes van 5-10㎡. Met zijn Peltier-koelsysteem en een energieverbruik van slechts 23 watt biedt hij een efficiënte oplossing voor het beheersen van de luchtvochtigheid. Deze luchtontvochtiger kan tot 240 ml vocht per dag uit de lucht verwijderen, waardoor hij ideaal is voor kleine ruimtes zoals kasten, badkamers of zelfs auto's.   Bescherming tegen vocht en schimmel: de luchtdroger voorkomt effectief de vorming van schimmels en onaangename geuren. In de wintermaanden, wanneer koude buitenlucht en warme binnenlucht elkaar ontmoeten, ontstaat er condensatie, wat kan leiden tot schimmelvorming. Een hoge luchtvochtigheid kan ook leiden tot ongemak, gezondheidsproblemen en een slecht humeur. Het kan ook elektronische apparatuur aantasten en de levensduur van meubels en kleding verkorten.   Onze binnenontvochtiger is veelzijdig en praktisch en ideaal voor ouders, eigenaren van gezelschapsdieren en seizoensbewoners van vakantiehuizen. Ook kantoormedewerkers die last hebben van schommelingen in de luchtvochtigheid binnenshuis en huurders die in minder goed geïsoleerde woningen wonen, hebben baat bij een luchtontvochtiger. Huisdieren brengen extra vocht in de binnenlucht en onze luchtontvochtiger kan deze problemen helpen oplossen.   Gezonder binnenklimaat en langere levensduur: Een optimaal vochtgehalte in de binnenlucht bevordert niet alleen een gezonder binnenklimaat, maar verlengt ook de levensduur van uw meubels en elektronische apparaten. Bescherm uw huis tegen de negatieve effecten van vocht en schimmel. Met zijn compacte afmetingen van 14,5 x 14,5 x 21,5 cm en een gewicht van slechts 0,9 kg past hij moeiteloos in kleine ruimtes waar een conventionele luchtontvochtiger niet zou passen. 
"
649,Auto ontvochtiger 300g - Luchtontvochtiger bedrijfswagen - herbruikbaar - 2 stuks,,Merkloos,,,,"29,99",Op voorraad,https://www.bol.com/nl/nl/p/auto-ontvochtiger-300g-luchtontvochtiger-bedrijfswagen-herbruikbaar-2-stuks/9300000114261014/,6,"
Auto ontvochtiger 300g - Luchtontvochtiger bedrijfswagen - herbruikbaar - 2 stuks
Heb je vaak last van beslagen autoruiten, vochtige autobekleding of een muffe geur in de auto? Dit zijn signalen dat er te veel vocht in de auto aanwezig is. Beslagen autoruiten zijn niet alleen vervelend, maar ook onveilig voor het zicht. Bestrijd daarom overtollig vocht in de auto en voorkom zo beslagen ramen met een vochtvreter voor in de auto.
Deze vochtvanger garandeert een snelle verwijdering van vocht uit uw auto, caravan, boot of camper. Het werkt direct, het werkt effectief! Het regelt de vochtigheidsgraad en voorkomt zo: corrosie, de groei van schimmels, beslagen ramen en de muffe geur. Het helpt om comfortabele binnenomstandigheden te behouden, wat een positief effect heeft op de gezondheid. Een juiste luchtvochtigheid is enorm belangrijk voor ons welzijn.Deze vochtvreter verzamelt en houdt vocht vast binnenin zonder het risico van lekkage. Dit wordt gegarandeerd door speciale kogels in de absorber. De absorber is herbruikbaar en gaat dus lang mee. Belangrijk is dat deze niet hoeft te worden bijgevuld.Het filter werkt tot 24 maanden vanaf het eerste gebruik (afhankelijk van de vochtigheidsgraad). Ook belangrijk is dat het product volledig in europa vervaardigd is.De afmetingen van de vochtvanger zijn als volgt: 22 x 14 x 2,5 cm (b x l x h)
Hoe de absorber klaarmaken voor hergebruik?

Weeg de vochtvanger, wanneer het gewicht ca. 390 g is, dan is het vol en moet gedroogd worden
Plaats het vochtvanger voor maximaal 6 minuten in de magnetron op het vermogen van 600W
Het droogproces kan ook onder de zon of op een radiator worden uitgevoerd. LET OP! Het product kan heet zijn, plaats het niet direct op het draaiplateau, gebruik een extra schaal
Laat het product afkoelen
Weeg het opnieuw, het zou 300-310g moeten bereiken, anders herhaalt u de droogproces
Het product is klaar voor hergebruik.

"
650,Auto ontvochtiger 300g - Luchtontvochtiger camouflage - herbruikbaar,,Merkloos,,,,"19,99",Op voorraad,https://www.bol.com/nl/nl/p/auto-ontvochtiger-300g-luchtontvochtiger-camouflage-herbruikbaar/9300000114480997/,7,"
    LAST VAN VOCHT IN DE AUTO?
Heb je vaak last van beslagen autoruiten, vochtige autobekleding of een muffe geur in de auto? Dit zijn signalen dat er te veel vocht in de auto aanwezig is. Beslagen autoruiten zijn niet alleen vervelend, maar ook onveilig voor het zicht. Bestrijd daarom overtollig vocht in de auto en voorkom zo beslagen ramen met een vochtvreter voor in de auto.
OORZAAK BESLAGEN AUTORUITEN?
Autoruiten beslaan doordat er te veel vocht in de auto is. Met name in de koude en natte herfst en winter komen beslagen ruiten vaker voor.Dit kan komen door het regenachtige weer,  je sporthanddoek met vers zweet en je eigen ademhaling. Wanneer het vocht dat je uitademt warmer is dan de temperatuur in de auto, ontstaat er condens. Omdat de condens niet uit de auto weg kan, hecht het zich aan de koude autoruiten en beslaan je autoruiten.Naast beslagen autoruiten kan een vochtige auto ook een muffe geur veroorzaken en bij een veel te hoge luchtvochtigheid leidt dit zelfs tot schimmel in de auto.
DE OPLOSSING: EEN VOCHTVRETER IN DE AUTO
Deze vochtvreter absorbeert het overtollig vocht uit de lucht en is daarmee de perfecte oplossing tegen beslagen ramen. Het vocht wordt opgeslagen in het handige 100% lekdichte zakje, dé oplossing voor beslagen ruiten. 
De Vochtvreter Auto kan dan in de magnetron opgeladen worden voor hergebruik. Zo gaat 1 zakje jaren mee! De Vochtvreter Auto is gemakkelijk overal in de auto te plaatsen. Ook voor gebruik in fototas, caravan, camper, bedrijfswagen of kledingkast. 
De afmetingen van de vochtvanger zijn als volgt: 22 x 14 x 2,5 cm (b x l x h)
Hoe de absorber klaarmaken voor hergebruik?

Weeg de vochtvanger, wanneer het gewicht ca. 390 g is, dan is het vol en moet gedroogd worden
Plaats het vochtvanger voor maximaal 6 minuten in de magnetron op het vermogen van 600W
Het droogproces kan ook onder de zon of op een radiator worden uitgevoerd. LET OP! Het product kan heet zijn, plaats het niet direct op het draaiplateau, gebruik een extra schaal
Laat het product afkoelen
Weeg het opnieuw, het zou 300-310g moeten bereiken, anders herhaalt u de droogproces
Het product is klaar voor hergebruik.

"
651,Vochtvreter - Vochtvanger - Lavendel - Absorber - Luchtontvochtiger,,Ruhhy,,,,"9,99",,https://www.bol.com/nl/nl/p/vochtvreter-vochtvanger-lavendel-absorber-luchtontvochtiger/9300000167888148/,10,"
Deze Vochtvreter van Ruhhy gaat condens, vocht en nare geurtjes tegen. Kost geen energie en kan overal geplaats worden!  VOORKOMT DE VORMING VAN SCHIMMEL, SCHIMMEL EN CORROSIE  - de absorber droogt effectief de lucht in een appartement, huis, garage, magazijn, enz. Perfect voor de badkamer of keuken. Verlaagt de luchtvochtigheid en voorkomt de ontwikkeling van schimmels, schimmels, mufheid, corrosie en beslaan van ramen.   GEEN BESLAGEN RUITEN EN SPIEGELS MEER -  vocht in de badkamer of keuken zorgt ervoor dat de ramen beslaan. De Ruhhy-absorber elimineert dit fenomeen. Vanaf nu zijn beslagen ramen en spiegels niet langer jouw probleem!   LAVENDEL GEUR – bovendien hebben de korrels een delicate lavendelgeur zal helpen onaangename geuren te elimineren binnenshuis en het geeft het een fris aroma. EFFICIËNT - de korrels gaan 2-5 maanden mee. De duurzaamheid is afhankelijk van de luchtvochtigheid en luchttemperatuur in de kamer. De korrels absorberen vocht, waardoor water op de bodem van de container achterblijft.  SPECIFICATIE  Materiaal: kunststof + calciumchloride granulaatgewicht: 230 g geur: lavendel capaciteit: 500 ml afmetingen: 15 x 10,2 x 8,2 cm gewicht: 276 gram gewicht in verpakking: 335 gram 
"
652,TROTEC Hepa filter TTR 57 E,,Trotec,,,,"29,95",,https://www.bol.com/nl/nl/p/trotec-hepa-filter-ttr-57-e/9200000131915374/,4,"
    Dit HEPA-filter klasse H13 is geschikt voor adsorptiedroger TTR 57 E.
 Voor mensen met een allergie of astma is het gevaarlijk als de lucht is belast met stof en schadelijke stoffen. Huistofallergie behoort tot de allergieën die het slechtst te behandelen zijn. Dit vooral omdat er binnen een woning ontelbare stofbronnen zijn. Stof alleen maakt niet ziek. Maar huisstofmijten gelden als veroorzakers van talrijke klachten. Eén theelepel stof uit de slaapkamer bevat gemiddeld 1.000 huisstofmijten en 250.000 minuscule mijtmestkorrels. Doorgaans ontstaat in woonruimten per dag zes milligram stof per vierkante meter. Het gebruik van een krachtige luchtreiniger is daarom zinvol als u schone, frisse lucht wenst. 
 Maar ook als u geen beperkingen heeft, is de ruimteluchtkwaliteit een wezenlijke factor bij het gezond blijven. Bacteriën en virussen zijn onzichtbaar en zijn overal. Op een bureau bevinden zich bijvoorbeeld honderd keer meer bacteriën dan in de keuken. In de grieptijd kan een kubieke meter lucht maximaal 15.000 deeltjes met griepvirussen bevatten en ook nieuwe virussen, zoals het SARS-CoV-2-virus, verspreiden zich vooral via de ruimtelucht. Op kantoor komen hier de belastingen met schadelijke stoffen door dampen van lijm, viltstiften en toner hier nog bij. 
"
653,"Luchtontvochtiger Slaapkamer - Luchtontvochtiger Badkamer - 12 l/dag, automatische ontvochtiging, 24-uurs timer - Wit",,Merkloos,,,,"430,95",,https://www.bol.com/nl/nl/p/luchtontvochtiger-slaapkamer-luchtontvochtiger-badkamer-12-l-dag-automatische-ontvochtiging-24-uurs-timer-wit/9300000169247770/,5,"
 Krachtige ontvochtiging van 12 liter - De luchtontvochtiger maakt gebruik van compressortechnologie om vochtige lucht snel te absorberen door middel van compressiekoeling en bereikt een dagelijkse wateropvangcapaciteit van maximaal 12 liter. Dit komt 5 tot 10 keer overeen met de efficiëntie van conventionele luchtontvochtigers en garandeert een droog en comfortabel binnenklimaat, zelfs bij langdurig regenachtig weer.   Energiezuinig en aanpasbaar: met een 24-uurs timerfunctie kunt u met deze luchtontvochtiger de ontvochtigingstijd naar wens aanpassen. Of u nu thuiskomt na het werk of zich voorbereidt op een goede nachtrust, het kan actief een droge en gezellige omgeving creëren. Met een stroomverbruik van slechts 0,21 kilowatt per uur draagt hij bij aan een extra niveau van efficiëntie en energiebesparing tijdens zijn comfortabele werking.   Intelligent en comfortabel: uitgerust met een intelligente besturingschip, past deze luchtontvochtiger zich automatisch aan het gewenste vochtniveau aan en elimineert zo de noodzaak van veelvuldige handmatige instellingen. Bovendien heeft het een automatische ontdooifunctie die de levensduur van de machine verlengt en het een rustgevende keuze maakt voor uw intelligente huis.   Continue afvoer en draagbaarheid: Met twee slangopties (60 cm en 20 cm) voor veelzijdig gebruik, biedt deze luchtontvochtiger een continue afvoer en voorkomt zo het veelvuldig legen van de watertank. De draagbaarheid wordt verbeterd door over de vloer te rollen, waardoor u zich moeiteloos in uw woonkamer kunt verplaatsen en schimmelvorming effectief kunt voorkomen. 
"
654,Webber DEQ8 - luchtontvochtiger - 31x19x21cm - tot 20m2 - 1l,,WEBBER,,,,"202,28",,https://www.bol.com/nl/nl/p/webber-deq8-luchtontvochtiger-31x19x21cm-tot-20m2-1l/9300000163317328/,6,"
De Webber DEQ8 luchtontvochtiger is niet zomaar een apparaat, maar een innovatieve oplossing voor het verbeteren van de luchtkwaliteit in jouw huis. Dankzij de geavanceerde PureAir HEPA 11-technologie worden tot 95% van de schadelijke stoffen uit de lucht gezuiverd, waaronder allergenen zoals pollen, mijten, bacteriën en sommige virussen. Dit resulteert in een frisse en gezonde atmosfeer, waarbij allergische reacties en ademhalingsproblemen tot het verleden behoren. 2-in-1 functionaliteit voor ultieme luchtkwaliteit Een opvallend kenmerk van de Webber DEQ8 luchtontvochtiger is de 2-in-1 functie. Dit apparaat combineert effectieve luchtreiniging met krachtige luchtontvochtiging, waardoor je niet alleen de luchtkwaliteit verbetert, maar ook vochtproblemen aanpakt. Het verwijdert overtollig vocht uit de lucht, wat schimmelvorming en condens op ramen voorkomt. Dit draagt bij aan comfortabele en gezonde leefomstandigheden in elke ruimte van jouw huis. De luchtontvochtiger is ontworpen met betrouwbaarheid en energiezuinigheid in gedachten. Het beschikt over een automatisch ontdooisysteem dat ervoor zorgt dat het apparaat zelfs bij lage temperaturen tot 5˚C optimaal presteert. Bovendien kan het worden gebruikt bij een breed temperatuurbereik, variërend van 5˚C tot 50˚C. Met het gebruiksvriendelijke bedieningspaneel kun je moeiteloos de instellingen aanpassen aan jouw persoonlijke behoeften. Bovendien werkt de luchtontvochtiger fluisterstil, waardoor je van een rustige en ontspannen omgeving kunt genieten. Specificaties:  Kleur: Wit Merk: WEBBER Model: DEQ8 Maximale ruimte grootte: 20m2 Tank capaciteit: 1l Hoogte: 31,5 cm Breedte: 19,5 cm Diepte: 21,5 cm Geluidsniveau: tot 41 dB PureAir HEPA 11-luchtreinigingstechnologie Filtratietypes: Voorfilter, koolstoffilter, HEPA11-filter Ingebouwd automatisch ontdooisysteem Afmetingen verpakking: 40x30x25 cm Gewicht: 4 kg 
"
655,Luchtontvochtiger Slaapkamer - Luchtontvochtiger Badkamer - Compact en draagbaar 500 ml - Wit/Blauw,,Merkloos,,,,"120,95",,https://www.bol.com/nl/nl/p/luchtontvochtiger-slaapkamer-luchtontvochtiger-badkamer-compact-en-draagbaar-500-ml-wit-blauw/9300000169181710/,7,"
 VERWIJDERT VOCHT - Perfect voor het verwijderen van vocht en schimmel in uw huis, keuken, badkamer, slaapkamer, caravan, garage of kelder.   Klein en compact: lichtgewicht, compact en draagbaar. Verwijdert tot 250 ml vloeistof per dag met een watertankcapaciteit van 500 ml.   Muisstil en efficiënt: Peltier thermo-elektrische technologie (geen compressor nodig) zorgt voor een zeer stille werking, waardoor het ideaal is voor gebruik in slaapkamers en kantoren.   Automatische uitschakeling: Ontworpen met een automatische uitschakelfunctie, die in werking treedt wanneer de watertank vol is en u laat weten wanneer deze moet worden geleegd. Leeg het waterreservoir met de gebruiksvriendelijke afvoer en plaats het terug in de luchtontvochtiger.   Allergieverlichting: Helpt de luchtkwaliteit te verbeteren door schimmelsporen en huisstofmijt te verwijderen, die veel problemen veroorzaken voor mensen met allergieën en mensen met ademhalingsproblemen. 
"
656,Eeese Hugo + Otto Hepa H13 & Active Carbon Filter (3 stuks),,Eeese,,,,"59,-",,https://www.bol.com/nl/nl/p/eeese-hugo-otto-hepa-h13-active-carbon-filter/9300000147778047/,2,"
 Het HEPA-filter reinigt de lucht en zorgt voor een gezond binnenklimaat.   Geschikt voor de volgende Eeese toestellen:   Eeese Anna 20L - luchtontvochtiger Eeese Anna 25L - luchtontvochtiger Eeese Otto 20L - luchtontvochtiger Eeese Otto 25L - luchtontvochtiger Eeese Hugo 20L - luchtontvochtiger Eeese Hugo 25L - luchtontvochtiger 
"
657,"Luchtontvochtiger Slaapkamer - Luchtontvochtiger Badkamer - 22 W, extra stille kamers tot 100 m³ Luchtontvochtiger Thuis Slaapkamer Woonkamer, enz. Timer Tot 0,3 liter per dag",,Merkloos,,,,"200,95",,https://www.bol.com/nl/nl/p/luchtontvochtiger-slaapkamer-luchtontvochtiger-badkamer-22-w-extra-stille-kamers-tot-100-m-luchtontvochtiger-thuis-slaapkamer-woonkamer-enz-timer-tot-0-3-liter-per-dag/9300000169248012/,3,"
 Heeft u regelmatig last van kortademigheid, verkoudheid, astma of andere klachten die thuis moeilijk te verklaren zijn? Dan is de kans groot dat de luchtvochtigheid in uw woning te hoog is. Een goede luchtvochtigheid moet tussen de 40 en 60% liggen, als deze hoger is, bemerk je meerdere vervelende symptomen: schimmelvorming in huis en ademhalingsproblemen. De Alpina mini-luchtontvochtiger zuigt overtollig water af dat zich ophoopt in het waterreservoir, dat maximaal 800 ml bevat.   Ontvochtigt tot 330 ml per dag.   De mini-luchtontvochtiger werkt met Peltier thermo-elektrische technologie en is daardoor geruisloos. Door het kleine formaat kun je gemakkelijk wisselen tussen de kamers. De luchtontvochtiger heeft een watertank met een inhoud van 800 ml en zuigt onder optimale omstandigheden tot 330 ml water per dag op: hoe hoger de luchtvochtigheid, hoe beter het effect.   Indicatielampje en automatische uitschakeling.   Als u uw mini-luchtontvochtiger wilt gebruiken, plaatst u deze op een vlakke ondergrond en steekt u de stekker in het stopcontact. Het groene indicatielampje gaat branden als u op de aan-knop drukt. Wanneer het waterreservoir vol is, brandt het indicatielampje rood. De mini-luchtontvochtiger schakelt zichzelf uit totdat het waterreservoir leeg is.  Specificaties:  Type: thermo-elektrisch peltier   Maximale luchtstroom: 42 CFM   Ontvochtigingscapaciteit: 330 ml/dag.   Aanbevolen werkomgeving: kamertemperatuur boven 15ºC, vochtigheid meer dan 40%.   Afmetingen: 14,5 x 14,5 x 22,5 cm.   Geluidsniveau: 35 dB.   Capaciteit: 800 ml.   Uitzicht op de volledige waterreserve   Afneembare tank.   Stroomvereisten: 9 V DC, 2,5 A.   Ingang: 100-240V 50/60Hz 1,0A 
"
658,HEPA Filter geschikt voor Dyson Pure,,Merkloos,,,,"45,95",Op voorraad,https://www.bol.com/nl/nl/p/hepa-filter-voor-dyson-pure/9300000042941695/,4,"
Hoge kwaliteit HEPA luchtzuiveringsfilter met actief carbon geschikt voor de Dyson Pure Cool (toren model AM11 en TP00), Dyson Pure Cool Link (toren model TP02 en TP03) en de Dyson Pure Cool Me (BP01) luchtreinigingsventilatoren. Vangt stof en vermindert allergenen in uw  huis. 
"
659,D'Addario PW-HPK-01 luchtbevochtiger & luchtontvochtiger - Accessoire voor gitaren,,D'Addario,,,,"39,-",,https://www.bol.com/nl/nl/p/d-addario-pw-hpk-01-humidipak-maintain-bevochtiger/9300000075968185/,4,"
 Het D'Addario Humidipak automatisch vochtigheidscontrolesysteem PW-HPK-01 is het enige onderhoudsvrije, tweeweg vochtigheidscontrolesysteem voor gitaar. Het zorgt automatisch voor de optimale 45%-50% luchtvochtigheid in uw instrumentbehuizing. Geen handmatige aanpassingen meer op basis van seizoensveranderingen, geografische locaties, temperatuur of andere factoren. 
 Let op: Humidipak is ontworpen voor het herstellen en behouden van de vochtigheid van het instrument. Dit product is niet bedoeld voor ontvochtiging in omgevingen met een hoge luchtvochtigheid! Als uw instrument niet eerder is bevochtigd of zich in een uiterst droge toestand bevindt, wordt aanbevolen om Humidipak Restore te gebruiken om veilig het juiste vochtigheidsniveau voor uw instrument en de bijbehorende koffer te herstellen voordat u het Humidipak-onderhoudssysteem gebruikt. Het gebruik van Maintain-pakketten op een droog instrument/koffer zal de levensduur van de pakketten aanzienlijk verkorten. 
 
"
660,GSE Luchtbevochtiger - Luchtontvochtiger Regelaar - 10A - 1800W - Klimaatregelaar,,GSE,,,,"117,50",,https://www.bol.com/nl/nl/p/gse-luchtbevochtiger-luchtontvochtiger-regelaar-10a-1800w-klimaatregelaar/9300000095453958/,4,"
    Beheer makkelijk de luchtvochtigheid in uw ruimte door dit uitstekende GSE-apparaat te gebruiken om de output van luchtbevochtigers en ontvochtigers te regelen.De GSE-luchtbevochtiger/ontvochtigercontroller is robuust en echt gebruiksvriendelijk, en houdt de zaken eenvoudig met twee draaiknoppen - een voor het instellen van de gewenste vochtigheid en een andere voor het kiezen van de bevochtigings- of ontvochtigingsmodus (evenals de hysterese).Om te ontvochtigen draait u de keuzeknop naar links. De mate waarin deze wordt aangepast, geeft de hysterese aan. Om te bevochtigen draait u de keuzeknop naar rechts. De mate waarin deze wordt aangepast, geeft de hysterese aan.Hysterese bepaalt de “buffer” rond de gewenste luchtvochtigheid voordat uw aangesloten apparatuur daadwerkelijk tot leven komt. Dus als u 50% relatieve luchtvochtigheid (RV) met 10% hysterese wilt, mag de RV tot 5% (10% van 50) afwijken voordat uw luchtbevochtiger/ontvochtiger wordt geactiveerd.De GSE-controller voor luchtbevochtigers/ontvochtigers werkt buitengewoon goed. Iedereen die de luchtvochtigheid in de kweekruimte probeert te optimaliseren, moet dit product zeker overwegen.

Beschermingsklasse : IP54
Digitale sensor geleverd met 4 meter kabel

"
661,"Luchtontvochtiger Slaapkamer - Luchtontvochtiger Badkamer - 1,2 L luchtontvochtiger (20 m²) kasten, Slaapkamers, Badkamers en andere kleine Kamers, met Automatische Uitschakelfunctie, Twee bedrijfsmodi en 7 Kleuren LED-licht - Zwart",,Merkloos,,,,"165,95",,https://www.bol.com/nl/nl/p/luchtontvochtiger-slaapkamer-luchtontvochtiger-badkamer-1-2-l-luchtontvochtiger-kasten-slaapkamers-badkamers-en-andere-kleine-kamers-met-automatische-uitschakelfunctie-twee-bedrijfsmodi-en-7-kleuren-led-licht-zwart/9300000169210196/,6,"
 Effectieve ontvochtiging: onze luchtontvochtiger maakt gebruik van halfgeleidercondensatietechnologie en is geschikt voor gebruik in slaapkamers, keukens, badkamers, kasten, caravans en andere kamers. Het houdt de luchtvochtigheid onder de 45% en zorgt voor een effectieve ontvochtiging.   7 kleuren LED-licht: onze luchtontvochtiger heeft 7 kleuren LED-verlichting die een ontspannen en romantische sfeer creëren. De kleuren kunnen ook vast ingesteld worden. Zo creëer je een aangename omgeving en beheer je tegelijkertijd de luchtvochtigheid in je huis.   Stille en snelle ontvochtiging: onze luchtontvochtiger heeft twee werkmodi, snelle modus (30-40 dB) en stille modus (minder dan 30 dB). De snelle modus is effectief in het verminderen van de luchtvochtigheid, en de stille modus heeft geen last tijdens het slapen of studeren.   Compact en draagbaar: onze luchtontvochtiger is compact en draagbaar en is perfect voor gebruik in verschillende ruimtes, zoals keuken, badkamer,slaapkamer, kelder en garage. Bovendien kun je hem gemakkelijk vervoeren en op verschillende plekken gebruiken.   Voorkomt schimmel en vocht: als de luchtvochtigheid meer dan 50% bedraagt, kunnen er nare geurtjes en schimmel ontstaan. Onze luchtontvochtiger start automatisch bij een luchtvochtigheid boven de 45% om vocht op te vangen en frisse lucht af te voeren, zodat u kunt genieten van een gezonde en comfortabele omgeving. 
"
662,"Wenko Luchtontvochtiger 27,5 Cm X 16 Cm Polyester Grijs",,Wenko,,"5,0",1,"20,-",,https://www.bol.com/nl/nl/p/wenko-luchtontvochtiger-27-5-cm-x-16-cm-polyester-grijs/9200000026061430/,2,"
    Wenko luchtontvochtiger Voorkom van binnen beslagen of bevroren autoruiten met dit herbruikbare kussen. Het kussen zorgt ervoor dat het vocht wordt opgenomen. Hiermee voorkomt het kussen daarnaast ook schimmel, roest en onaangename geurtjes. Naast voertuigen is dit kussen ook te gebruiken op andere vochtige plekken zoals garages of kelders.Specificaties:Kleur: grijsGeslacht: unisexMateriaal: polyesterAfmetingen: 27,5 x 3,5 x 16 cm (L x B x H)Inhoud: 1 liter
  "
663,Wenko Navulling Luchtontvochtiger 12 Cm Wit Polystyreen,,Wenko,,,,"15,99",,https://www.bol.com/nl/nl/p/wenko-navulling-luchtontvochtiger-12-cm-wit-polystyreen/9300000020245198/,1,"
    Wenko navulling luchtontvochtigerMet deze navulling kan jij jouw luchtontvochtiger weer bijvullen. Zo zorg je dat jouw ruimte altijd droog blijft. Deze navulling kan je tot drie maanden gebruikenSpecificaties:Kleur: witMateriaal: polystyreenGewicht: 1000 gramRuimte: tot 80 m³Lengte: 12 cm
  "
664,Luchtontvochtiger Slaapkamer - Luchtontvochtiger Badkamer - 300 ML/dag - 1L Mini-kamerontvochtiger Luchtontvochtiger met schakelbare kleuren LED-licht,,Merkloos,,,,"137,95",,https://www.bol.com/nl/nl/p/luchtontvochtiger-slaapkamer-luchtontvochtiger-badkamer-300-ml-dag-1l-mini-kamerontvochtiger-luchtontvochtiger-met-schakelbare-kleuren-led-licht/9300000169277053/,7,"
 【Verbeterde dubbele halfgeleiders】 De Czoele-ontvochtiger heeft dubbele halfgeleider-koeltechnologie die een dubbel ontvochtigingseffect creëert. Verwijdert veilig en efficiënt vocht in ruimtes tot 20㎡.   【Draagbare luchtontvochtiger】5,9*4,7*9,4in Het compacte formaat maakt deze kleine kastontvochtiger flexibel voor waar u maar wilt. Perfect voor kleine ruimtes met een hoge luchtvochtigheid, zoals keuken, badkamer, slaapkamer, camper, kleine aanhangwagen, kast, kast, muur en raam.   【Ultrastil】 De fluisterstille luchtontvochtiger is slechts ongeveer 40 dB, werkt met het Peltier-principe en zonder compressor om ervoor te zorgen dat de luchtontvochtigers stil werken. Hij is klein en licht, je kunt hem gemakkelijk van kamer naar kamer dragen. Het is veel comfortabeler en gezonder voor u en uw gezin.   【Ontdooifunctie】Bij gebruik in de winter is het onvermijdelijk dat zich ijs vormt. Het is raadzaam om de ontdooimodus te openen als de temperatuur lager is dan 15 ° C. In deze modus stopt de luchtontvochtiger elke 30 minuten gedurende 5 minuten met werken om condensatie en ijsvorming in de werkomgeving met lage temperaturen te voorkomen.   【Automatische uitschakeling en kleurrijk nachtlampje】 Wordt geleverd met een watertank van 1000 ml die snel en effectief tot 1000 ml (34 oz, temperatuur: 86 °F Vochtigheid: 80% RH) vocht per dag uit de lucht kan verwijderen. Wanneer de watertank Als het reservoir vol is, gaat het automatisch uit. Het lampje brandt rood als het reservoir leeg moet. En het reservoir is heel eenvoudig te installeren. Verwijder en vervang het in de luchtontvochtiger. 
"
665,Mobiele airconditioner 8000 BTU / 2 kW met afstandsbediening - koeling en luchtontvochtiging,,Merkloos,,"5,0",1,"269,95",,https://www.bol.com/nl/nl/p/mobiele-airconditioner-8000-btu-2-kw-met-afstandsbediening-koeling-en-luchtontvochtiging/9300000038674941/,7,"
Deze mobiele 3-in-1 airconditioner met een koelcapaciteit van 8000 BTU / 2,05 kW is een echte kanjer! Eindelijk weer heerlijk slapen tijdens de warme zomerdagen.
De airco is van alle gemakken voorzien: wielen, handige handvatten, 2 standen voor de ventilator, een LED scherm en afstandsbediening.
Laag energieverbruik
Verantwoord koelen doe je met deze efficiënte mobiele airco met energielabel A. De airco brengt direct verkoeling waar je het nodig hebt, is tegelijkertijd duurzaam en compact.
Verschillende functies
De airconditioner is in 3 verschillende standen in te stellen en biedt jou zo meerdere opties.
Koelen 
Binnen deze functie wordt de airco ingesteld als ventilator en wordt er in verschillende te selecteren snelheidsstanden koude lucht door de kamer verspreid. Daarnaast kies je met de ingebouwde timer gemakkelijk een tijd van automatische uitschakeling. Zo beheer je optimaal het binnenklimaat.
Luchtontvochtiging
Alleen even ontvochtigen? In de ontvochtigingsmodus is het apparaat in staat maximaal 0,79 liter vocht per uur aan de lucht te onttrekken.
Ventileren
Wilt je liever even ventileren, dan is de ventilatiemodus de uitkomst. Met 2 verschillende ventilatorsnelheden ervaart u snel een aangenaam briesje.
Optimaal gebruiksgemak
De airconditioner is met de bijgeleverde afstandsbediening gemakkelijk vanuit je luie stoel te bedienen. Zo schakel je bijvoorbeeld de digitale timer in en kun jij overal en altijd het klimaat in huis beheren.
Praktisch & efficiënt
Dankzij de handige wielen en het compacte formaat is deze airco overal met gemak te plaatsen.
Volledige set
Jouw nieuwe 8000 BTU airco wordt in één compleet pakket geleverd, handig toch! Zo ontvang je alles wat je nodig hebt in één aankoop en ben je nooit meer op zoek naar losse onderdelen.
Jouw voordelen
Koelvermogen van 8000 BTU / 2,05 kW
Koelen, ontvochtigen en ventileren in één
Compleet pakket
Duurzaam in energieverbruik: energielabel A
Compact & praktisch in gebruik
Automatische stopfunctie & timer
Wasbaar luchtfilter, gemakkelijk te verwijderen
Mogelijkheid tot continue afvoer van condensaat in de ontvochtigingsmodus
Inhoud
Airconditioner
Uitlaatslang
Slangaansluiting
Raam-kit
Raam-kit adapter
Afstandsbediening
Energielabel A
Engelstalige handleiding
Specificaties
Stroom: AC220-240V/50Hz
Capaciteit koeling: 8000 BTU / 2,05 kW (ca. 14-20m²)
Opgenomen vermogen bij het koelen: 0,785 kW
Mobiliteit: verrijdbaar
Geluidsniveau: 65 dB
Koelmiddel: R290
Lengte lucht-afvoerslang: 1,5 mtr
Diameter lucht-afvoerslang: 150 mm
Afstandsbediening: ja
Ontvochtigingscapaciteit: max. 0,79 liter/uur
Luchtcirculatie: max 320 m³/uur
Afmetingen airco: L280xB330xH680 mm
Netto gewicht: 18 kg.
Let op: zonder slang geen afkoeling!
Laat u niet misleiden door foto's van airconditioners waarbij het lijkt of het gebuik zonder slang mogelijk is. Er is namelijk altijd minstens één slang nodig, ook al is deze niet zichtbaar!Waarom is deze slang nodig? Heel eenvoudig:
Professionele airconditioners voor thuis zijn altijd compressor-koudemachines. Deze genereren tegelijkertijd zowel kou als warmte. De gegenereerde kou is in de ruimte gewenst, de warmte echter niet. Daarom moet deze met een slang naar buiten worden afgevoerd.
"
666,"Luchtontvochtiger Slaapkamer - Luchtontvochtiger Badkamer - Luchtontvochtiger en Luchtreinige - 10L/24h Luchtontvochtiger Prestaties Kamergrootte max.35m2, Kamerontvochtiger Stille Luchtreiniger",,Merkloos,,,,"397,95",,https://www.bol.com/nl/nl/p/luchtontvochtiger-slaapkamer-luchtontvochtiger-badkamer-luchtontvochtiger-en-luchtreinige-10l-24h-luchtontvochtiger-prestaties-kamergrootte-max-35m2-kamerontvochtiger-stille-luchtreiniger/9300000169208593/,5,"
 10 LITRESS - De luchtontvochtiger is uitgerust met een hoogwaardige luchtcompressor en verlaagt efficiënt de vochtigheid en het water tot 10 liter per dag. Of het nu thuis, op kantoor of in de kelder is, het verwijdert effectief water uit de lucht, vermindert de luchtvochtigheid en beschermt uw muren en meubels tegen waterschade.   Real-time weergave en controle van de vochtigheid - De luchtontvochtiger heeft een zichtbaar digitaal display dat de relatieve vochtigheid (RV) in procenten weergeeft. Het ondersteunt het instellen van een doelvochtigheid van 30% tot 80%, zodat u de kamer gezellig kunt houden of gewoon uw temperatuur kunt aanpassen. ontvochtigingsbehoeften.   Ultrastille nachtmodus - Met een werkgeluid van minder dan 35 dB werkt hij stiller in uw kamer dan de geluiden in bibliotheken, dus zodra u de nachtmodus activeert, kunt u genieten van rustige en ongestoorde nachten.   Watertank van 2,3 liter en afvoerleiding - Behalve een watertank van 2,3 liter met grote capaciteit, die zichzelf volledig afsluit bij nadering, heeft de luchtontvochtiger ook een afvoerslang die kan worden gebruikt om water direct af te voeren.   Slimme en draagbare luchtontvochtiger voor thuis - Vocht is overal, daarom is deze draagbare luchtontvochtiger een must-have. Hij wordt geleverd met handgrepen aan elke kant, zodat u hem gemakkelijk kunt verplaatsen en overal kunt plaatsen waar extra vocht de lucht verstopt! 
"
667,"Luchtontvochtiger Slaapkamer - Luchtontvochtiger Badkamer - 12 liter per dag met een watertank van 2,5 liter tegen vocht, schimmels en condensatie - Wit",,Merkloos,,,,"365,95",,https://www.bol.com/nl/nl/p/luchtontvochtiger-slaapkamer-luchtontvochtiger-badkamer-12-liter-per-dag-met-een-watertank-van-2-5-liter-tegen-vocht-schimmels-en-condensatie-wit/9300000169197410/,6,"
 SUPER STIL EN ENERGIE-EFFICIËNT: De luchtontvochtiger maakt gebruik van een zeer efficiënte compressor met een laag geluidsniveau en een minimaal energieverbruik. Met de automatische sensor kun je de luchtvochtigheid in de kamer monitoren en wordt de elektrische luchtontvochtiger uitgeschakeld zodra de gewenste luchtvochtigheid is bereikt.   VERWIJDERT 12 LITER WATER PER DAG: Deze elektrische luchtontvochtiger heeft een extra grote watertank met een inhoud van 2,5 liter en absorbeert tot 12 liter water uit de lucht. In tegenstelling tot andere huisontvochtigers absorbeert hij snel en efficiënt vocht om uw huis fris en droog te houden.   LED-DISPLAY MET 5 INSTELLINGEN: Deze energiezuinige luchtontvochtiger voor thuis en badkamer heeft een gebruiksvriendelijk LED-display met 3 standen (continu, automatisch en relatief). De compacte luchtontvochtiger heeft 2 snelheden (hoog/laag) zodat je altijd de perfecte luchtvochtigheid voor jouw huis vindt (tussen 30-90%).   COMPACT & DRAAGBAAR: Deze draagbare kleine luchtontvochtiger beschikt over 4 wielen. Wanneer je hem niet gebruikt, kun je hem gemakkelijk verplaatsen of opbergen. Het moderne en strakke design van de automatische luchtontvochtiger past in ieder huis of kantoor. Meegeleverd wordt een lange slang van 1 meter voor een continue afvoer.   PERFECTE BESCHERMING: Een goede luchtontvochtiger voor thuis biedt de beste bescherming tegen schimmels, raamcondensatie en ander vocht in huis. Door water uit de lucht te absorberen verbetert de vochtverwijderaar effectief de kwaliteit van de lucht om u heen. Iedereen in uw gezin kan beter ademen en gezond blijven. 
"
668,Aigostar  Freeze Smart 33TUU  - Mobiele airco- 3 in 1  airco -Luchtontvochtiger - Airconditioning met Wifi en App - 9000 BTU - Wit,,Aigostar,,"4,0",7,"229,99",,https://www.bol.com/nl/nl/p/aigostar-freeze-smart-33tuu-mobiele-airco-3-in-1-airco-luchtontvochtiger-airconditioning-met-wifi-en-app-9000-btu-wit/9300000017489392/,12,"
    Onmisbaar op warme dagen is de Aigostar Freeze Smart 33TUU mobiele airco. Hij is in elke ruimte (waar een raam bevindt) te gebruiken.Deze mobiele airco is gemakkelijk te verplaatsen naar een ruimte waar jij behoefte hebt aan verkoeling. Het enige wat je nodig hebt is een stopcontact en een raam, waarbij de warme lucht door middel van de afvoerslang, naar buiten wordt afgevoerd.Behalve voor verkoeling kun je de Aigostar Freeze Smart 33TUU mobiele airco ook gebruiken als ventilator of als ontvochtiger. Daarmee is deze 3-in-1 mobiele airco handig.De ruimte vooraf verkoelen, zodat je tijdens warme dagen binnenkomt in een verkoelde ruimte. Dat kan met onze Aigostar Freeze Smart 33TUU. Download the gratis AigoSmart app en bedien de airconditioning op afstand.Voordelen van de Aigostar Freeze Smart 33TUU airconditioner： 3 in 1: airconditioner, ventilator en ontvochtiger Koelcapaciteit 9000 BTU  Koelt tot 16°C door krachtige binnenkern 24-uur timer en automatische uitschakeltimer Op afstand te bedienen via de Smart-app Inclusief afstandsbediening met LED-display 2 windsnelheidsaanpassingen om aan verschillende behoeften te voldoen Swing en slaapmodus automatische geheugenherstart na stroomuitval automatische uitschakeling als de tank vol is R290-gas als efficiënt koelmiddel: Milieuvriendelijk, energiezuinig, energiebesparend Inclusief een set met installatieaccessoiresKoelen, ontvochtigen en venitlerenHet kan worden gebruikt als airconditioning, ventilator en ontvochtiger. Met een koelcapaciteit van 9000 BTU koelt de kamer snel af. Wanneer het al snel benauwd aanvoelt kan de ontvochtigingsfunctie ingeschakeld worden om het overtollige vocht in de kamer weg te nemen.Smart-functieDe ruimte vooraf verkoelen, zodat je tijdens warme dagen binnenkomt in een verkoelde ruimte. Dat kan met onze Aigostar Freeze Smart 33TUU. Download the gratis AigoSmart app en bedien de airconditioning op afstand.GebruikDeze mobiele airco is gemakkelijk te verplaatsen naar een ruimte waar jij behoefte hebt aan verkoeling. Het enige wat je nodig hebt is een stopcontact en een raam, waarbij de warme lucht door middel van de afvoerslang, naar buiten wordt afgevoerd.Makkelijk te verplaatsenDe airconditioner wordt geleverd met wieltjes en handgrepen, zodat hij makkelijk te verplaatsen is. Hij is in elke kamer te gebruiken en is na de zomerperiode weer makkelijk te verplaatsen als je het wilt opbergen.Slaapmodus voor een goede nachtrustIn de slaapmodus kan de airconditioner zorgen voor een comfortabele luchtstroom en het geluidsniveau verminderen, zodat je op je gemak slaapt zonder dat je, je zorgen hoeft te maken dat de temperatuur te warm of te koud is. Het heeft ook een 24-uurs timingfunctie. Je kunt de tijd instellen om de airconditioning automatisch te laten starten en uitschakelen. Dit is handig als de airconditioning niet de hele nacht aan hoeft te staan.Efficiënt en ecologischHet gebruik van R290-gas als koelmiddel heeft minder invloed op de opwarming van de aarde. Energie-efficiëntieklasse is A, meer energiebesparing.Kenmerken

Koelcapaciteit: 9000 BTU
Geluidsniveau: <65 dB
24-uur timer
Gewicht: 24 kg
Met afstandsbediening
Bedienbaar via de AigoSmart app

Inbegrepen

Aigostar Freeze Smart 33TUU mobiele airco
Handleiding
Raamafdichtingskit (Schuifraam)
Afstandsbediening
Afvoerslang

Let op: Premium raamafdichtingskit voor andere ramen los te bestellen.
"
669,IWH 019909 Luchtontvochtiger Zwart,,IWH,,,,"16,49",,https://www.bol.com/nl/nl/p/iwh-luftentfeuchter-500g-mehrweg-luchtontvochtiger-zwart/9300000124635893/,6,"
IWH 019909 Luchtontvochtiger Zwart  De IWH auto-luchtontvochtiger kan worden gebruikt voor de bestrijding van vocht in de auto, caravan of bestelwagen. De auto-luchtontvochtiger trekt luchtvochtigheid aan en slaat deze op. Door de vochtigheidsindicator ziet u snel of de luchtontvochtiger weer moet worden opgeladen. Dit gebeurt het snelst bij 600 W gedurende 6 minuten in de magnetron. U kunt de ontvochtiger ook in de zon of op de verwarming drogen. De teksten voor dit artikel zijn automatisch vertaald.   Features      Highlights  Wederbruikbaar   Druipt niet   Met indicator     Leveromvang  Luchtontvochtiger 500 g meerweg 
"
670,"Luchtontvochtiger Slaapkamer - Luchtontvochtiger Badkamer - Luchtontvochtiger en Luchtreiniger - Luchtreiniger met filterfunctie 0,5 l watertank ontvochtigingscapaciteit 0,22 l/24h zwart",,Merkloos,,,,"115,95",,https://www.bol.com/nl/nl/p/luchtontvochtiger-slaapkamer-luchtontvochtiger-badkamer-luchtontvochtiger-en-luchtreiniger-luchtreiniger-met-filterfunctie-0-5-l-watertank-ontvochtigingscapaciteit-0-22-l-24h-zwart/9300000169263154/,6,"
 De ultracompacte Peltier-luchtontvochtiger TTP 1 E droogt ruimtes tot 5 m² betrouwbaar met een ontvochtigingscapaciteit van ca. 220 ml   Zeker bij gevoelige vochtplekken is de Peltier luchtontvochtiger echter in goede handen. Kleding- en schoenenkasten, voedselopslagruimtes of zelfs kleine sanitaire ruimtes zonder raam, de TTP 1 E bevrijdt van overtollig vocht of vermindert condensatie en voorkomt zo schimmelvorming.   De werking van de luchtontvochtiger TTP 1 E is niet alleen energiezuinig geoptimaliseerd, maar dankzij het Peltier-element fluisterstil verstoort het apparaat de nachtrust niet   Elk apparaat werkt totdat een sensor aangeeft dat het waterreservoir van 500 ml vol is en schakelt vervolgens automatisch uit. Zodra het reservoir geleegd is, wordt de werking automatisch hervat.   Dankzij de geïntegreerde luchtreinigingsfunctie filtert de TTP 1 E dierenharen, pluisjes en stof uit de lucht. 
"
671,"Super Set 2022, 7-delig, natuurlijke luchtontvochtiger luchtverfrisser met bamboe actieve kool voor huis  woning auto",,eRhino,,,,"69,-",,https://www.bol.com/nl/nl/p/super-set-2022-7-delig-natuurlijke-luchtontvochtiger-luchtverfrisser-met-bamboe-actieve-kool-voor-huis-woning-auto/9300000135197124/,5,"

100% natuurlijk met eRhino – elimineert geuren, bacteriën, schadelijke stoffen, schimmelsporen, allergenen, en chemische stoffen zoals benzeen, ammoniak en formaldehyde. Draag natuurlijk bij aan de bescherming van je gezin en je eigen bescherming.
Gratis bij: 7 kleine metalen haken gratis voor het eenvoudig ophangen van je eRhino luchtverfrisser zak
Verfris de lucht in je huis en draag bij aan een weldadig en gezond binnenklimaat.
Verhoog de veiligheid ook in je auto. Door de actieve en 100% natuurlijke ontvochtiging van de lucht, voorkomen eRhino luchtontvochtigingszakken beslagen schijven en verhogen daarmee je zicht. Dit is een belangrijk pluspunt voor je veiligheid en de veiligheid van andere weggebruikers. Verder behoren muffe geuren in de auto tot het verleden.
Frisse en ontvochtigde lucht in de koelkast en andere kasten: de biologische geurneutralisator tegen ongewenste geuren in koelkasten en muffe kasten is effectief en universeel inzetbaar. Het natuurlijke antibacteriële alternatief voor standaard luchtreinigers en luchtverfrissers die gedeeltelijk schadelijke chemicaliën, sprays of parfums bevatten.
Herbruikbaar, duurzaam en milieuvriendelijk – leg de 100% natuurlijke luchtverfrisser maandelijks 1 tot 2 uur in de zon. Daardoor worden de schadelijke stoffen uit de 100% biologisch afbreekbare bamboeactieve kool opgelost en de eRhino luchtreiniger en luchtontvochtiger ontvouwen hun volledige werking gedurende 2 jaar.
Dankzij het oog en de metalen haken kunnen de zakken comfortabel in huis en in de auto worden opgehangen.

"
672,"Luchtontvochtiger Slaapkamer - Luchtontvochtiger Badkamer - 25L luchtontvochtiger App-compatibel Wifi-bediening, slim, kamerontvochtiger tot 70m² HEPA-filter Luchtzuiveringsfunctie Digitaal vochtigheidsdisplay - Wit",,Merkloos,,,,"740,95",,https://www.bol.com/nl/nl/p/luchtontvochtiger-slaapkamer-luchtontvochtiger-badkamer-25l-luchtontvochtiger-app-compatibel-wifi-bediening-slim-kamerontvochtiger-tot-70m-hepa-filter-luchtzuiveringsfunctie-digitaal-vochtigheidsdisplay-wit/9300000169208134/,5,"
 EFFICIËNTE DEMOTIFICATIE: Verwijdert effectief vocht uit de lucht. Vermindert schimmels, mijten en allergische moleculen. Dagelijkse ontvochtigingscapaciteit tot 25 l/dag. Geschikt voor appartement, kelder, garage, stacaravan, ziekenhuis, hotel, bibliotheek, documentruimte, tentoonstellingsruimte, musea enz.   SLIMME APP-CONTROLE: Bekijk in één oogopslag het vochtigheidsniveau van uw kamers en stel een doelvochtigheid in. Je hebt de keuze uit 3 functieniveaus: automatisch, turbo en continue ontvochtiging. Bedien alles heel eenvoudig via je mobiele telefoon met de gratis app.   GROTE WATERTANK: De watertank met een extra hoge inhoud van 4,5 liter schakelt automatisch uit zodra deze vol is. Met de meegeleverde afvoerslang kun je het apparaat bovendien de hele dag laten draaien terwijl het water wegloopt.   CONTINU BEVOCHTIGD: Voer het afgescheiden water af met de optionele slang, geschikt voor hoge luchtvochtigheid in de kamer, bijvoorbeeld op opeenvolgende regenachtige dagen.   VEEL FUNCTIES: Zeer effectief HEPA en actieve kool 2 in 1 antibacterieel voorfilter; Een ingebouwde negatieve ionengenerator, die ook de lucht kan verversen wanneer deze ontvochtigd is; Timingfunctie voor automatische uitschakeling op de reguliere tijd; Hygrostaat - functie voor een bepaalde tijd vochtigheidswaarde; Overloopbeveiliging bij volle watertank. 
"
673,Olimpia Splendid Aquaria S1 24 P Luchtontvochtiger 100 m³ 515 W Wit,,Olimpia Splendid,,,,"279,-",,https://www.bol.com/nl/nl/p/olimpia-splendid-aquaria-s1-24-p-luchtontvochtiger-100-m-515-w-wit/9300000059181170/,11,"
Olimpia Splendid Aquaria S1 24 P Luchtontvochtiger 100 m³ 515 W Wit  De AQUARIA S 24 P is een krachtige ontvochtiger voor grote omgevingen. Hij combineert een hoog ontvochtigingsvermogen, het effect van het drievoudige luchtfilter (stof-, actieve kool- en HEPA-filter), het comfort van een gemotoriseerde klep en het comfort van touchscreen en afstandsbediening (dankzij geïntegreerde WiFi). De teksten voor dit artikel zijn automatisch vertaald.   Features  Temperatuur- en vochtigheidsweergave timer 1 - 24 uur signaal voor volle tank halftransparante uittrekbare tank met handgreep snelheid: Laag / gemiddeld / hoog automatische ontdooivoorziening kinderblokkering transportwielen    Highlights  Ontvochtigingsvermogen: 24 liter / 24 uur   Voor omgevingen tot 100 m3   Inhoud tank: 5 liter     Leveromvang  Aquaria S1 24 P Gebruiksaanwijzing 
"
674,"Luchtontvochtiger uil, luchtontvochtiger, polyester, 15 x 18 x 9 cm, turquoise 800096",,Wenko,,,,"18,89",,https://www.bol.com/nl/nl/p/luchtontvochtiger-uil-luchtontvochtiger-polyester-15-x-18-x-9-cm-turquoise-800096/9300000103281725/,6,"

Trekt het vocht aan als een magneet
Kan per toepassing tot 85% van het eigen gewicht aan water opnemen
Zorgt voor een aangenaam woonklimaat en beschermt tegen schimmel
Inhoud: 1 kg
Afmetingen (B x H x D): 15 x 18 x 9 cm

"
675,Navaris auto ontvochtiger 2 stuks - Pak van 2x 500g auto luchtontvochtiger kussen - Voorkomt condensatie op autointerieur en voorruit - Herbruikbaar,,Navaris,,,,"18,05",,https://www.bol.com/nl/nl/p/navaris-auto-ontvochtiger-2-stuks-pak-van-2x-500g-auto-luchtontvochtiger-kussen-voorkomt-condensatie-op-autointerieur-en-voorruit-herbruikbaar/9300000071287685/,7,"
 NOOIT MEER BESLAGEN RUITEN: Voorkom condensatie aan de binnenkant van je voorruit op koude dagen. Deze kussens verwijderen overtollig vocht uit je auto, waardoor je minder lang hoeft te wachten tot condensatie van je voorruit is verdwenen. EENVOUDIG: Met de set van 2 autoontvochtigers verklaar je de oorlog aan vocht en beslagen ruiten in je auto! Zet een kussen gewoon op het dashboard en de tweede op de achterbank. De vochtpads doen de rest en maken je leven een stuk eenvoudiger. VEELZIJDIG: Gebruik deze vochtvangers ook op andere plekken, zoals in vrachtwagens, campers en caravans. De kussens zijn ook effectief in kledingkasten en bergingen waar vocht voor problemen zorgt. ABSORBERENDE KLEI: Elk kussen is gevuld met 500 g smectietklei, een sterk absorberend mineraal silicaat. Dit kleimateriaal is uitstekend in het bestrijden van vocht, schimmel en condensatie. VOLLEDIG HERBRUIKBAAR: Als de luchtontvochtigers na een paar maanden hun functie lijken te verliezen, is het tijd om de kussens te drogen. Dit kan eenvoudig in 10-15 minuten in de oven op 80°C. Hierna zijn de ontvochtigers weer klaar voor gebruik!    Bespaar tijd en voorkom vervelende condens in je auto. De herbruikbare autoontvochtigers van Navaris helpen overtollig vocht te verwijderen, zodat je ramen tijdens het rijden helder, veilig en mistvrij blijven.  ABSORBEERT VOCHT  De autoontvochtigers de ideale oplossing voor beslagen ramen bij koud en vochtig weer. De herbruikbare kussens zuigen het vocht uit de lucht waardoor je autoruiten minder snel condens krijgen.  MILIEUVRIENDELIJK  De kussens zijn gevuld met een natuurlijke klei en kunnen tussentijds drogen in de oven of op de verwarming. Hierdoor kan je de ontvochtigers eindeloos blijven gebruiken!  OOK VOOR THUIS  De luchtontvochtigers zijn niet alleen geschikt voor auto's, maar kunnen ook in de garage, appartement, badkamer, kast of berging gebruikt worden.  SPECIFICATIES  Materiaal: smectietklei Afmetingen: 19 x 14 x 10 cm Gewicht: 1144 g  LEVERINGSOMVANG  2x auto ontvochtiger 
"
676,Wenko Navulling Luchtontvochtiger Orange 12 Cm Wit Polystyreen,,Wenko,,,,"19,99",Op voorraad,https://www.bol.com/nl/nl/p/wenko-navulling-luchtontvochtiger-orange-12-cm-wit-polystyreen/9300000020245128/,0,"
    Wenko navulling luchtontvochtigerMet deze navulling kan jij jouw luchtontvochtiger weer bijvullen. Zo zorg je dat jouw ruimte altijd droog blijft. Deze navulling kan je tot drie maanden gebruikenSpecificaties:Kleur: witMateriaal: polystyreenGewicht: 1000 gramRuimte: tot 80 m³Lengte: 12 cmGeur: Orange
  "
677,"Electrolux AFDCAR4, Luchtreinigerfilter",,AEG,,,,"62,62",,https://www.bol.com/nl/nl/p/electrolux-afdcar4-luchtreinigerfilter/9300000073843716/,4,"
    Electrolux AFDCAR4. Aantal per verpakking: 1 stuk(s)
  "
678,VCTparts Luchtontvochtiger 1kg Herbruikbaar Grijs,,VCTparts,,,,"23,95",Op voorraad,https://www.bol.com/nl/nl/p/vctparts-luchtontvochtiger-1kg-herbruikbaar-grijs/9300000140784978/,7,"
Luchtontvochtiger 1kg Herbruikbaar Grijs Onze vochtvreter is de perfecte oplossing voor het verwijderen van vocht in uw auto. Gemaakt van hoogwaardige materialen, absorbeert deze vochtvreter snel en effectief vocht en onaangename geurtjes, waardoor uw auto fris en schoon blijft. Met een compact formaat is deze vochtvreter eenvoudig op te bergen en te verplaatsen, zodat u hem overal in uw auto kunt gebruiken. Dankzij de handige en duurzame verpakking, kunt u de vochtvreter hergebruiken en bespaart u op de lange termijn geld. Het is ook makkelijk te gebruiken: u hoeft alleen het verpakkingszakje open te maken en de vochtvreter in uw auto te plaatsen. Wacht niet langer en bescherm uw auto tegen vocht en onaangename geuren met onze efficiënte en betrouwbare vochtvreter. Kenmerken - Polyesterzak gevuld met silicagel welke tot ongeveer 500g vocht absorbeert- Biedt bescherming tegen schimmel, vocht en muffe geurtjes- Herbruikbaar- Universeel te gebruiken- Met zelfklevend klittenband- Voor gebruik in caravans, campers, auto's, bestelauto's en boten- Ook ideaal voor kasten, bedden-goed, tuinhuisjes, serres, etc.- Afmeting: 31x14,5x3,5cm
"
679,Wenko Luchtontvochtiger/ Deurstopper 12 X 13 Cm Polyester Grijs,,Wenko,,,,"17,99",Op voorraad,https://www.bol.com/nl/nl/p/wenko-luchtontvochtiger-deurstopper-12-x-13-cm-polyester-grijs/9300000020245401/,1,"
    Wenko luchtontvochtiger/ deurstopperEffectieve luchtontvochtiger, ideaal voor woon- en slaapkamers. Voorkomt beslagen ruiten en creëert een fijn klimaat. Beschermt tegen onaangename geurtjes, vochtgerelateerde schimmel, schimmelvlekken en roest. Hij zier er ook nog eens leuk uit als deurstopper!Specificaties:Kleur: grijsMateriaal: polyesterAfmetingen: 12 x 10 x 13 cm (LxBxH)Gewicht: 1000 gram
  "
680,Luchtontvochtiger Slaapkamer - Luchtontvochtiger Badkamer - Extreem stil - 600 ml/dag - Geschikt voor thuis/slaapkamer en kantoor - Wit,,Merkloos,,,,"215,95",,https://www.bol.com/nl/nl/p/luchtontvochtiger-slaapkamer-luchtontvochtiger-badkamer-extreem-stil-600-ml-dag-geschikt-voor-thuis-slaapkamer-en-kantoor-wit/9300000169181580/,8,"
 Wilt u uw meubels beschermen, allergenen bestrijden en vrijer kunnen ademen? De luchtontvochtiger pakt vochtproblemen bij de bron aan! Dit handige apparaat verwijdert moeiteloos vocht uit uw interieur en creëert een gereinigde omgeving. Met een optimaal binnenklimaat verdwijnen klamme ruimtes, vochtplekken en schimmels als sneeuw voor de zon en voelt u zich weer fris en gezond.   Extra krachtig Deze luxe luchtontvochtiger verwijdert tot 600 ml vocht per dag en tovert je kamer om in een goed gereinigde oase. Het apparaat is geschikt voor gebruik met een oppervlakte tot 20 m² en functioneert daardoor perfect in vrijwel elke omgeving. Ruim reservoir De luchtontvochtiger is voorzien van een groot waterreservoir van 600 ml, zodat u de opvangbak niet steeds hoeft te legen. Is de tank vol? Geen probleem, het apparaat schakelt zichzelf automatisch uit.   Eenvoudig de tank leegmaken en klaar! Eenvoudig in gebruik Dankzij de bediening met één knop en het minimalistische ontwerp kunt u de luchtvochtigheid in een mum van tijd verlagen. Hoe gemakkelijk kan het zijn! Uw nieuwe aanwinst is volledig te bedienen met slechts één simpele knop. De luchtontvochtiger is van klein formaat waardoor je het apparaat gemakkelijk uit het zicht plaatst. Kies je voor een kledingkast, kantoor, kinderkamer of kelder?   Deze multifunctionele luchtontvochtiger kun je gebruiken waar je maar wilt. Uw voordelen ✓ Stil in gebruik ✓ Ruim reservoir van 600 ml ✓ Gemakkelijk te verplaatsen ✓ Voorzien van de nieuwste technieken ✓ Laag energieverbruik Fluisterstil Deze reinigingsluchtontvochtiger wordt aangedreven door een muisstille motor en reinigt ongemerkt de lucht in uw kamer. Zo kun je het apparaat in de baby- of slaapkamer plaatsen zonder het nachtritme te verstoren en ook op kantoor kun je de luchtontvochtiger goed gebruiken.   Extra krachtig: verwijdert tot 600 ml per dag   Ruim reservoir: de luchtontvochtiger is voorzien van een ruim waterreservoir van 600 ml zodat je het reservoir niet steeds hoeft te legen   Optimaal gebruiksgemak: éénknopsbediening en minimalistisch design   Fluisterstil: Een muisstille motor zorgt ervoor dat hij ook geschikt is voor slaapkamers en kantoren 
"
681,Luchtontvochtiger - Ontvochtigt 10L per Dag - Was-droog Functie - Wit,,,,,,"308,99",,https://www.bol.com/nl/nl/p/luchtontvochtiger-ontvochtigt-10l-per-dag-was-droog-functie-wit/9300000160718791/,5,"
Zorg voor een comfortabel en gezond binnenklimaat met deze luchtontvochtiger. Deze krachtige luchtontvochtiger is ontworpen om overtollig vocht uit de lucht te verwijderen, waardoor schimmel, muffe geuren en vochtproblemen effectief worden aangepakt. Creëer een aangename leefomgeving in huis en geniet van de voordelen van een optimale luchtvochtigheid.   Kenmerken: Efficiënte Ontvochtiging:Deze luchtontvochtiger biedt uitstekende ontvochtigings prestaties, waardoor de luchtvochtigheid in de ruimte effectief wordt verminderd. Gezondere leefomgeving: Door het verminderen van vocht en het voorkomen van schimmelvorming helpt deze ontvochtiger bij het handhaven van een gezonde en comfortabele omgeving in huis. Stil en energiezuinig: Het geavanceerde ontwerp zorgt ervoor dat de ontvochtiger stil en energiezuinig werkt, waardoor je ongestoord kunt genieten van een betere luchtkwaliteit. Groot Waterreservoir:De ontvochtiger is voorzien van een ruim waterreservoir dat gemakkelijk te legen is, waardoor je niet constant hoeft bij te vullen. Veelzijdig Gebruik: Geschikt voor verschillende ruimtes zoals slaapkamers, woonkamers, kelders en meer, en draagt bij aan een algeheel comfortabeler woonklimaat.   Met deze luchtontvochtiger verbeter je niet alleen de luchtkwaliteit, maar ook het welzijn van jou en je huisgenoten. Geniet van een gezonder binnenklimaat en verminder vochtproblemen .  Investeer in je leefomgeving en welzijn met deze luchtontvochtiger. Bestel nu en geniet van een comfortabelere en gezondere sfeer in huis! Voeg toe aan winkelwagen en adem opgelucht!  
"
682,"Luchtontvochtiger Slaapkamer - Luchtontvochtiger Badkamer - 2,5 L voor campers, Slaapkamers, Badkamers en andere kleine ruimtes, met Automatische Uitschakelfunctie, twee Bedieningsmodi en 7 Kleuren LED-licht (grijs)",,Merkloos,,,,"265,95",,https://www.bol.com/nl/nl/p/luchtontvochtiger-slaapkamer-luchtontvochtiger-badkamer-2-5-l-voor-campers-slaapkamers-badkamers-en-andere-kleine-ruimtes-met-automatische-uitschakelfunctie-twee-bedieningsmodi-en-7-kleuren-led-licht/9300000169196175/,6,"
 Effectieve ontvochtiging: onze luchtontvochtiger maakt gebruik van halfgeleidercondensatietechnologie en is geschikt voor gebruik in slaapkamers, keukens, badkamers, kasten, caravans en andere kamers. Het houdt de luchtvochtigheid onder de 45% en zorgt voor een effectieve ontvochtiging.   7 kleuren LED-verlichting: Onze luchtontvochtiger heeft 7 kleuren LED-verlichting die een ontspannen en romantische sfeer creëren. Ook de kleuren kunnen aangepast worden. Zo creëer je een aangename omgeving en beheer je tegelijkertijd de luchtvochtigheid in je huis.   Stille en snelle ontvochtiging: onze luchtontvochtiger heeft twee werkmodi, snelle modus (30-40 dB) en stille modus (minder dan 30 dB). De snelle modus is effectief in het verminderen van de luchtvochtigheid, en de stille modus heeft geen last tijdens het slapen of studeren.   Compact en draagbaar: onze luchtontvochtiger is compact en draagbaar, perfect voor gebruik in verschillende ruimtes, zoals keuken, badkamer, slaapkamer, kelder en garage. Bovendien kun je hem gemakkelijk vervoeren en op verschillende plekken gebruiken.   Voorkomen van schimmel en vocht: als de luchtvochtigheid boven de 50% komt, kunnen er nare geurtjes en schimmelvorming ontstaan. Onze luchtontvochtiger verzamelt vocht en laat frisse lucht ontsnappen, zodat u kunt genieten van een gezonde en comfortabele omgeving. 
"
683,"Luchtontvochtiger Slaapkamer - Luchtontvochtiger Badkamer - 700 ml Elektrische Luchtontvochtiger Ultrastille Peltier-Technologie, Energiebesparing en Hrendement, Luchtontvochtiger voor Thuis",,Merkloos,,,,"292,95",,https://www.bol.com/nl/nl/p/luchtontvochtiger-slaapkamer-luchtontvochtiger-badkamer-700-ml-elektrische-luchtontvochtiger-ultrastille-peltier-technologie-energiebesparing-en-hrendement-luchtontvochtiger-voor-thuis/9300000169263472/,7,"
 【Laag stroomverbruik en gedempt】 De efficiëntie van deze elektrische luchtontvochtiger bedraagt slechts 23 W, ultralaag stroomverbruik, stelt u in staat hulpbronnen te besparen terwijl u geavanceerde ultrastille Peltier-technologie gebruikt, thermo-elektrische koeling (geen compressor), dus er is bijna geen geluid   Efficiënt: Deze luchtontvochtiger heeft een groot waterreservoir van 700 ml, waarin een grote hoeveelheid opgenomen vocht kan worden opgeslagen. Het kan tot 300 ml/dag vocht uit de lucht absorberen bij 86 ° F en RH 80%, en de werkefficiëntie is zeer hoog   【Automatische uitschakeling】 Deze draagbare mini-ontvochtiger wordt automatisch uitgeschakeld wanneer het waterreservoir vol is om te voorkomen dat het waterreservoir overloopt. Er is ook een waarschuwingsmodus met geel licht om u eraan te herinneren dat het waterreservoir bijna vol is   【Eenvoudig schoon te maken】 Naast de kenmerken van hoog rendement en energiebesparing is deze mini-luchtontvochtiger ook zeer eenvoudig te reinigen. De watertank is eenvoudig te demonteren, wat het schoonmaken eenvoudiger maakt   【Toepasselijke ruimte】Deze mini-luchtontvochtiger is geschikt voor gebruik in kleine ruimtes van 10-15 vierkante meter, zoals huizen, keukens, slaapkamers, woonkamers, leeszalen, kantoren, garages, subkamers, vloeren of kleinere kamers, enz. 
"
684,"Luchtontvochtiger Slaapkamer - Luchtontvochtiger Badkamer - 1100 ml Elektrische Luchtontvochtiger Ultrastil 7-Kleuren LED-verlichting uit Bescherming Draagbare kleine Luchtontvochtiger voor Badkamer, Kelder, woonkamer",,Merkloos,,,,"190,95",,https://www.bol.com/nl/nl/p/luchtontvochtiger-slaapkamer-luchtontvochtiger-badkamer-1100-ml-elektrische-luchtontvochtiger-ultrastil-7-kleuren-led-verlichting-uit-bescherming-draagbare-kleine-luchtontvochtiger-voor-badkamer-kelder-woonkamer/9300000169247548/,5,"
 【Hoge efficiënte ontvochtiging】 Deze luchtontvochtiger maakt gebruik van verkoelende halfgeleidercondensatietechnologie, die tot 300 ml overtollig vocht per dag kan absorberen (30 °C, 80% luchtvochtigheid). Het kan oppervlakken tot 28 vierkante meter bestrijken. Dankzij deze luchtontvochtiger kunnen we afscheid nemen van overtollig vocht in ruimtes met een hoge luchtvochtigheid.     【Watertank van 1100 ml】Deze luchtontvochtiger is uitgerust met een grote watertank van 1100 ml, die urenlang continu kan ontvochtigen en de watertank hoeft niet vaak te worden geleegd. Wanneer het waterreservoir vol is, schakelt het apparaat automatisch uit en herinnert de zoemer u eraan (drie pieptonen).     【Sterke en slaapmodus】De luchtontvochtiger ondersteunt twee verschillende modi om aan uw behoeften te voldoen. De sterke modus kan op vol vermogen de luchtvochtigheid snel verlagen waardoor je een comfortabel lichaamsgevoel krijgt, de slaapmodus maakt zeer weinig geluid en is zonder licht, wat geschikt is om te lezen en te slapen.     【7 LED-lampjes en 1 knopvergrendeling】 De luchtontvochtiger heeft een ingebouwd nachtlampje op de positie van het waterreservoir, dat afwisselend zeven kleuren kan veranderen, de gewenste lichtkleur met één knop kan vergrendelen of alle lichten kan uitschakelen.     【Draagbaar ontwerp】De draagbare luchtontvochtiger is klein van formaat en heeft een handvat aan de bovenkant, zodat hij gemakkelijk overal naartoe kan worden verplaatst. Het is geschikt voor het drogen van kleding, slaapkamers, badkamers, woonkamers, kelders, enzovoort. 
"
685,Luchtontvochtiger Slaapkamer - Luchtontvochtiger Badkamer - tot 40 L/D + Digitaal + WiFi,,Merkloos,,,,"815,95",,https://www.bol.com/nl/nl/p/luchtontvochtiger-slaapkamer-luchtontvochtiger-badkamer-tot-40-l-d-digitaal-wifi/9300000169205643/,5,"
 Ontvochtigingscapaciteit tot 40 liter per dag + WLAN-bediening    Elektrische hygrostaat (LED) voor het regelen en aanpassen van de gewenste luchtvochtigheid + Duidelijk display incl. Geef de huidige temperatuur, huidige luchtvochtigheid en statusoverzicht weer!   Timerfunctie, om de automatische werkingstijd te selecteren tussen 1-24 uur + Geschikt voor continubedrijf/continu ontvochtigen!   Twee niveaus van ventilator/luchtcirculatie (zwak + sterk) + automatische professionele ontdooifunctie!   Uitgerust met een zeer efficiënte roterende compressor (een van de krachtigste compressoren op de markt) + energieverbruik van slechts max. 495 watt!   Vochtigheidsregeling van 30% tot 90% + automatische functie, d.w.z. het apparaat schakelt automatisch uit incl. ventilator na het bereiken van de gewenste luchtvochtigheid en gaat ook automatisch weer aan als hij vochtiger wordt!   Afneembare condenswatertank + aansluitmogelijkheid van een slang voor eindeloze afvoer van het condenswater (slang wordt meegeleverd)!   Werking waarschuwingslampje + Volledig onderhoudsvrij / Geen aparte of vernieuwde koelvloeistof nodig (gesloten circuit)!   Zeer eenvoudig te verplaatsen dankzij draaggreep en zwenkwielen + Wasbaar antibacterieel luchtfilter + Modern design en sfeervol uiterlijk! 
"
686,"Luchtontvochtiger Slaapkamer - Luchtontvochtiger Badkamer - 1000 ml elektrische LED-vochtvanger, draagbaar en stil voor slaapkamer, badkamer, automatisch ontdooien / uitschakelen - Wit",,Merkloos,,,,"125,95",,https://www.bol.com/nl/nl/p/luchtontvochtiger-slaapkamer-luchtontvochtiger-badkamer-1000-ml-elektrische-led-vochtvanger-draagbaar-en-stil-voor-slaapkamer-badkamer-automatisch-ontdooien-uitschakelen-wit/9300000169197857/,6,"
 Verbeterde halfgeleider: Peltier-technologie: Onze luchtontvochtiger beschikt over halfgeleider-Peltier-koeltechnologie, die een groter ontvochtigingseffect produceert. Verwijdert effectief en veilig vocht in ruimtes tot 20 m².   【Ontdooimodus】Bij gebruik bij lagere temperaturen of in de winter ontstaat onvermijdelijk ijs. Wij raden u aan de ontdooimodus te openen als de temperatuur lager is dan 15 ° C. In deze modus stopt de luchtontvochtiger elke 30 minuten gedurende 5 minuten om condensatie en bevriezing te voorkomen in een werkomgeving met lage temperaturen.   Stille en automatische uitschakeling: onze energiezuinige luchtontvochtigers laten een zacht gezoem horen bij een geluidsniveau van slechts 40-45 decibel. Wanneer het water vol is, piept de luchtontvochtiger automatisch om op te werken, terwijl de indicator rood wordt en begint te knipperen, wat een herinnering is dat het waterreservoir vol is en geleegd moet worden.   Kleurrijk LED-licht: Na het inschakelen van de luchtontvochtiger wordt het indicatielampje weergegeven in een cyclus van zeven kleuren. Druk kort op de lichtknop om over te schakelen naar rood, groen en blauw. De LED-modus wordt voor de vierde keer uitgeschakeld. Heldere kleuren verlichten de watertank en zijn tevens een prachtig nachtlampje voor je slaap- of slaapkamer.   Draagbare watertank van 1000 ml: compact en lichtgewicht, deze huisontvochtiger heeft een grote watertank van 1000 ml die tot 300 ml water per dag (30°C, 80% RH) uit de lucht kan verwijderen. Deze luchtontvochtiger is klein maar krachtig en perfect om vocht uit de lucht in uw slaapkamer, badkamer, keuken of kantoor te absorberen en condensatie door ramen en schimmel te voorkomen. 
"
687,"Luchtontvochtiger Slaapkamer - Luchtontvochtiger Badkamer - 3 Liter Cool Mist Top-Fill, 23dB Stille werking (SilentSpray Tech) Aromaverspreider voor babykamer 32 uur looptijd Automatische diffuser 7 kleuren Nachtlampje",,Merkloos,,,,"115,95",,https://www.bol.com/nl/nl/p/luchtontvochtiger-slaapkamer-luchtontvochtiger-badkamer-3-liter-cool-mist-top-fill-23db-stille-werking-aromaverspreider-voor-babykamer-32-uur-looptijd-automatische-diffuser-7-kleuren-nachtlampje/9300000169263007/,8,"
 【3-in-1 luchtbevochtiger voldoet aan alles wat u verwacht】Cool Mist-luchtbevochtiger + aromatherapie + sfeerlicht, koop één keer om aan alles te voldoen wat u verwacht! Wees de beste metgezel in uw slaapkamer.   Unieke SilentSprayTM, ongestoorde slaap: de luchtbevochtiger past de display-uit-slaapmodus en de exclusieve SilentSprayTM-technologie toe om een geluidsniveau van minder dan 23 dB te garanderen. De meest gevoelige baby's kunnen ook de hele nacht diep en gezond slapen.    【100% gecertificeerde veiligheid】 Gecertificeerd volgens alle ETL-, FCC-, CE- en UKCA-normen wereldwijd, geeft de luchtbevochtiger al uw gezinsleden de 0-risico- en BPA-vrije bevochtiging. Bovendien elimineert de automatische uitschakeltechnologie alle droogloop- of brandrisico's. Daarom is het zelfs perfect voor baby's!   【Eenvoudig bij te vullen en schoon te maken】 Het topfill-ontwerp dat de afneembare tank combineert met de 15,5 cm bredere opening, voorkomt dat uw tafel nat wordt, waardoor het vullen en schoonmaken net zo eenvoudig is als een fluitje van een cent.    【Verzachtend aroma】 Je hoeft nu geen extra geurverspreider te kopen! Voeg gewoon 2-6 druppels etherische olie toe aan het ingebouwde kussentje en de geur vult de kamer langzaam met je favoriete geur, waardoor het een wonderland wordt voor yoga, mindfulness en meditatie. 
"
688,"Luchtontvochtiger Slaapkamer - Luchtontvochtiger Badkamer - 2,8L huishoudelijke luchtontvochtiger, luchtontvochtiger met automatische uitschakeling en 7-kleuren LED-licht - Zwart",,Merkloos,,,,"287,95",,https://www.bol.com/nl/nl/p/luchtontvochtiger-slaapkamer-luchtontvochtiger-badkamer-2-8l-huishoudelijke-luchtontvochtiger-luchtontvochtiger-met-automatische-uitschakeling-en-7-kleuren-led-licht-zwart/9300000169201221/,5,"
 【Efficiënte luchtontvochtiger】In tegenstelling tot andere elektrische luchtontvochtigers op de markt, maakt de verbeterde luchtontvochtiger gebruik van dubbele condensatieplaattechnologie voor een stille werking en een ontvochtigingscapaciteit tot 1L/D (30℃ RH90%). Het helpt u de luchtkwaliteit te verbeteren en een gezondere, comfortabelere leefomgeving te creëren.   Luchtontvochtiger met afvoerslang: de luchtontvochtiger wordt geleverd met een watertank van 2,8 liter en een afvoerslang van 1 meter, zodat het apparaat in de badkamer of keuken geplaatst kan worden zonder dat u deze dagelijks hoeft te legen. Het is perfect om onbedoeld morsen van water te voorkomen en maakt het veilig en praktisch als u niet thuis bent!   【Twee werkmodi kelderontvochtiger】De kelderontvochtiger is ontworpen met hogesnelheidsmodus en slaapmodus. De 2 modi kunnen indien nodig worden geactiveerd. Hoge snelheidsmodus, krachtige snelheid, kan de luchtvochtigheid snel en effectief verminderen. De nachtmodus (slaapmodus) werkt op lage snelheid en is stil (<30db) terwijl je slaapt, zodat je rustig kunt slapen.   【Kleurrijk nachtlampje Mini-luchtontvochtiger】De slaapkamerontvochtiger heeft 7 veranderende lampen die stabiel in uw favoriete kleur kunnen worden gezet en kunnen als nachtlampje worden gebruikt om een zachte en romantische slaapsfeer voor u te creëren.   【Creëer een comfortabele omgeving】Deze draagbare luchtontvochtiger is perfect voor kamers met minder badkamers, kleine kelders, slaapkamers, garages, kasten, keukens. Volgens onderzoek zal een luchtvochtigheid van meer dan 50% ongemak of andere gezondheidsproblemen veroorzaken. De luchtontvochtiger kan de luchtvochtigheid onder de 45% houden, vocht verzamelen en frisse lucht afgeven, zodat u een gezonde en comfortabele omgeving krijgt. 
"
689,"Wenko Luchtontvochtiger 1,6 Liter 16,5 X 15,7 Cm Grijs/blauw",,Wenko,,,,"49,69",,https://www.bol.com/nl/nl/p/wenko-luchtontvochtiger-1-6-liter-16-5-x-15-7-cm-grijs-blauw/9300000020245426/,0,"
    Wenko luchtontvochtigerDeze luchtontvochtiger beschermt tegen schimmel. De ontvochtiger verwijdert overtollig vocht en voorkomt zo condenswatervorming en slechte geurtjes in ruimtes met een grootte van maximaal 80 m³.Specificaties:Kleur: grijs, blauwMateriaal: kunststofGewicht: 1000 gramInhoud: 1,6 litersRuimte: tot 80 m³Afmetingen: 16,5 x 15,7 x 16,6 cm (LxBxH)
  "
690,Wenko Navulling Luchtontvochtiger 11 Cm Wit Polystyreen,,Wenko,,,,"16,33",,https://www.bol.com/nl/nl/p/wenko-navulling-luchtontvochtiger-11-cm-wit-polystyreen/9300000020245409/,0,"
    Wenko navulling luchtontvochtigerMet deze navulling kan jij jouw luchtontvochtiger weer bijvullen. Zo zorg je dat jouw ruimte altijd droog blijft. Deze navulling kan je tot drie maanden gebruikenSpecificaties:Kleur: witMateriaal: polystyreenGewicht: 1000 gramRuimte: tot 80 m³Diameter: 11 cm
  "
691,Korona 82000 airco & luchtontvochtiger & ventileren - 25m2,,Korona,,,,"359,99",,https://www.bol.com/nl/nl/p/korona-82000-3-in-1-mobiele-airco-25m2/9300000002299279/,14,"
De Korona mobiele airconditioner is geschikt voor ruimtes tot 25m2 kan overal ingezet worden waar verkoeling nodig is. Dankzij het mooie en compacte design neemt de airco zo min mogelijk ruimte in en verplaats je hem eenvoudig. Het verkoelende effect is direct merkbaar en biedt dan ook verkoeling op warme zomerdagen. Bovendien verbruikt de airconditioner weinig energie. Aanpassen aan je eigen voorkeurenHet koelvermogen van de Korona 8200 Airconditioner is 7000 BTU en 2.06 kW, waarmee de airco geschikt is voor een ruimte tot 60 m3. De luchtstroom die de airco produceert is tot 320 m3 per uur. Je kunt natuurlijk zelf de temperatuur instellen van 16⁰C tot 31⁰C. Omdat de airconditioner drie functies heeft, kun je de airco ook gebruiken voor het ontvochtigen van de lucht of als ventilator. Ontvochtiger & ventilatorBij het gebruik als ventilator zijn er twee verschillende snelheidsstanden mogelijk. Daarnaast kun je ervoor kiezen om de airco te gebruiken om de lucht te drogen, met een ontvochtiging van 0.8 liter per uur. De watertank heeft een volume van 0.5 liter, en als deze vol zit geeft de airconditioner dit zelf aan. Met deze functie heb je dus geen last meer van vochtige en drukkende lucht! Bovendien is droge lucht gemakkelijker te koelen, waardoor de temperatuur in de kamer nog sneller naar beneden gaat. AfstandsbedieningDe bediening van de Korona airconditioner is heel eenvoudig. Je krijgt er een afstandsbediening bij, waarmee je de mobiele airco heel gemakkelijk op afstand bedient. Met de digitale timer kun je ook instellen dat de airco zichzelf in- of uitschakelt. Hierdoor kun je op alle momenten het klimaat in huis beheren, ook als je slaapt of vanuit je luie stoel! Praktisch in gebruikJe verplaatst de mobiele airco heel eenvoudig dankzij de wieltjes, en je kunt hem dus gebruiken waar je maar wilt. Het compacte formaat zorgt ervoor dat de airco niet teveel plaats inneemt in je kamer, en bovendien heb je weinig ruimte nodig om hem na de zomer weer op te bergen.Ook verkrijgbaar in een groter model: Korona 8200; voor ruimtes tot 34m2 Wat vind je in de doos:Airconditioner, uitlaatslang van 1.5 meter, afstandsbediening, raamafdichtingskit, afvoerslang, handleiding   Belangrijkste specificaties:  792 Watt vermogen 2060 Watt koelvermogen 7000 BTU Geluidsniveau ongeveer 65DB Geschikt voor ruimtes tot 60m3 – 25m2 3-in-1: koeling, ventilator, ontvochtiger Instelbare temperatuur van 16⁰C tot 31⁰C Slaapmodus: Zorgt voor een optimale nachtrust Koelmiddel:R290 Verbruik: ca 0,8 kW/u Efficiëntiewaarde (EER): 2,6. 2 jaar garantie  Inhoud verpakking:  82000 Korona  LCD-afstandsbediening (exclusieve batterijen). 1,5 m uitlaatslang met adapter Klimaatzeil. Raamschuifhouder. drainageslang. handleiding 
"
692,PINGI SR-700M Luchtontvochtiger Wit,,Pingi ®,,,,"17,49",,https://www.bol.com/nl/nl/p/pingi-sr-700m-luchtontvochtiger-wit/9300000035497658/,5,"
PINGI SR-700M Luchtontvochtiger Wit  Schoenendroger uitbreiding voor Dry again™ Masterkit PR2 700M Effectieve vochtopname Snelle regeneratie Geen druppels Voor hergebruik De teksten voor dit artikel zijn automatisch vertaald. Technische spec.: Gevaarlijke stoffen GHS, P-zinnen: P 103: alvorens te gebruiken, het etiket lezen., P 102: buiten het bereik van kinderen houden., P 101: bij het inwinnen van medisch advies, de verpakking of het etiket ter beschikking houden. · Kleur (specifiek): Wit   Features      Highlights  Effectieve vochtopname   Snelle regeneratie   Geen druppels     Leveromvang  null 
"
693,"actief koolfilter voor DryFy 20 & 30 luchtontvochtigers 20x23,1 cm",,Klarstein,,,,"38,99",,https://www.bol.com/nl/nl/p/actief-koolfilter-voor-dryfy-20-30-luchtontvochtigers-20x23-1-cm/9300000039558539/,3,"
Verbeter merkbaar de ruimtelijke lucht door de inzet van een actief koolfilter in uw DryFy 20 of DryFy 30 luchtontvochtigers. Het vervangende filter herstelt de luchtzuiverende capaciteit van uw apparaat zoals die bij aankoop was. Onvermoeid bindt hij geurtjes en vluchtige stoffen en verwijdert ze uit de lucht. Daaronder valt, naast sigarettenrook en etensluchtjes, vooral ozon, dat zeker in de zomerperiode heel belastend voor de bloedsomloop kan zijn. Eigenschappen  Zuivere lucht: filtert geurtjes en vluchtige stoffen, bijv. sigarettenrook, etensluchtjes en ozon  Past! Geschikt voor de Klarstein DryFy 20 & 30 luchtontvochtigers Omvang Levering:   1 x Actief koolfilter  Afmetingen:   Afmetingen: 20 x 0,5 x 23,1 cm (BxHxD) Gewicht: ca. 20 g  Artikelnr: 10032669
  "
694,"Master luchtontvochtiger DH92, 80ltr/24uur",,Master,,,,"4376,99",,https://www.bol.com/nl/nl/p/luchtontvochtiger-dh92-220v-80ltr-24uur/9200000035901268/,0,"
    Een professionele luchtontvochtiger van het merk Master type DH92. Deze ontvochtiger met langdurige stalen behuizing heeft een hoog rendement en is voorzien van grote wielen en een handvat om eenvoudig te verplaatsen. De ontvochtiger is eenvoudig te bedienen en heeft een volledig automatische controle met ingebouwde hygrostaat. De DH92 werkt ook perfect bij barre omstandigheden en ontdooit automatisch door hete gassen. De grote watertank van 11 liter schakelt automatisch uit zodra deze is volgelopen. De ontvochtiger is voorzien van een luchtfilter en wordt veel toegepast in de bouw, bij restauratie werkzaamheden, herstel na waterschade, bescherming van stoomcondensatie, na overstromingen in gebouwen, appartementen en kelders, en in opslagruimten met producten die gevoelig zijn voor vocht zoals houten en ijzeren voorwerpen, papier-en lederwaren, of elektronische apparatuur.
  "
695,Dakta® soldeerdampafzuiging 150W lasdampafzuiger 332 m³/h mini desktop soldeerdampafzuiging 5800rpm 3-traps filter-soldeerdampafzuiging voor soldeerstationlaswerkzaamheden,,Dakta,,,,"457,99",,https://www.bol.com/nl/nl/p/dakta-soldeerdampafzuiging-150w-lasdampafzuiger-332-m-h-mini-desktop-soldeerdampafzuiging-5800rpm-3-traps-filter-soldeerdampafzuiging-voor-soldeerstationlaswerkzaamheden/9300000172895885/,12,"
    150 W krachtige zuigkracht: Haal diep adem tijdens het solderen met de Dakta®-soldeerdampafzuiger! De krachtige motor van 150 W produceert een krachtige luchtstroom van 332 m³/u om rook en schadelijke dampen snel te verwijderen. Nooit meer schadelijke rook inademen - uw welzijn staat voorop!99,99% zuiveringspercentage: onze soldeerdampafzuiger is uitgerust met een drielaags filtersysteem dat 99,99% van de schadelijke gassen en kleine verontreinigingen effectief filtert. Zeg vaarwel tegen ongewenste schadelijke dampen, poeders, ijzerresten en meer!Slimme filterwaarschuwing: geen giswerk meer over wanneer het filter moet worden vervangen! Met een filterlevensduur van maximaal 10.000 uur hoeft u deze niet vaak te vervangen. En wanneer het tijd is om over te stappen, krijg je een vriendelijke pieptoon. Minder gedoe, meer gemak!Stille werking: Stil en comfortabel werken is belangrijk. Onze lasrookreiniger werkt met een maximaal volume van slechts 70 dB en zorgt voor een rustige en prettige werkomgeving. De flexibele slang van 1,2 m is in elke gewenste hoek te verstellen.Compact en draagbaar: het compacte formaat van 265 x 265 x 430 mm is perfect voor kleine soldeerapparaten en doe-het-zelfprojecten, ruimtebesparend en draagbaar. 4 hoogwaardige zwenkwielen (waarvan 2 vergrendelbaar) zorgen ervoor dat de soldeerrookabsorber soepel glijdt, veelzijdig inzetbaar voor rookverwijdering, laserrookverwijdering, schoonheidssalons, printen en lassen.
  "
696,Meaco Platinum20 HEPA Filter (3 stuks),,Meaco,,,,"39,90",,https://www.bol.com/nl/nl/p/meaco-platinum20-hepa-filter/9300000140803408/,0,"
 Meaco Platinum20 HEPA filter (3stuks)   Zeer effectief tegen zeer kleine stofdeeltjes Filtert PM10 fijnstof uit de lucht Eenvoudig te verwisselen  HEPA-filter voor de luchtontvochtiger Meaco Platinum 20  HEPA-filters voor de nieuwe Platinum energiezuinige luchtontvochtigers van Meaco bieden uitstekende mogelijkheden voor luchtzuivering. Ze zijn zeer effectief tegen zeer kleine stofdeeltjes en deeltjes in de lucht die zich in de binnenlucht bevinden.   Als u allergische reacties ervaart van schimmels, sporen, pollen, stof, haren van huisdieren, geuren, rook, huisstofmijt, enz. dan helpt een origineel HEPA-filter. Dit HEPA-filter verwijdert zeer kleine deeltjes kleiner dan 10 micron uit de lucht (PM10).   Het gebruik van een HEPA-filter zal de ontvochtigingsprestaties enigszins verminderen en het effect op het stroomverbruik zal een kleine toename zijn. Verander je hepafilter Wanneer de kleur verandert van wit naar grijs/donkergrijs.   Geschikt voor Meaco Platinum 20 Luchtontvochtiger   
"
697,Stadler Form - Oskar & Karl - Filter - 4 pack voor Oskar & Karl luchtbevochtigers,,Stadler Form,Stadler Form Oskar,"4,4",37,"28,-",,https://www.bol.com/nl/nl/p/stadler-form-oskar-karl-filter-4-pack-voor-oskar-karl-luchtbevochtigers/9200000052089636/,4,"
    Deze filter set bestaat uit vier cassettes die zorgen voor een optimale bevochtiging. Dankzij de anti-bacteriële formule wordt het water gezuiverd van bacteriën. De filters zijn gemaakt van platen- en textielvezels. Voor een optimle werking van de Oskar of de Karl dienen de filters elke 2 a 3 maanden vervangen te worden. Geschikt voor alle Oskar & Karl modellen: Oskar little, Oskar, Oskar big, Karl en Karl big
  "
698,Stadler Form - Oskar & Karl - Filter - 8 pack voor Oskar & Karl luchtbevochtigers,,Stadler Form,,"4,6",9,"49,-",,https://www.bol.com/nl/nl/p/stadler-form-oskar-karl-filter-8-pack-voor-oskar-karl-luchtbevochtigers/9200000123944176/,2,"
    Deze filter set bestaat uit acht cassettes die zorgen voor een optimale bevochtiging. Dankzij de anti-bacteriële formule wordt het water gezuiverd van bacteriën. De filters zijn gemaakt van platen- en textielvezels. Voor een optimle werking van de Oskar of de Karl dienen de filters elke 2 a 3 maanden vervangen te worden. Geschikt voor alle Oskar & Karl modellen: Oskar little, Oskar, Oskar big, Karl en Karl big
  "
699,Clean Air Optima® Reiniger & Ontkalker - Geschikt voor Luchtbevochtigers en Luchtwassers,,Clean Air Optima,,"4,6",5,"14,90",,https://www.bol.com/nl/nl/p/clean-air-optima-reiniger-ontkalker-geschikt-voor-luchtbevochtigers-en-luchtwassers/9300000071029891/,0,"
 - Makkelijk en veilig in gebruik - Werkt zeer snel & grondig - Zacht voor materialen - Geurloos - Biologisch afbreekbaar- 250 ml fles  
 Clean Air Optima® Reiniger & OntkalkerDe Clean Air Optima® Reiniger & Ontkalker voor het hygiënisch reinigen en grondig ontkalken van onze luchtbevochtigers en luchtwassers is ontwikkeld in samenwerking met het op dit gebied toonaangevende Zwitserse bedrijf Düring AG, merkhouder van Durgol®. Clean Air Optima® Reiniger & Ontkalker is eenvoudig toepasbaar, materiaalvriendelijk, veilig, geurloos en werkt snel en grondig. Bovendien is dit hoogwaardige product biologisch afbreekbaar.Na intensieve research en grondige tests is een ideaal reinigings- en ontkalkingsproduct voor onze luchtbevochtigers en luchtwassers ontstaan, dat exclusief onder het merk Clean Air Optima® in Europa wordt vermarkt. Het research doel was om een product te maken dat zowel hygiënisch reinigt als grondig ontkalkt om de levensduur van de luchtbevochtiger te verlengen en een optimale bevochtigingshygiëne te garanderen.Om een betere reiniging, optimale bevochtigingshygiëne en een langere levensduur van de luchtbevochtiger en luchtwasser te kunnen verzekeren, raden wij regelmatig gebruik van onze Clean Air Optima® Reiniger & Ontkalker aan. Na gebruik zijn de apparaten hygiënisch schoon en direct weer klaar voor gebruik.De brede toepassing van de Clean Air Optima® Reiniger & OntkalkerDe Clean Air Optima® Reiniger & Ontkalker kan ook worden gebruikt voor het ontkalken van andere huishoudelijke apparaten met uitzondering van keukenapparaten voor voedselbereiding en drankbereiding.IngrediëntenHet product bevat anorganische zuren, onderhoudsmiddel en hulpstoffen. Biologisch afbreekbaar. 
 
"
700,Stadler Form -  Water cube 2-pack - luchtbevochtigers/luchtreinigers-Reiniger,,Stadler Form,,,,"24,99",Op voorraad,https://www.bol.com/nl/nl/p/stadler-form-water-cube-2-pack-luchtbevochtigers-luchtreinigers-reiniger/9300000098923738/,3,"
    De water cube is een gepatenteerde Zwitserse technologie: De water cube voorkomt de groei van bacteriën en ziektekiemen doormiddel van continue afgifte van zilver-ionen. Het wordt onmiddellijk geactiveerd bij contact met water en ideaal voor alle luchtbevochtigers en luchtreinigers van Stadler Form. Voor een optimaal resultaat dient de water cube circa elk jaar te worden vervangen.
  "
701,"Clean Air Optima® Waterfilter W-02 - Geschikt voor Luchtbevochtiger CA-604B Smart, CA-604W Smart, CA-605B Smart en CA-605T Smart",,Clean Air Optima,,"5,0",1,"18,90",,https://www.bol.com/nl/nl/p/clean-air-optima-waterfilter-w-02-geschikt-voor-luchtbevochtiger-ca-604b-smart-ca-604w-smart-ca-605b-smart-en-ca-605t-smart/9300000120842136/,2,"
 • Zorgt voor het ontkalken, reinigen en verzachten van het water• Geschikt voor luchtbevochtiger CA-604B Smart, CA-604W Smart, CA-605B Smart en CA-605T SmartWaterfilter W-02De Clean Air Optima® luchtbevochtiger CA-604B Smart, CA-604W Smart, CA-605B Smart en CA-605T Smart is uitgerust met een waterfilter dat zorgt voor het ontkalken, reinigen en verzachten van het leidingwater en daardoor kalkvorming en slecht geurend water voorkomt.Het waterfilter kan 2x per week gereinigd worden onder stromend leidingwater.Het waterfilter W-02 vermindert de kalkaanslag in het water en de ongewenste uitstoot van kalkdeeltjes in de ruimte.Effectief gedurende één tot drie maanden, afhankelijk van de waterhardheid. 
"
702,Venta Hygiënemiddel 500ml,,Venta,,"4,7",13,"22,99",Op voorraad,https://www.bol.com/nl/nl/p/venta-hygienemiddel-500ml/9200000025432014/,5,"
    Met het Venta Hygiënemiddel 500 ml zorg je ervoor dat de Venta luchtbehandelingapparaten optimaal werken. Het middel beschermt het apparaat tegen schadelijke stoffen en bacteriën.Geschikt voor onderstaande Venta modellen:Venta LW15Venta LW25Venta LW45Venta LW80
"
703,Stadler Form -  Water cube - luchtbevochtigers/luchtreinigers-Reiniger,,Stadler Form,,"4,7",11,"15,90",,https://www.bol.com/nl/nl/p/stadler-form-water-cube-luchtbevochtigers-luchtreinigers-reiniger/9200000121225501/,4,"
    De water cube is een gepatenteerde Zwitserse technologie: De water cube voorkomt de groei van bacteriën en ziektekiemen doormiddel van continue afgifte van zilver-ionen. Het wordt onmiddellijk geactiveerd bij contact met water en ideaal voor alle luchtbevochtigers en luchtreinigers van Stadler Form. Voor een optimaal resultaat dient de water cube circa elk jaar te worden vervangen.
  "
704,HEPA-filter geschikt voor Dyson HP04/TP04/DP04,,Merkloos,,"4,0",26,"30,-",Op voorraad,https://www.bol.com/nl/nl/p/allspares-hepa-filter-geschikt-voor-dyson-hp04-tp04-dp04/9200000130614912/,12,"
    Dyson HEPA-filter HP04 / TP04 / DP04 Compatibel filter  HEPA-filter voor Dyson Pure Hot+Cool verwarmende luchtreinigers, Dyson Pure Cool torenventilators en Dyson Pure Cool tafelventilators.  Deze Combi 360° HEPA-filter van glasvezel met actief koolstoffilter voor Dyson luchtreinigers filtert fijne deeltjes, waaronder allergenen, virussen, stof en nare luchtjes. Dit zorgt voor een uiterst schone en hygiënische lucht. Vervang het luchtfilter regelmatig, zodat de gezonde lucht in je huis gegarandeerd blijft. Dit filter heeft een levensduur van 12 maanden.
  "
705,Ulsonix Ozongenerator - 5.000 mg/h - 65 W,,Ulsonix,,"5,0",3,"69,-",,https://www.bol.com/nl/nl/p/ulsonix-ozongenerator-5-000-mg-h-65-w/9200000129130579/,14,"
De ozongenerator bestrijdt vervelende geurtjes eenvoudig en effectief Gebruik ozon om vervelende geurtjes in gesloten ruimtes effectief te neutraliseren. Of het nu gaat om muffe ruimtes veroorzaakt door wateroverlast of de geur van sigaretten of dieren in voertuigen, met de ulsonix ozongenerator krijgt u onaangenaam ruikende omgevingen weer onder controle. Het ozonapparaat biedt een totaaloplossing die u in de meest uiteenlopende gebieden kunt gebruiken, of het nu in de hotellerie, in autowerkplaatsen of in afval- en sanitaire ruimtes is - met een ozonbehandeling kunt u overal effectief stank en schadelijke bacteriën bestrijden. Product hoogtepunten  Ozonproductie: 5.000 mg/h Vermogen: 65W Timer tot 120 minuten Behuizing: gepoedercoat aluminium / staal Handvat   Met de AIRCLEAN 5G-WL ozongenerator heeft u de keuze. Met de timer kunt u de duur van de ozonbehandeling tot 120 minuten bepalen of u kunt de hold-functie gebruiken om een langere ozonbehandeling uit te voeren, maar het apparaat niet langer dan 12 uur ingeschakeld laten. Als u de bedieningsknop op OFF zet, wordt het ozonapparaat uitgeschakeld. Het krachtige ozonapparaat produceert 5000 mg/h ozon, waarmee je nare geurtjes snel en effectief kunt bestrijden. Een ruimte van 50 m3 reinigt u in slechts 20 minuten met maximale ozonproductie. Wilt u kosten besparen? Met een vermogen van 65 W krijg je niet alleen een effectief, maar ook een energiezuinig apparaat.
"
706,Stadler Form - Oskar & Karl - Filter - 2 pack voor Oskar & Karl luchtbevochtigers,Nieuw artikel,Stadler Form,Stadler Form Oskar,"4,4",14,"17,32",Op voorraad,https://www.bol.com/nl/nl/p/stadler-form-oskar-karl-filter-2-pack-voor-oskar-karl-luchtbevochtigers/9200000046408312/,12,"
    Deze filter set bestaat uit twee cassettes die zorgen voor een optimale bevochtiging. Dankzij de anti-bacteriële formule wordt het water gezuiverd van bacteriën. De filters zijn gemaakt van platen- en textielvezels. Voor een optimle werking van de Oskar of de Karl dienen de filters elke 2 a 3 maanden vervangen te worden. Geschikt voor alle Oskar & Karl modellen: Oskar little, Oskar, Oskar big, Karl en Karl big
  "
707,Voor en actieve koolstof Filter geschikt voor Philips FY0293/30 FY0194 Philips AC0830/10,,Merkloos,,,,"29,99",,https://www.bol.com/nl/nl/p/voor-en-actieve-koolstof-filter-geschikt-voor-philips-fy0293-30-philips-ac0830-10/9300000170808810/,4,"
Dit hoogwaardige filter vangt 99,5% van de ultrafijne deeltjes (PM2.5), stof, pollen, allergenen, gassen, bacteriën en virussen op, waardoor het een essentiële toevoeging is voor een gezondere lucht in uw omgeving.  Verwijdert effectief een breed spectrum aan verontreinigende stoffen en deeltjes, voor een schoner en gezonder binnenklimaat. Ontworpen voor langdurige prestaties met een geschatte levensduur van 12 maanden, afhankelijk van de intensiteit van gebruik. De stevige en stabiele structuur van het filter garandeert dat alle lucht door het filter gaat, voor een optimale filtratie-efficiëntie.  Met dit filter bent u verzekerd van een zuivere luchtstroom en een effectieve zuivering die bijdraagt aan de algehele luchtkwaliteit in uw huis of kantoor.
"
708,Thermometer en Hygrometer 2 in 1,,Merkloos,,"3,6",41,"4,49",Op voorraad,https://www.bol.com/nl/nl/p/thermometer-en-hygrometer-2-in-1/9200000072842178/,3,"
    Precies wat je nodig hebt, een combimeter die zowel de temperatuur in Celsius als het vochtpercentage weergeeft. En dan is hij ook nog super compact en overal te plaatsen of in te bouwen.Montage:Deze ditigale meter is eenvoudig in te bouwen of rechtop te plaatsen in het onderkomen van je reptielen of insecten.Formaat:De meter is 5 cm breed, 3 cm hoog en 2 cm diep. De meter leveren we inclusief geplaatste batterijen.
  "
709,"QualiPro Ozongenerator Luchtreiniger Ionisator Generator 20.000mg/h - Bereik 100-120 m2 - 150W - Filtert de Schadelijke Luchtdeeltjes - 1 uur Timer - Tegen Hooikoorts, Virussen en Allergenen - Makkelijk te gebruiken - Ozon Generator",,Quali Pro,,"5,0",1,"94,95",,https://www.bol.com/nl/nl/p/qualipro-ozongenerator-luchtreiniger-ionisator-generator-20-000mg-h-bereik-100-120-m2-150w-filtert-de-schadelijke-luchtdeeltjes-1-uur-timer-tegen-hooikoorts-virussen-en-allergenen-makkelijk-te-gebruiken-ozon-generator/9300000149066382/,7,"
 De ozongenerator is een apparaat dat de vorming van ozon mogelijk maakt, wat een zeer sterke oxidant is, en in de juiste concentratie bacteriën, virussen, schimmels, schimmels vernietigt en ook onaangename geuren elimineert. Ozon maskeert geen geuren, laat geen giftige tussenproducten van ontbinding achter, hoopt zich niet op in de weefsels van levende organismen, vervuilt de bodem of het water niet, overtollig ozon valt uiteen in zuurstof, wat het ecologisch en milieuvriendelijk maakt.   OZONGENERATOR - is een apparaat dat wordt gebruikt om ozon te genereren, d.w.z. een molecuul bestaande uit drie zuurstofatomen (O3). Ozon heeft sterk oxiderende en bacteriedodende eigenschappen, daarom wordt het gebruikt om binnenlucht te zuiveren, geuren te bestrijden, bacteriën, schimmels en virussen te verwijderen en water te desinfecteren .   20.000 MG/U DESINFECTIE ! - de effectiviteit van ozondesinfectie staat buiten kijf. Ozon maskeert geen geuren, laat geen giftige tussenproducten van ontbinding achter, hoopt zich niet op in de weefsels van levende organismen, vervuilt de bodem of het water niet, overtollig ozon valt uiteen in zuurstof, wat het ecologisch en milieuvriendelijk maakt. Hoe hoger het rendement, hoe sneller u een hoge concentratie ozon in de ruimte kunt bereiken. Onze ozonator heeft een capaciteit van 20.000 mg/h.   1 APPARAAT = VEEL TOEPASSINGEN - de ozonator steriliseert de ruimte (niet alleen de lucht, maar ook de objecten daarin); verwijdert nare luchtjes zoals sigarettenrook, dierengeuren, mufheid of brandwonden; reinigt de elementen van het ventilatie- en airconditioningsysteem (ventilatiekanalen, ook moeilijk bereikbare plaatsen); ozoniseert ook koelkasten .   TIMER - het apparaat heeft een timer waarmee u de werking kunt programmeren zonder onze controle. Maximale tijd 60 minuten.   SPECIFICATIE - vermogen: 150 W; efficiëntie: 20.000 mg/u; timer: 1-60 minuten; spanning: 220V; maximale ppm-prestatie - 70 ppm; ventilatorprestaties tot: 2800 RPM; luchtvolume: 45 CFM; werkomgeving temperatuurbereik: -10 tot +70 graden Celsius; maximale ozonisatietijd (afhankelijk van de heersende omstandigheden) tot 2 uur; voeding: netspanning; gebied van de kamer dat de ozonator kan reinigen: 100-120 m² bij gebruik tot 1 uur; draagbeugel: ja; afmetingen: 20,5 x 13,5 x 13 cm; gewicht: 1.308 kg; gewicht in het pakket: 1.595 kg.  VOORDELEN  verwijdert onaangename geuren vernietigt virussen, bacteriën en schimmels luchtreinigers lage bedrijfskosten kamer desinfectie ingebouwde timer effectief handvat antislip voeten deurknop hanger ingebouwde ventilator  AANDACHT !!!  Het is de moeite waard eraan te denken dat ozon in grote hoeveelheden irritatie van de bovenste luchtwegen kan veroorzaken, dus het is belangrijk om de ozongenerator te gebruiken in overeenstemming met de instructies en voorzichtig te zijn bij het gebruik ervan en de ruimte goed te luchten na gebruik. 
"
710,"Tops Koolstoffilter 100cm x 100cm (300gr/m2) geschikt voor Dampkap - Op maat te snijden filter afzuigkap, dampkapfilter, vetfilter voor Afzuigkap",,TOPS,,,,"38,75",,https://www.bol.com/nl/nl/p/tops-koolstoffilter-100cm-x-100cm-geschikt-voor-dampkap-op-maat-te-snijden-filter-afzuigkap-dampkapfilter-vetfilter-voor-afzuigkap/9300000163463028/,4,"
 Op maat te snijden Dampkapfilter met bovengemiddeld hoog gehalte Actiefkool 300 gr/m2.     Verfris en zuiver de lucht in jouw keuken met onze koolstoffilters voor afzuigkappen, een onmisbaar accessoire voor een schone en geurvrije kookomgeving. Deze hoogwaardige afzuigkap filter is ontworpen om jouw keuken te bevrijden van ongewenste geuren, vetten en dampen.     Ons filterdoek bevat een indrukwekkende 300 gram actiefkool per vierkante meter (300 gr/m2), wat zorgt voor een effectieve absorptie van kookgeuren en vetdeeltjes. Dit maakt het ideaal voor dagelijks gebruik in jouw keuken en garandeert een frisse en schone omgeving tijdens het koken.     Deze koolstoffilter dampkap is compatibel met een breed scala aan afzuigkappen, dampkappen en wasemkappen. Het is eenvoudig te installeren en past perfect in de meeste standaard afzuigkapmodellen. Let op: Hoewel deze filter dampkap uitermate geschikt is voor regulier gebruik in de keuken, is het niet bestand tegen extreem hoge temperaturen die bijvoorbeeld bij het flamberen vrijkomen. Zorg ervoor dat de kookmethode binnen de specificaties van het filter valt om de levensduur en effectiviteit te behouden.     Investeer vandaag nog in een gezondere en aangenamere kookervaring met ons dampkap filter universeel voor Afzuigkappen. Vergeet niet om regelmatig het filter te vervangen om optimale prestaties te behouden. Bestel nu en geniet van een schone, geurvrije keuken!     Zorg ervoor dat je keuken altijd fris ruikt en vrij is van ongewenste geuren met ons koolstoffilter universeel. Bestel nu en profiteer van de effectieve luchtzuivering die dit filter biedt.     Wasemkapfilters nodig? Bestel bij TOPS! 
"
711,Venta Reiniger + Hygiënemiddel Combinatie Set,,Venta,,"4,0",5,"35,-",,https://www.bol.com/nl/nl/p/venta-reiniger-hygienemiddel-combinatie-set/9200000096359058/,3,"
 Set van 1 fles Venta Hygiënemiddel (500ml) en 1 fles Venta Reiniger (250ml) complete onderhoudsmiddel set     Opmerking: Het hygiënemiddel is niet geschikt voor toestellen die al voorzien zijn van een Hygiënedisk.  
"
712,Stadler Form - Schoonmaakmiddel en Ontkalker - Voor luchtbevochtigers,,Stadler Form,,"4,0",1,"9,90",Op voorraad,https://www.bol.com/nl/nl/p/stadler-form-schoonmaakmiddel-en-ontkalker-voor-luchtbevochtigers/9200000124302478/,4,"
    Regelmatig schoonmaken en ontkalken zorgt voor een lange levensduur van je luchtbevochtiger! Deze fles is speciaal ontwikkeld voor het schoonmaken en ontkalken van luchtbevochtigers. Hij maakt grondig schoon en ontkalkt effectief, is makkelijk in gebruik, zacht op het oppervlak en bevat geen geur.
  "
713,DEC kunststof afvoer ventilatie ventiel met klemveren grijswit RAL9003 Ø 125 mm - DVLF125,,DEC INTERNATIONAL,,"5,0",1,"13,95",Op voorraad,https://www.bol.com/nl/nl/p/ventilatie-afvoerventiel-o125-afvoer-kunststof/9300000075970988/,8,"
 Dit afvoerventiel van DEC International is gemaakt uit grijswit kunststof. Door deze neutrale kleur en het onderhoudsvriendelijke materiaal is het ventiel bijzonder geschikt voor de afvoer van ventilatielucht voor uiteenlopende toepassingen, in zowel droge als vochtige ruimten. Dankzij de klemveren monteer je hem eenvoudig in een ronde buis (let op de aansluitdiameter) in wand of plafond. Voor de montage op flexibele slangen gebruik je een montagebus. Het ventiel is traploos instelbaar en voorzien van een geluidsabsorberende ring, waardoor je gegarandeerd bent van een stille werking. 
"
714,"Replacement Dyson Filter-Vervangend HEPA-Filter voor DP01, DP03, HP00, HP01, HP02 en HP03 Luchtzuiveringsfilter",,Promessa-Design,,"4,5",15,"45,95",Op voorraad,https://www.bol.com/nl/nl/p/replacement-dyson-filter-vervangend-hepa-filter-voor-dp01-dp03-hp00-hp01-hp02-en-hp03-luchtzuiveringsfilter/9300000012862038/,8,"
    Hoge kwaliteit HEPA luchtreinigingsfilter met actief carbon ook geschikt voor de Dyson Pure Cool Link tafel model (DP01 en DP03) en de Dyson Pure Hot+Cool Link (HP00, HP01, HP02 en HP03) luchtreinigingsventilatoren. Vangt stof en vermindert allergenen in uw huis. Het wordt aanbevolen om het filter elke 12 maanden te vervangen (afhankelijk van gebruik).  Opmerking: Controleer de maat op de afbeelding met het te vervangen filter zorgvuldig voor men besteld.
  "
715,Stadler Form - Anticalc Cartridge - luchtbevochtigers - Anti-kalk,Nieuw artikel,Stadler Form,,"4,8",4,"14,23",,https://www.bol.com/nl/nl/p/stadler-form-anticalc-cartridge-luchtbevochtigers-anti-kalk/9200000046076893/,7,"
    De anti-kalk cartridge wordt gebruikt ter voorkoming van witte aanslag op het meubilair en plafond dat veroorzaakt wordt door ultrasonische luchtbevochtigers. Het maakt hard water zachter en voorkomt het wit uitslaan van kalk deeltjes. Vervang de anti-kalk cartridge elke 2 tot 3 maaden, afhankelijk van de hardheid van het water.
  "
716,Humidifiër filters - Universeel - Katoen staafjes - Set 10 stuks – Geurloos,,Merkloos,,"5,0",1,"7,95",Op voorraad,https://www.bol.com/nl/nl/p/humidifier-filters-universeel-katoen-staafjes-set-10-stuks-geurloos/9300000062670111/,4,"
 -Tien universele humidifiër filters. Geurloos!Deze humidifiër filters zijn geschikt voor alle humidifiërs en. Met een diameter van 8mm en een lengte van 15 cm kunt u ze makkelijk op maat knippen. Let goed op dat de diameter wel bij uw humidifiër past. 
 
"
717,Clean Air Optima® Waterfilter W-01B - Geschikt voor Luchtbevochtiger CA-606B en CA-607B,,Clean Air Optima,,"4,6",5,"18,90",,https://www.bol.com/nl/nl/p/clean-air-optima-waterfilter-w-01b-geschikt-voor-luchtbevochtiger-ca-606b-en-ca-607b/9200000129748337/,2,"
    • Zorgt voor het ontkalken, reinigen en verzachten van het water• Geschikt voor luchtbevochtiger CA-606B en CA-607BWaterfilter W-01BDe Clean Air Optima® luchtbevochtiger CA-606B en CA-607B is uitgerust met een waterfilter dat zorgt voor het ontkalken, reinigen en verzachten van het leidingwater en daardoor kalkvorming en slecht geurend water voorkomt.Het waterfilter kan 2x per week gereinigd worden onder stromend leidingwater.Het waterfilter W-01B vermindert de kalkaanslag in het water en de ongewenste uitstoot van kalkdeeltjes in de ruimte.Effectief gedurende één tot drie maanden, afhankelijk van de waterhardheid. Hard leidingwater versnelt de verzadiging van het granulaat sneller zodat het waterfilter W-01B eerder vervangen moet worden.
  "
718,"Dparts Hygiënemiddel 1000ml - Geschikt voor Venta Airwashers - Luchtbevochtiger Hygienemiddel voor Venta LW15, LW25, LW45, LW80, LW81, LW82",,Dparts,,"5,0",5,"31,99",Op voorraad,https://www.bol.com/nl/nl/p/dparts-hygienemiddel-1000ml-geschikt-voor-venta-airwashers-luchtbevochtiger-hygienemiddel-voor-venta-lw15-lw25-lw45-lw80-lw81-lw82/9300000027777929/,3,"
    Dparts hygiënemiddel 1000 ml Waterhygiënemiddel voor het voorkomen van kiem-, alg-, schimmel- of bacterievorming. Dit exclusieve product kan veelzijdig worden toegepast: Bijvoorbeeld bij luchtbevochtigers, kamerfonteinen, radiatorverdampers, etc. Voordelen bij het gebruik van hygiënemiddel : Zorgt voor hygiënisch probleemloos verdampingswater in de luchtbevochtiger Kiem-, alg-, schimmel- of bacterievorming wordt verhinderd Kalkafzettingen worden verminderd Minerale afzettingen worden gereduceerd De standtijd van het verdampingsfilter wordt verlengd Verlaagt de oppervlaktespanning van het water (maximaal 30% meer verdampingscapaciteit!) Mogelijke toepassingen: Luchtbevochtigers Kamerfonteinen Radiatorverdampers en veel meer... Bovendien is het waterhygiënemiddel van dparts zeer voordelig: Op 10 liter water is het toevoegen van 25 ml van het middel voldoende, om het water hygiënisch probleemloos te houden!Deze Dparts Hygiënemiddel 1 liter fles is een voordelig alternatief van je Venta Hygiënemiddel.
  "
719,"Clean Air Optima® Zilver Ion SI-01 - Geschikt voor Luchtbevochtiger CA-606B, CA-606W, CA-607B en CA-607W",,Clean Air Optima,,"3,0",1,"16,90",,https://www.bol.com/nl/nl/p/clean-air-optima-zilver-ion-si-01-geschikt-voor-luchtbevochtiger-ca-606b-ca-606w-ca-607b-en-ca-607w/9200000129776930/,2,"
    • Tegen bacterievorming en slechte watergeur (na 12 maanden vervangen) • Geschikt voor luchtbevochtiger CA-606B, CA-606W, CA-607B en CA-607WHet Zilver Ion filter elimineert bacteriën en virussen in het waterbassin van de luchtbevochtiger en kan 2x per week gereinigd worden onder stromend leidingwater en dient minimaal 1x per jaar vervangen te worden. Het Clean Air Optima® Zilver Ion SI-01 maakt gebruik van de antimicrobiële werking van zilver. Dit voorkomt de groei van bacteriën en geuren in het water.Het filter werkt zelfs wanneer uw luchtbevochtiger uitgeschakeld is zodat het water schoon blijft.Vervang het Zilver Ion SI-01 aan het begin van het luchtbevochtigingsseizoen of vervang het Zilver Ion SI-01 na een jaar gebruik.
  "
720,HEPA Luchtreiniging Filter Geschikt Voor Dyson Pure Hot Cool Link Luchtreiniger Ventilator Luchtfilter,,Merkloos,,"3,5",2,"22,95",Op voorraad,https://www.bol.com/nl/nl/p/hepa-luchtreiniging-filter-geschikt-voor-dyson-pure-hot-cool-link-luchtreiniger-ventilator-luchtfilter/9200000102978590/,7,"
 Let op! Kan geleverd worden in groen of paars ringen.    Let op! Controleer voor aanschaf het modelnummer van uw Dyson luchtreiniger. Deze filter is enkel geschikt voor de volgende modellen: DP01/DP02/DP03/HP00/HP01/HP02/ P03 Verleng de levensduur van je Dyson Pure Cool Link en de Dyson Pure Hot+Cool Link door eens in het jaar het filter te vervangen. Dit 360° HEPA glasvezelfilter haalt 99,95 % van de deeltjes uit de lucht.en is geschikt om ultra-fijne deeltjes tot 0,1 micrometer effectief uit de lucht te filteren inclusief allergenen, pollen, bacteriën en huidschilfers.Daarnaast worden vieze geuren en mogelijke schadelijke stoffen uit de lucht gefilterd. Wanneer je de luchtreiniger gemiddeld 12 uur per dag gebruikt, vervang je de filter na 1 jaar. Dit 360° HEPA vervangfilter is niet van het merk Dyson maar wel geschikt voor onderstaande luchtbehandelingsapparaten van Dyson: Dyson Cool Link / Pure Hot + Cool Link (tafelmodel)-reinigersmodellen DP01 / DP02/ DP03 / HP00 / HP01 / HP02 / HP03 Vervangt: origineel Dyson-onderdeelnummer 967449-04/968101-04/968125-05 
"
721,Clean Air Optima® Waterfilter W-01W - Geschikt voor Luchtbevochtiger CA-606W en CA-607W,,Clean Air Optima,,"4,6",5,"18,90",,https://www.bol.com/nl/nl/p/clean-air-optima-waterfilter-w-01w-geschikt-voor-luchtbevochtiger-ca-606w-en-ca-607w/9200000129748488/,2,"
    • Zorgt voor het ontkalken, reinigen en verzachten van het water• Geschikt voor luchtbevochtiger CA-606W en CA-607WWaterfilter W-01WDe Clean Air Optima® luchtbevochtiger CA-606W en CA-607W is uitgerust met een waterfilter dat zorgt voor het ontkalken, reinigen en verzachten van het leidingwater en daardoor kalkvorming en slecht geurend water voorkomt.Het waterfilter kan 2x per week gereinigd worden onder stromend leidingwater.Het waterfilter W-01W vermindert de kalkaanslag in het water en de ongewenste uitstoot van kalkdeeltjes in de ruimte.Effectief gedurende één tot drie maanden, afhankelijk van de waterhardheid. Hard leidingwater versnelt de verzadiging van het granulaat sneller zodat het waterfilter W-01W eerder vervangen moet worden.
  "
722,Faton Air Quality Sensor FA7000 - Binnenlucht kwaliteit meter - CO2 meting,,Faton,,,,"145,-",,https://www.bol.com/nl/nl/p/faton-air-quality-sensor-fa7000-binnenlucht-kwaliteit-meter-co2-meting/9300000042886215/,7,"
De kwaliteit van de binnen lucht wordt steeds belangrijker. Het is van belang dat wij exact weten welke waardes normaal zijn en wat we hieraan kunnen doen om het juiste binnen klimaat te creëren. FATON-HEALTH heeft naast een groot aantal lucht reinigers ook de juiste meet apparatuur om de lucht kwaliteit te meten en het resultaat van de lucht reiniging te visualiseren.
 De belangrijkste meeting is de CO2 meeting. De FA7000 is het meest betrouwbare apparaat op de markt en geeft met een 0,4% nauwkeurigheid de CO2 waardes in de binnen ruimte. Wij hebben ervoor gekozen om de veilige CO2 waarde onder de 800PPM te houden. Een lagere CO2 waarde geeft een hogere zuurstof waarde die weer een positief effect heeft op het prestatie vermogen van uw medewerkers op kantoor. 
 Naast de CO2 meeting, meet de FA7000 ook fijnstof in de ruimte en de VOC’s, lucht vochtigheid en de temperatuur. Zelfs fijnstof kleiner dan 2,5 PM wordt met de grootste nauwkeurigheid aangegeven. Dit zijn de grote van Aerosollen die het COVID19 virus kunnen verspreieden. 
 Alle waardes worden real time aangegeven op het duidelijk zichtbare scherm van de FA7000. De connectie met Bluetooth en WIFI is alleen voor data verzameling en connectie met een App./web-site.Voor meer informatie over luchtkwaliteit- en reiniging, ga naar www.faton-health.com 
"
723,ulsonix Ozongenerator - 10.000 mg/h - 102 W,,Ulsonix,,,,"99,-",Op voorraad,https://www.bol.com/nl/nl/p/ulsonix-ozongenerator-10-000-mg-h-102-w/9200000129807337/,17,"
Ozongenerator - 10.000 mg / u - 102 W. De ozongenerator AIRCLEAN 10G-WL van Ulsonix helpt u om sterke geurhinder in ruimtes effectief te neutraliseren. Muffe geuren als gevolg van overstromingen of branden kunnen ook bestreden worden met het AIRCLEAN 10G-WL ozonapparaat. Ozonapparaten worden gebruikt voor de renovatie van kamers en gebouwen en voor het reinigen van de kamerlucht. Ze worden voornamelijk gebruikt in autowerkplaatsen, in de hotelindustrie, in afval- en sanitaire ruimtes, maar ook tegen sigaretten- of dierengeur in voertuigen of boten. Product hoogtepunten  Ozonproductie: 10.000 mg / u Vermogen: 102 W. Timer tot 120 min Behuizing: gepoedercoat staal Filter: roestvrij staal   De ozongenerator heeft een ozonvermogen van 10.000 mg per uur en is daardoor in staat om onprettige geurtjes snel en effectief te neutraliseren. Met behulp van de ventilator wordt de ozon gelijkmatig over de ruimte verdeeld. Zelfs schadelijke schimmelsporen kunnen uit de lucht worden verwijderd. Er wordt zo rekening gehouden met personen met allergieën, maar schone lucht bevordert ieders gezondheid. Het ozonapparaat heeft drie verschillende modi. In de Hold-modus werkt het apparaat continu, waarbij continu gebruik niet langer mag zijn dan 12 uur. De ventilator en de ozonplaten werken en het indicatielampje brandt. Als de timer is ingesteld, wordt het apparaat voor de geselecteerde tijd (met een maximale duur van 120 minuten) ingeschakeld. Wanneer de ingestelde tijd is verstreken, schakelt het apparaat zichzelf uit. In de Off-modus zijn alle functies uitgeschakeld.
"
724,"Omkasting Airco Cover kunststof – Buitenunit Omkasting ""Houtlook "" Grijs RAL 7016",,Floli,,"4,5",2,"299,-",Op voorraad,https://www.bol.com/nl/nl/p/omkasting-airco-cover-kunststof-buitenunit-omkasting-houtlook-grijs-ral-7016/9300000109241737/,7,"
 NIEUW PROMOTIE AANBIEDING!! De Airco buitenunit omkasting is een duurzame omkasting gemaakt van 100% gerecycled kunststof – verfraaien niet alleen uw huis, maar dragen ook bij aan een beter milieu. De omkasting rondom de airco buitenunit zorgt dat de airco netjes wordt weggewerkt, zonder de werking en het rendement van de airco te belemmeren. Het materiaal heeft de uitstraling van hout en blijft lang mooi onder alle weersomstandigheden. De achterzijde van de omkasting is volledig open. Alle benodigde bevestigings materialen meegeleverd   Eenvoudig in elkaar te zetten, nederlandse handleiding, rvs schroevenset, en gereedschap bijgeleverd !   Onze kunststof covers zijn duurzaam, betrouwbaar en onderhoudsvrij.Geschikt voor de buitenunits: 2.5 kw – 3.5 kw – 5.0 kwBuitenmaten – afmeting 85cm hoog x105 breed x54Cm Diepte.   
"
725,Digitale LCD-display Thermometer / Hygrometer / Klok / Alarm Temperatuur / Vochtigheidsmeter,,Merkloos,,"4,0",18,"8,90",Op voorraad,https://www.bol.com/nl/nl/p/digitale-lcd-display-thermometer-hygrometer-klok-alarm-temperatuur-vochtigheidsmeter/9200000087598811/,1,"
Niet alleen een thermometer maar ook een wekkerMeet de temperatuur in het bereik van -50 ° C tot 50 ° C bij 0,1 ° C precisieMeet de binnenvochtigheid binnen het bereik van 20% tot 90% RV (toon 10% RV wanneer de luchtvochtigheid lager is dan 20% RV)Veranderbare temperatuur eenheid: Celsius en FahrenheitEen lachend / huilend gezicht geeft het comfortniveau aan (toon lachend gezicht wanneer de temperatuur tussen 18 en 25 ℃ is, anders schreeuwend gezicht)MAX / MIN knop is om de maximale en minimale temperatuurwaarden weer te gevenMet een magneet en een houder op de rug, kan worden bevestigd op metalen oppervlak of op de tafel geplaatstEenvoudig modern design, eenvoudig te lezen LCD-scherm1 x AG13 knop batterij, lage energie kosten (NIET INBEGREPEN)De DC-102 4-in-1 Digitale LCD Display Thermometer / Hygrometer / Klok / Alarm Temperatuur / Vochtigheidsmeter is niet alleen een thermometer, maar ook een wekker die een duidelijk tijdscherm biedt. Het meet de temperatuur in het bereik van -50 ° C tot 50 ° C bij 0,1 ° C, en binnenvochtigheid van 20% tot 90% RH. Deze multifunctionele thermometer beschikt over eenvoudig modern design en gemakkelijk te lezen LCD-scherm. Met de magneet en houder op de achterkant kunt u het op een metalen oppervlak bevestigen of op de tafel plaatsen. Aarzel niet om nu te bestellen!
"
726,Clean Air Optima® 3x Reiniger & Ontkalker - Geschikt voor Luchtbevochtigers en Luchtwassers,,Clean Air Optima,,"4,6",5,"39,-",,https://www.bol.com/nl/nl/p/clean-air-optima-3x-reiniger-ontkalker-geschikt-voor-luchtbevochtigers-en-luchtwassers/9300000071155193/,0,"
 - Makkelijk en veilig in gebruik - Werkt zeer snel & grondig - Zacht voor materialen - Geurloos - Biologisch afbreekbaar- 250 ml fles 
 Clean Air Optima® Reiniger & OntkalkerDe Clean Air Optima® Reiniger & Ontkalker voor het hygiënisch reinigen en grondig ontkalken van onze luchtbevochtigers en luchtwassers is ontwikkeld in samenwerking met het op dit gebied toonaangevende Zwitserse bedrijf Düring AG, merkhouder van Durgol®. Clean Air Optima® Reiniger & Ontkalker is eenvoudig toepasbaar, materiaalvriendelijk, veilig, geurloos en werkt snel en grondig. Bovendien is dit hoogwaardige product biologisch afbreekbaar.Na intensieve research en grondige tests is een ideaal reinigings- en ontkalkingsproduct voor onze luchtbevochtigers en luchtwassers ontstaan, dat exclusief onder het merk Clean Air Optima® in Europa wordt vermarkt. Het research doel was om een product te maken dat zowel hygiënisch reinigt als grondig ontkalkt om de levensduur van de luchtbevochtiger te verlengen en een optimale bevochtigingshygiëne te garanderen.Om een betere reiniging, optimale bevochtigingshygiëne en een langere levensduur van de luchtbevochtiger en luchtwasser te kunnen verzekeren, raden wij regelmatig gebruik van onze Clean Air Optima® Reiniger & Ontkalker aan. Na gebruik zijn de apparaten hygiënisch schoon en direct weer klaar voor gebruik.De brede toepassing van de Clean Air Optima® Reiniger & OntkalkerDe Clean Air Optima® Reiniger & Ontkalker kan ook worden gebruikt voor het ontkalken van andere huishoudelijke apparaten met uitzondering van keukenapparaten voor voedselbereiding en drankbereiding.IngrediëntenHet product bevat anorganische zuren, onderhoudsmiddel en hulpstoffen. Biologisch afbreekbaar. 
"
727,Clean Air Optima® Nano-Zilver Filter voor luchtwasser CA-807,,Clean Air Optima,,"5,0",1,"16,90",,https://www.bol.com/nl/nl/p/clean-air-optima-nano-zilver-filter-voor-luchtwasser-ca-807/9300000007748724/,0,"
 Clean Air Optima® Nano-Zilver Filter voor luchtwasser CA-807 
 De Clean Air Optima® luchtwasser CA-807 beschikt over een antibacterieel waterfilter. Dit filter bestaat uit een cilinder gevuld met kunststof kogeltjes. Deze kunststof kogeltjes zijn voorzien van een nano-zilver coating om de groei van bacteriën en geurvorm tegen te gaan. Dit filter bevindt zich in de waterbak en kan eenvoudig gereinigd worden door afspoelen met leidingwater.  
 Afhankelijk van het soort gebruik, heeft het nano - zilver waterfilter een levensduur van ca. 12 maanden.  
"
728,Dampp Chaser Life Saver Pads,,Dampp-Chaser,,,,"17,45",Op voorraad,https://www.bol.com/nl/nl/p/dampp-chaser-life-saver-pads/9300000107537105/,2,"
 Dampp-Chaser Pads voor het Piano Life Saver Systeem. Deze bevochtigings Pads zorgen ervoor dat het water uit het reservoir zich verspreid in uw instrument. In het waterreservoir zitten 2 pads die over een verwarmingsbuis hangen. Het water zuigt zich in de Pads, en de verwarmingsbuis verdampt het water in de lucht zodat het zich verspreidt in uw piano of vleugel. De Dampp-Chaser Pads dienen 2 maal per jaar vervangen te worden. Om de verwarmingsbuis bevindt zich een plastic omhulsel, zodat het vocht in de Pads geen schade aanbrengt aan de verwarmingsbuis. Uw systeem geeft aan middels een lampje wanneer de Pads aan vervanging toe zijn. 
 Als u Dampp-Chaser Pads besteld bij Piano Select ontvangt u: 

(4) Dampp-Chaser Pads (voor twee pad vervangingen);
(1) Plastic huls voor over de verwarmingsbuis;
(1) Gebruiksaanwijzing

 De beste zorg voor uw instrument is een Dampp-Chaser Piano Life Saver klimaatbeheersingssysteem. Een Dampp-Chaser wordt (vrijwel onzichtbaar) in uw instrument ingebouwd. Het mooie van dit systeem is dat het zowel kan bevochtigen (via Dampp-Chaser Pads) als ontvochtigen. Het systeem houdt daarmee de luchtvochtigheid constant op ca 50%. Dit systeem is verreweg de beste oplossing om de luchtvochtigheid van uw instrument te stabiliseren. Uw piano of vleugel blijft daarmee langer op stemming, stabiliseert de werking van het hout (voorkomt oa vastzittende toetsen, vastlopende asjes, spanningsverschil op de zangbodem/kammen) en voorkomt corrosie. 
"
729,"2in1 Hygrometer Thermometer digitaal, klein en compact",Nieuw artikel,Merkloos,,"3,8",29,"6,99",Op voorraad,https://www.bol.com/nl/nl/p/2in1-hygrometer-thermometer-digitaal-klein-en-compact/9200000083984260/,2,"
    Deze hygro- en thermometer meet: - Luchtvochtigheid tussen de 10% en 95% met een nauwkeurigheid van 5%. - Temperatuur tussen -40°C en 70°C met een nauwkeurigheid van 1°C.  Werkt op 2 LR44 batterijen (1 paar in de thermometer, de Hygro-thermometer werkt dus direct). - Meet elke 10 seconden.
  "
730,Clean Air Optima® 2x Reiniger & Ontkalker - Geschikt voor Luchtbevochtigers en Luchtwassers,,Clean Air Optima,,"4,6",5,"28,-",,https://www.bol.com/nl/nl/p/clean-air-optima-2x-reiniger-ontkalker-geschikt-voor-luchtbevochtigers-en-luchtwassers/9300000071154981/,0,"
 - Makkelijk en veilig in gebruik - Werkt zeer snel & grondig - Zacht voor materialen - Geurloos - Biologisch afbreekbaar- 250 ml fles 
 Clean Air Optima® Reiniger & OntkalkerDe Clean Air Optima® Reiniger & Ontkalker voor het hygiënisch reinigen en grondig ontkalken van onze luchtbevochtigers en luchtwassers is ontwikkeld in samenwerking met het op dit gebied toonaangevende Zwitserse bedrijf Düring AG, merkhouder van Durgol®. Clean Air Optima® Reiniger & Ontkalker is eenvoudig toepasbaar, materiaalvriendelijk, veilig, geurloos en werkt snel en grondig. Bovendien is dit hoogwaardige product biologisch afbreekbaar.Na intensieve research en grondige tests is een ideaal reinigings- en ontkalkingsproduct voor onze luchtbevochtigers en luchtwassers ontstaan, dat exclusief onder het merk Clean Air Optima® in Europa wordt vermarkt. Het research doel was om een product te maken dat zowel hygiënisch reinigt als grondig ontkalkt om de levensduur van de luchtbevochtiger te verlengen en een optimale bevochtigingshygiëne te garanderen.Om een betere reiniging, optimale bevochtigingshygiëne en een langere levensduur van de luchtbevochtiger en luchtwasser te kunnen verzekeren, raden wij regelmatig gebruik van onze Clean Air Optima® Reiniger & Ontkalker aan. Na gebruik zijn de apparaten hygiënisch schoon en direct weer klaar voor gebruik.De brede toepassing van de Clean Air Optima® Reiniger & OntkalkerDe Clean Air Optima® Reiniger & Ontkalker kan ook worden gebruikt voor het ontkalken van andere huishoudelijke apparaten met uitzondering van keukenapparaten voor voedselbereiding en drankbereiding.IngrediëntenHet product bevat anorganische zuren, onderhoudsmiddel en hulpstoffen. Biologisch afbreekbaar. 
"
731,Venta - Hygienemiddel en Reiniger - Airwasher set - Jaarpakket,,Venta,,,,"69,95",Op voorraad,https://www.bol.com/nl/nl/p/venta-hygienemiddel-en-reiniger-airwasher-set-jaarpakket/9300000101593683/,5,"
 VENTA HYGIËNEMIDDEL 500ML:Het Venta Hygiënemiddel voegt u simpelweg toe aan het water in uw Venta luchtwasser. Het middel voorkomt overmatige kalkvorming in het apparaat en trekt kalk en vuil aan, wat tijdens het reinigen van het reservoir gemakkelijk wegspoelt. 

Elke 10 á 14 dagen toevoegen
Houdt uw Venta luchtbevochtiger in topconditie

VENTA REINIGINGSMIDDEL 250ML:
 Venta Reiniger gebruikt u ieder half jaar om uw apparaat intensief te reinigen en om alle resten van kalk en vuil te verwijderen. Voeg de reiniger simpelweg toe aan een volle bak met water en laat uw apparaat hiermee een poosje draaien. Doe dit absoluut voordat u het apparaat opbergt na het winterseizoen. 

1x per 6 maanden gebruiken
Simpelweg toevoegen aan een volle bak met water en uw apparaat laten draaien
Te gebruiken vóór u de Venta weer opbergt na afloop van het stookseizoen

"
732,Dampp-Chaser Piano Life Saver Pad Treatment,Nieuw artikel,Dampp-Chaser,,,,"24,95",Op voorraad,https://www.bol.com/nl/nl/p/dampp-chaser-piano-life-saver-pad-treatment/9300000107537988/,4,"
Dampp-Chaser Pad Treatment gaat algengroei en de aangroei van mineralen in het water tegen. Elke keer als u het water van uw Piano Life Saver systeem vult, dient u een dopje van deze Pad Treatment aan het water toe te voegen. Door deze vloeistof blijft het water schoon, en wordt de levensduur van de Pads verlengt. Zo houdt u uw Dampp-Chaser piano life saver systeem in optimale conditie. De inhoud van het flesje Pad Treatment vloeistof is 473ml. De beste zorg voor uw instrument is een Dampp-Chaser Piano Life Saver klimaatbeheersingssysteem. Een Dampp-Chaser wordt (vrijwel onzichtbaar) in uw instrument ingebouwd. Het mooie van dit systeem is dat het zowel kan bevochtigen als ontvochtigen. Het systeem houdt daarmee de luchtvochtigheid constant op ca 50%. Dit systeem is verreweg de beste oplossing om de luchtvochtigheid van uw instrument te stabiliseren. Uw piano of vleugel blijft daarmee langer op stemming, stabiliseert de werking van het hout (voorkomt oa vastzittende toetsen, vastlopende asjes, spanningsverschil op de zangbodem/kammen) en voorkomt corrosie. Gebruik alleen dit product in uw Piano Life Saver systeem. Andere producten kunnen chemicalen bevatten die het systeem kunnen schaden. Attentie!  Buiten bereik van kinderen houden. <1% CAS # 68424-85-1 No GHS Classification indicated 
"
733,Stadler Form - Selina - Hygrometer - Luchtvochtigheidsmeter - Wit,,Stadler Form,,"4,5",18,"29,90",,https://www.bol.com/nl/nl/p/stadler-form-selina-hygrometer-luchtvochtigheidsmeter-wit/9200000048954333/,11,"
    Dankzij haar state-of-the-art technologie bewaakt Selina in stijl het leefklimaat en geeft nauwkeurig aan of de ruimte te droog - vochtig - warm of koud is. Met een strakke en elegante vormgeving past zij harmonieus in elke woonomgeving en geeft zij precies aan wanneer een luchtbevochtiger gewenst is. • Met digitale thermometer • Bereik: 25% / 98% (±3 %) • Bereik: -10°C / +50°C (±1°C) • Incl. 2 batterijen
  "
734,HEPA Filter Geschikt Voor Dyson Pure Cool Link Tower (TP02/TP03) (2016) Cool ME Luchtreiniger Ventilator Luchtfilter,,Merkloos,,"4,0",12,"33,90",Op voorraad,https://www.bol.com/nl/nl/p/hepa-luchtreiniging-filter-geschikt-voor-dyson-pure-cool-link-tower-cool-me-luchtreiniger-ventilator-luchtfilter/9200000109719966/,8,"
Let op! Dit filter is enkel geschikt voor de TP02 & TP03 modellen. Dit zijn de eerste generatie Pure Cool Link Tower ventilatoren (2016). Tevens geschikt voor Pure Cool ME modellen  Niet geschikt voor nieuwere (2018) modellen!Dit 360° HEPA glasvezelfilter haalt 99,95 % van de deeltjes uit de lucht.en is geschikt om ultra-fijne deeltjes tot 0,1 micrometer effectief uit de lucht te filteren inclusief allergenen, pollen, bacteriën en huidschilfers.Daarnaast worden vieze geuren en mogelijke schadelijke stoffen uit de lucht gefilterd. Wanneer je de luchtreiniger gemiddeld 12 uur per dag gebruikt, vervang je de filter na 1 jaar. Dit 360° HEPA vervangfilter is niet van het merk Dyson maar wel geschikt voor onderstaande luchtbehandelingsapparaten van Dyson:TP02 en TP03. (Dyson Pure Cool Link)
"
735,"Dparts filterset van 2 stuks WTW filters - met klittenband - filterklasse G3 - Geschikt voor Zehnder en StorkAir WHR 90 (whr90) - 91 (whr91) - voor warmteterugwinapparaat, centrale ventilatie met warmteterugwinning",,Dparts,,,,"16,99",Op voorraad,https://www.bol.com/nl/nl/p/dparts-filterset-van-2-stuks-wtw-filters-met-klittenband-filterklasse-g3-geschikt-voor-zehnder-en-storkair-whr-90-91-voor-warmteterugwinapparaat-centrale-ventilatie-met-warmteterugwinning/9300000118877087/,0,"
1 Set van 2 stuks WTW filters!Inclusief klittenband voor het makkelijk bevestigen!Standaard filters voor alle Zehnder en StorkAir WHR 90 en 91 warmteterugwinapparaten!Uitleg: Met deze Dparts WTW filterset houd je alles schoon en hygiënisch in je huis. Door regelmatig de filters te vervangen van je centrale ventilatie zorg je ervoor dat vuil en stof zich niet ophoopt. Dat scheelt weer onnodige onderhoud in de toekomst en je luchtwegen zullen je dankbaar zijn! Geschikt voor Zehnder en StorkAir:WHR 90WHR 91Afmeting20 x 37,5cmVerpakkingsinhoud2 Dparts WTW filters type WHR 90 en 91.
"
736,TROTEC Stopcontact-Hygrostaat BH30,,Trotec,,"3,2",10,"24,95",,https://www.bol.com/nl/nl/p/trotec-stopcontact-hygrostaat-bh30/9200000079116116/,8,"
TROTEC Stopcontact-Hygrostaat BH30  De stopcontact-hygrostaat wordt heel simpel tussen apparaat en stopcontact aangebracht. Nu wordt alleen nog de gewenste modus en de individuele vochtwaarde van de ruimtelucht (tussen 20% en 90% r.v.) ingesteld. De BH30 meet per elektronische vochtmeting de actuele luchtvochtigheid en vergelijkt deze met de individueel in te stellen luchtvochtigheidwaardes. Bij overschrijden of onderschrijden van de ingestelde grenzen schakelt de hygrostaat het aangesloten apparaat, waarmee de luchtvochtigheid gereguleerd wordt, automatisch aan of uit: bijvoorbeeld een luchtbevochtiger bij te droge lucht aan en een luchtontvochtiger bij te lage luchtvochtigheid uit. Zo hoeft er geen aandacht besteed te worden aan de aangesloten apparaten. Daarom is de BH30 zeer geschikt om apparaten zonder geintegreerde hygrostaat efficient automatisch te regelen, zoals bijvoorbeeld Trotec luchtontvochtigers zonder ingebouwde hygrostaat.   Voordelen in de praktijk:  * Makkelijke bediening en programmering * Constante vochtregulering van be- en ontvochtigers op een ingestelde waarde * Regulering van de luchtvochtigheid tussen 20% en 90% r.v. * Verhindering van onnodige looptijden door automatisch aan- en uitschakelen van apparaten * Status aan de rode en groene controlelampjes af te lezen * Overzichtelijk display * Mogelijkheid om de gekozen instellingen te resetten * Bufferbatterij voor opslag van de gekozen instellingen   Technische details:  * Regelbereik min.: 20% r.v. * Regelbereik max.: 90% r.v. * Nauwkeurigheid: ± 5% r.v. * Meetinterval: 10s * Schakelvermogen ohmse last: 16 A / 3.680 VA * Schakelvermogen inductieve last: 9 A / 2.070 VA * Stekker: CEE 7/3 (Schuko stopcontact type F) * Monochroom LCD-display * Druktoetsen voor het besturen van het apparaat * Kunststof behuizing * Isolering: Beschermklasse I * Energieverzorging: Batterijtype 1x 3V, CR2032 * Stroomaansluiting: 230 V / 50 Hz; Aansluitstekker: CEE 7/7 (stekker type F + E) * Omgevingsvoorwaarden temperatuur: 5 °C tot 35 °C * Omgevingsvoorwaarden rel. luchtvochtigheid: max. 95 % r.v. * Opslagvoorwaarden temperatuur: -10 °C tot +50 °C * Opslagvoorwaarden luchtvochtigheid: max. 80% r.v.   Let op: Aangesloten apparaten worden bij OFF door de thermostaat spanningsvrij geschakeld en moeten over de mogelijkheid tot automatische herstart beschikken.
"
737,ulsonix Ozongenerator - 15000 mg / u - 150 W - wateraansluiting,,Ulsonix,,,,"119,-",,https://www.bol.com/nl/nl/p/ulsonix-ozongenerator-15000-mg-u-150-w-wateraansluiting/9300000087839481/,11,"
De Ozongenerator zorgt voor een aangenaam binnenklimaat De Ozongenerator AIRCLEAN 15000-H20 van ulsonix helpt je om sterke geurhinder in kamers effectief te neutraliseren. Ook muffe luchtjes als gevolg van overstromingen of branden kunnen worden bestreden met de Ozon luchtreiniger AIRCLEAN 15000-H20. Ozon apparaat s worden gebruikt voor kamer- en gebouwrenovatie en voor kamerluchtrenovatie. U kunt dit apparaat ook gebruiken om water met ozon te behandelen. Ozon luchtreiniger worden voornamelijk gebruikt in autowerkplaatsen, in de hotellerie, in afval- en sanitaire ruimtes, maar ook tegen sigaretten- of dierengeur in voertuigen of boten. Product hoogtepunten  15000 mg / uur 150 W Timer tot 180 min Stalen kast Continue werking   De Ozongenerator heeft een ozonkracht van 15000 mg/h en is daardoor in staat om nare geurtjes snel en effectief te verwijderen. De ozonisator heeft twee verschillende modi. In Hold-modus werkt het apparaat continu. De ventilator en de ozonplaat zijn in werking en het controlelampje brandt. Als de timer is ingesteld, wordt het apparaat volgens de geselecteerde tijd maximaal 180 minuten geactiveerd. Als u water wilt reinigen met de Ozon apparaat, kunt u hiervoor een slang aansluiten en met een tuimelschakelaar de bijbehorende functie selecteren. Het luchtfilter dat aan de achterkant van de behuizing is bevestigd, zorgt ervoor dat de aangezogen lucht effectief wordt gereinigd. Het filter kan naar behoefte worden gewijzigd. Met een vermogen van 150 W is het apparaat bijzonder energiezuinig en dus zeer kostenbesparend. Aangezien de kamers om gezondheidsredenen tijdens de schoonmaak niet mogen worden betreden, is een bijbehorend waarschuwingsbord voor de deurknop beschikbaar als download. TECHNISCHE DETAILS: Dekkingsgebied: tot 167m2 Kabellengte: 145cm
"
738,HEPA-filter Luchtreiniger,,Merkloos,Dyson Pure Cool,"5,0",4,"33,90",Op voorraad,https://www.bol.com/nl/nl/p/allspares-hepa-filter-luchtreiniger-geschikt-voor-dyson-hp02-hp01-dp01/9300000018428753/,4,"
 Deze 360� HEPA-filter van glasvezel met actief koolstof voor Dyson luchtreinigers filtert fijne deeltjes, waaronder allergenen, virussen, stof en nare luchtjes. Dit zorgt voor een uiterst schone en hygi�nische lucht. Vervang het luchtfilter regelmatig, zodat de gezonde lucht in je huis gegarandeerd blijft. Dit filter heeft een levensduur van 12 maanden. Hoogte: 15 cm Diameter buitenkant: 21,4 cm Diameter binnenkant: 18,5 cm 
"
739,Vents inline buisventilator 135m3 Ø 100mm – 100 VKO turbo,,Svent,,,,"31,95",Op voorraad,https://www.bol.com/nl/nl/p/vents-inline-buisventilator-135m3-o-100mm-100-vko-turbo/9300000171429858/,0,"
    * Geruisarme kunststof uitvoering * Geïntegreerde thermische motorbeveiliging. * Zowel horizontaal als verticaal te monteren. * Uitstekend regelbaar door middel van 0 – 230V regelaars. * Ideaal voor afzuiging van badkamer, douches, keukens en algemene ruimtes * Montage in het luchtkanaal zelf of tussen twee luchtbuizen in gemonteerd. * Eenvoudige montage om aan te sluiten op flexibele ventilatieslangen / buizen.
  "
740,Rowenta Airco Hoes Universele Beschermhoes voor Draagbare Airconditioners 50x40x88cm,,Rowenta,,,,"8,99",,https://www.bol.com/nl/nl/p/rowenta-airco-hoes/9300000127725712/,7,"
 Bescherm jouw airco tijdens opslag met deze hoes van Rowenta. Met deze Airco Cover kun je jouw airco stofvrij stallen.   Universele beschermhoes voor draagbare airconditioners• Bescherming tegen stof en waterdichte hoes• Stevige en duurzame polyester stof• Universele maat met trekcoord: 50 x 40 x 88 cm• Geschikt voor alle gangbare airconditioners en andereapparaten die met de aangegeven afmetingen overeenstemmen   Waterdicht - Bescherming tegen stof - Beschermt tegen zonnestralen 
"
741,HEPA Luchtreiniging Filter Geschikt Voor Dyson Pure Hot Cool Link Luchtreiniger Ventilator Luchtfilter,,Merkloos,,"4,0",9,"26,-",Op voorraad,https://www.bol.com/nl/nl/p/hepa-luchtreiniging-filter-geschikt-voor-dyson-pure-hot-cool-link-luchtreiniger-ventilator-luchtfilter/9200000115230212/,7,"
Let op! Controleer voor aanschaf het modelnummer van uw Dyson luchtreiniger. Deze filter is enkel geschikt voor de volgende modellen: DP01/DP02/DP03/HP00/HP01/HP02/ P03   Verleng de levensduur van je Dyson Pure Cool Link en de Dyson Pure Hot+Cool Link door eens in het jaar het filter te vervangen.  Dit 360° HEPA glasvezelfilter haalt 99,95 % van de deeltjes uit de lucht.en is geschikt om ultra-fijne deeltjes tot 0,1 micrometer effectief uit de lucht te filteren inclusief allergenen, pollen, bacteriën en huidschilfers.Daarnaast worden vieze geuren en mogelijke schadelijke stoffen uit de lucht gefilterd. Wanneer je de luchtreiniger gemiddeld 12 uur per dag gebruikt, vervang je de filter na 1 jaar.  Dit 360° HEPA vervangfilter is niet van het merk Dyson maar wel geschikt voor onderstaande luchtbehandelingsapparaten van Dyson: Dyson Cool Link / Pure Hot + Cool Link (tafelmodel)-reinigersmodellen DP01 / DP02/ DP03 / HP00 / HP01 / HP02 / HP03 Vervangt: origineel Dyson-onderdeelnummer 967449-04/968101-04/968125-05
"
742,Ulsonix Ozongenerator - 10000 mg/h - ECO,,Ulsonix,,"5,0",1,"119,-",,https://www.bol.com/nl/nl/p/ulsonix-ozongenerator-10000-mg-h-eco/9300000019859042/,14,"
Ozongenerator tot 10 g/h Deze praktische ozongenerator is ideaal geschikt voor het desinfecteren van diverse ruimtes en voor het neutraliseren van onaangename geurtjes. De AIRCLEAN 10G-ECO ozongenerator kan ook gebruikt worden om de airco in je auto te reinigen. Product hoogtepunten  10 g per uur 0-60 m / continue werking Makkelijk te transporteren Vervangbare stroomkabel Zeer stabiel   Dit efficiënt apparaat produceert tot 10000 mg ozon per uur. Als resultaat kan men de hoeveelheid ozon makkelijk aanpassen aan de ruimte. De ozongenerator verbetert de kwaliteit van de lucht, is goed tegen bacteriën en virussen en geschikt voor schimmel sanering en het verwijderen van ziektekiemen. Bovendien gebruikt de ozongenerator geen extra chemische stoffen. Het apparaat is thuis net als in magazijnen, restaurants en openbare gebouwen zoals scholen of overheidskantoren goed inzetbaar. Dankzij de praktische timer-functie kan men het apparaat voor de geselecteerde tijd (met een maximale duur van 60 minuten) inschakelen. De AIRCLEAN 10G-ECO ozongenerator is ook van een continue werking modus voorzien. Het apparaat is compact, makkelijk te transporteren en de stroomkabel kan makkelijk worden vervangen bijv. als men een langere stroomkabel nodig heeft. De filter is in roestvrij staal uitgevoerd.
"
743,Stadler Form - Hygiene Tabs - Hygienemiddel luchtbevochtiger/air purfier - 10-pack,,Stadler Form,,,,"15,90",,https://www.bol.com/nl/nl/p/stadler-form-hygiene-tabs-hygienemiddel-luchtbevochtiger-air-purfier-10-pack/9300000165892405/,5,"
    **Hygiene Tabs** Ontdek de Hygiene Tabs van Stadler Form, dit hygiënemiddel is de perfecte partner voor jouw luchtbevochtiger of air purfier. Deze gebruiksvriendelijke, biologisch afbreekbare tabs verzekeren een geurloze, hygiënische omgeving.  Ervaar de kracht van zuiverheid met de in Zwitserland ontwikkelde Hygiene Tabs. Elke tab transformeert uw apparaat in een oase van frisheid, werkend zonder geur en direct effectief. Met een langdurige werking van twee weken per tab geniet u zorgeloos van een hygiënische omgeving. De ware innovatie? Deze tabs respecteren de natuur volledig: ze zijn biologisch afbreekbaar en laten geen schadelijke resten achter. Met de Hygiëne Tabs garandeer je niet alleen een optimale luchtkwaliteit, maar draag je ook bij aan de gezondheid van onze planeet.  **Specificaties** Afmetingen: 16 x 5 x 16 mm Gewicht: 0.016 kg Geschikt voor: alle luchtbevochtigers en air purifiers/luchtreinigers van Stadler Form  **Stadler Form** We willen de wereld verbeteren met luchtbehandeling. Daarom ontwikkelen we bij Stadler Form gewilde huishoudelijke apparaten met een buitengewoon design. Onze producten zijn gemakkelijk en intuïtief in gebruik en zorgen voor een efficiënt stroomverbruik. We willen elegante en waardevolle toevoegingen van het interieur creëren die jouw welzijn verbeteren.
  "
744,Ozon Generator - Ozon Luchtreiniger - Ozongenerator luchtreiniger - Ozon Apparaat,,Merkloos,,,,"79,49",,https://www.bol.com/nl/nl/p/ozon-generator-ozon-luchtreiniger-ozongenerator-luchtreiniger-ozon-apparaat/9300000162753016/,8,"
   Adem schone frisse lucht in: deze ozongenerator kan ozon vrijgeven, zorgt voor een hoog sterilisatietarief van maximaal 99%, doodt effectief bacteriën binnen 20 minuten, verwijdert onaangename geur en houdt fruit en groenten vers, laat u elke dag schone en frisse lucht inademen.     Brede toepassing: de ingebouwde 500mAh-batterij verstrekt ongeveer 7 dagen van werktijd na volledig geladen. De kleine grootte, u kan het in vers compartiment van ijskast, kast, garderobe, autointerieur, keuken, slaapkamer enz.zetten. plaats.     360 graden sterilisatie: ozonmoleculen zijn erg klein, hebben een sterk penetratie-effect op celweefsels, dringen snel door in weefsels om ziekteverwekkers te doden, bieden 360 graden sterilisatie, werken groot in de lucht, op het oppervlak van het object, zelfs in stof.     Twee het werk wijzen: Cycluswijze: druk en houd de machtsknop om de cyclus in te gaan, ademend licht, en het apparaat zal 10 minuten - pauze 8 uren - het werk 10 minuten werken; enige wijze: bij cycluswijze, druk opnieuw, indicatorlicht altijd-aan, en het apparaat werkt 20 minuten en dan automatisch uit.     Let op: tijdens ozondesinfectie en binnen 30 minuten na ozondesinfectie mogen mensen of dieren niet in de kamer of ruimte blijven waar de machine zich bevindt! Anders kan het de gezondheid van uw en dier schaden!   
"
745,Airco Hoes - Airco Afdekhoes - Airco Hoes Buitenunit - Airconditioning - Aircooler - Airco Omkasting - 86X35X60 cm,,Merkloos,,,,"18,99",Op voorraad,https://www.bol.com/nl/nl/p/airco-hoes-airco-afdekhoes-airco-hoes-buitenunit-airconditioning-aircooler-airco-omkasting-86x35x60-cm/9300000165396929/,10,"
Het beschermen van de buitenunit van een airconditioner tegen regen, stof en direct zonlicht kan helpen om de levensduur ervan te verlengen en de efficiëntie te behouden. Het gebruik van een stofhoes zoals degene die je hebt beschreven, is een effectieve manier om de buitenunit te beschermen tegen de elementen en om ervoor te zorgen dat deze goed blijft functioneren. Het minimaliseert ook de noodzaak van frequente reiniging en onderhoud. Het is een goede praktijk om je airconditioner te onderhouden, vooral als je deze voor langere tijd niet gebruikt. Kenmerken:- De stofhoes is zilver van kleur en is gemaakt van polyester. Polyester is een materiaal dat zonlicht kan reflecteren en kan helpen om de veroudering van de airconditioner buitenunit te vertragen.- De hoes is ontworpen om waterdicht en stofdicht te zijn, waardoor het de buitenunit van de airconditioner beschermt.- Het is speciaal ontworpen voor gebruik met de buitenunit van uw airconditioner.- Deze hoes heeft antiseptische en deodoriserende eigenschappen, wat kan helpen om ongewenste geuren en bacteriën te verminderen.- De hoes is gemakkelijk schoon te maken, wat handig is voor onderhoud. PAS OP! Meet uw buitenunit eerst voordat u de hoes koopt. Zo weet u of de hoes past om de buitenunit. Houdt wat speling met het meten! Cover kan er NIET op wanneer de airco gebruikt wordt! Het is een gesloten cover en hierdoor kan het zijn dat de buitenunit te weinig ventilatie krijgt. Cover is dus alleen voor het seizoen dat u NIET de airco gebruikt! Niet wassen in heet water Specificaties:- Materiaal: Polyester- Kleur: Zilver- Maat: 1.5P (86x35x60cm) (ongeveer)- Hoeveelheid: 1 stuk Inhoud van de verpakking:- 1 x Airconditioner Buitenunit Stofhoes Opmerkingen:1. De werkelijke kleur van het item kan enigszins afwijken van de getoonde foto's op de website, afhankelijk van factoren zoals de helderheid van uw monitor en omgevingslicht.2. Houd rekening met kleine handmatige meetafwijkingen voor de gegevens.
"
746,LOUZIR Digitale LCD-display Thermometer / Hygrometer / Klok / Alarm Temperatuur / Vochtigheidsmeter,,LOUZIR,,,,"8,88",Op voorraad,https://www.bol.com/nl/nl/p/louzir-digitale-lcd-display-thermometer-hygrometer-klok-alarm-temperatuur-vochtigheidsmeter/9300000004879199/,8,"
    Niet alleen een thermometer maar ook een wekkerMeet de temperatuur in het bereik van -50 ° C tot 50 ° C bij 0,1 ° C precisieMeet de binnenvochtigheid binnen het bereik van 20% tot 90% RV (toon 10% RV wanneer de luchtvochtigheid lager is dan 20% RV)Veranderbare temperatuur eenheid: Celsius en FahrenheitEen lachend / huilend gezicht geeft het comfortniveau aan (toon lachend gezicht wanneer de temperatuur tussen 18 en 25 ℃ is, anders schreeuwend gezicht)MAX / MIN knop is om de maximale en minimale temperatuurwaarden weer te gevenMet een magneet en een houder op de rug, kan worden bevestigd op metalen oppervlak of op de tafel geplaatstEenvoudig modern design, eenvoudig te lezen LCD-scherm1 x AG13 knop batterij, lage energie kostenDe DC-102 4-in-1 Digitale LCD Display Thermometer / Hygrometer / Klok / Alarm Temperatuur / Vochtigheidsmeter is niet alleen een thermometer, maar ook een wekker die een duidelijk tijdscherm biedt. Het meet de temperatuur in het bereik van -50 ° C tot 50 ° C bij 0,1 ° C, en binnenvochtigheid van 20% tot 90% RH. Deze multifunctionele thermometer beschikt over eenvoudig modern design en gemakkelijk te lezen LCD-scherm. Met de magneet en houder op de achterkant kunt u het op een metalen oppervlak bevestigen of op de tafel plaatsen. Aarzel niet om nu te bestellen!
  "
747,AllSpares NanoProtect HEPA-Koolstoffilter geschikt voor Philips FY1413/30,,AllSpares,,,,"28,89",Op voorraad,https://www.bol.com/nl/nl/p/allspares-nanoprotect-hepa-koolstoffilter-geschikt-voor-philips-fy1413-30/9300000048358697/,2,"
 AllSpares NanoProtect HEPA-Koolstoffilter geschikt voor Philips FY1413/30   Dit koolstoffilter voor Philips luchtreinigers is met een honingraatstructuur ontworpen om verschillende gassen in uw huis effectief te verwijderen, inclusief vluchtige organische stoffen en geuren. Het zorgt voor consistente bescherming en heeft een levensduur tot 12 maanden. Voor optimaal gebruik van uw luchtzuiveraar is het verstandig om het bijhorende HEPA-filter FY1410/30 van AllSpares ook aan te schaffen. 
"
748,Itho Daalderop,Nieuw artikel,Itho Daalderop,,,,"87,99",Op voorraad,https://www.bol.com/nl/nl/p/itho-daalderop-rft-n-auto-bediening-draadloos/9300000150527381/,2,"
Itho Daalderop toebeh./onderdelen voor ventilator, soort mechanische toebehoren overig, soort elektrische toebehoren toerentalregelaar, toebehoren, geschikt voor dakventilator, geschikt voor wandopbouwventilator, geschikt voor boxventilator, geschikt voor circulatieventilator, Klasse: Toebeh./onderdelen voor ventilator Soort elektrische toebehoren: Toerentalregelaar Geschikt voor wandopbouwventilator: Ja Geschikt voor circulatieventilator: Ja Geschikt voor centrifugaalventilator: Nee Vorm: Vierkant Toebehoren: Ja Geschikt voor dakventilator: Ja Geschikt voor boxventilator: Ja Geschikt voor buisventilator: Ja Geschikt voor muurinbouwventilator: Ja
"
749,Stadler Form - Selina Mini - Hygrometer -Luchtvochtigheidsmeter-Zwart,,Stadler Form,,"3,3",26,"17,90",,https://www.bol.com/nl/nl/p/stadler-form-selina-mini-hygrometer-luchtvochtigheidsmeter-zwart/9200000090131418/,4,"
    Dankzij haar state-of-the-art technologie bewaakt Selina in stijl het leefklimaat en geeft nauwkeurig aan of de ruimte te droog - vochtig - warm of koud is. Met een strakke en elegante vormgeving past zij harmonieus in elke woonomgeving en geeft zij precies aan wanneer een luchtbevochtiger gewenst is.  • Met digitale thermometer  • Bereik: 25% / 98% (±3 %)  • Bereik: -10°C / +50°C (±1°C)  • Incl. 2 batterijen
  "
750,Stadler Form - Repel - Etherische Olie - Geurverspreider - Aroma,,Stadler Form,,,,"7,90",Op voorraad,https://www.bol.com/nl/nl/p/stadler-form-repel-etherische-olie-geurverspreider-aroma/9300000163039047/,5,"
    De etherische olie Repel heeft een verfrissend en stimulerend effect op het lichaam. Tegelijkertijd zal de aroma die deze geurolie afgeeft je weren tegen ongewenste insecten.  Repel Stel je een opwekkende mix van natuurlijke pure essentiële oliën voor. Repel heeft een unieke geur van eucalyptus en citrus. Hun unieke aroma’s vormen niet alleen de perfecte geur voor je huis, maar zijn ook mediaal voor je terras, tuin of andere buitenruimtes. Het is algemeen bekend dat insecten dol zijn op de geur van citronella en eucalyptus, wat Repel een geweldige keuze maakt voor de buitenliefhebbers onder ons. De pure essentiële oliën van Stadler Form zijn gemaakt van hoogwaardige plantaardige essenties en geproduceerd op een ecologisch verantwoorde manier. Ook zijn de oliën niet getest op dieren en bevatten ze geen synthetische stoffen, pesticiden of parabenen. Ervaar de verfrissende en opwekkende geur van Repel, een natuurlijke en duurzame keuze voor jou en je omgeving.  Specificaties Geschikt voor elk type aroma diffuser Ideaal voor buitengebruik dankzij citronella 100% pure olie Verfrissende geur van eucalyptus en citrus Ook geschikt voor onze luchtbevochtigers en luchtreinigers  Stadler Form We willen de wereld verbeteren met luchtbehandeling. Daarom ontwikkelen we bij Stadler Form gewilde huishoudelijke apparaten met een buitengewoon design. Onze producten zijn gemakkelijk en intuïtief in gebruik en zorgen voor een efficiënt stroomverbruik. We willen elegante en waardevolle toevoegingen van het interieur creëren die jouw welzijn verbeteren.
  "
751,Airco Hoes - Airco Afdekhoes - Airco Hoes Buitenunit - Airconditioning - Aircooler - Airco Omkasting - 80X30X57 cm,,Merkloos,,,,"18,99",,https://www.bol.com/nl/nl/p/airco-hoes-airco-afdekhoes-airco-hoes-buitenunit-airconditioning-aircooler-airco-omkasting-80x30x57-cm/9300000167894527/,8,"
Het beschermen van de buitenunit van een airconditioner tegen regen, stof en direct zonlicht kan helpen om de levensduur ervan te verlengen en de efficiëntie te behouden. Het gebruik van een stofhoes zoals degene die je hebt beschreven, is een effectieve manier om de buitenunit te beschermen tegen de elementen en om ervoor te zorgen dat deze goed blijft functioneren. Het minimaliseert ook de noodzaak van frequente reiniging en onderhoud. Het is een goede praktijk om je airconditioner te onderhouden, vooral als je deze voor langere tijd niet gebruikt. Kenmerken:- De stofhoes is zilver van kleur en is gemaakt van polyester. Polyester is een materiaal dat zonlicht kan reflecteren en kan helpen om de veroudering van de airconditioner buitenunit te vertragen.- De hoes is ontworpen om waterdicht en stofdicht te zijn, waardoor het de buitenunit van de airconditioner beschermt.- Het is speciaal ontworpen voor gebruik met de buitenunit van uw airconditioner.- Deze hoes heeft antiseptische en deodoriserende eigenschappen, wat kan helpen om ongewenste geuren en bacteriën te verminderen.- De hoes is gemakkelijk schoon te maken, wat handig is voor onderhoud. PAS OP! Meet uw buitenunit eerst voordat u de hoes koopt. Zo weet u of de hoes past om de buitenunit. Houdt wat speling met het meten! Cover kan er NIET op wanneer de airco gebruikt wordt! Het is een gesloten cover en hierdoor kan het zijn dat de buitenunit te weinig ventilatie krijgt. Cover is dus alleen voor het seizoen dat u NIET de airco gebruikt! Niet wassen in heet water Specificaties:- Materiaal: Polyester- Kleur: Zilver- Maat: 1.5P (80x30x57cm) (ongeveer)- Hoeveelheid: 1 stuk Inhoud van de verpakking:- 1 x Airconditioner Buitenunit Stofhoes Opmerkingen:1. De werkelijke kleur van het item kan enigszins afwijken van de getoonde foto's op de website, afhankelijk van factoren zoals de helderheid van uw monitor en omgevingslicht.2. Houd rekening met kleine handmatige meetafwijkingen voor de gegevens.
"
752,P3 International P4620 Ionisator 50 m² Antraciet,,P3 International,,"4,4",7,"63,99",,https://www.bol.com/nl/nl/p/p3-international-p4620-ionisator-50-m-antraciet/9200000128334465/,4,"
P3 International P4620 Ionisator 50 m² Antraciet  Geniet van fris gereinigde en met zuurstof verrijkte lucht, ook in grote ruimtes. In de bergen, op het meer of ook na een onweersbui bevat de lucht een groot aandeel negatief geladen ionen. Hetzelfde effect bereikt uw ionisator. Bovendien worden ook nog sigarettenrook, eetgeuren, stof en pollen, die in de regel positief geladen zijn, door het apparaat aangetrokken en geneutraliseerd. Omdat uw ionisator zonder ventilatormotor en dure filterinzetten werkt, ontstaan er geen storende geluiden en zijn de lopende bedrijfskosten buitengewoon laag. Ideaal voor mensen met een allergie.   Features  Na een onweersbui bevat de lucht een hoog aandeel negatief geladen ionen, deze worden geneutraliseerd   Sigarettenrook, eetgeuren, stof en pollen worden geneutraliseerd   Geen storende geluiden     Highlights  Voor ruimtes tot 50 m²   Slechts ± 1,5 W verbruik   Geruisloze werking    Leveromvang  Ionisator · Gebruiksaanwijzing. 
"
753,Clean Air Optima® UV-Lamp voor Luchtreiniger CA-508,,Clean Air Optima,,"5,0",1,"24,90",,https://www.bol.com/nl/nl/p/clean-air-optima-uv-lamp-voor-luchtreiniger-ca-508/9300000007748727/,2,"
 Clean Air Optima® UV-Lamp voor HEPA UV Ionisator Luchtreiniger CA-508 
 Het ultraviolette licht van de lamp (UV-C straling) met een golflente van 254nm doodt gezondheidsschadelijke micro-organismen zoals: kiemen, virussen, schimmels (schimmelsporen) en bacteriën. Bovendien worden micro-organismen die zich in het apparaat verzameld hebben vernietigd.Daardoor wordt verkomen dat deze zich vermeerderen en door de luchtstroom in de ruimte verdeelt worden. Van al het licht heeft UV licht de hoogste frequentie, de kortste golflengte en bevat daardoor de hoogste hoeveelheid aan energie die door haar straling de buitenzijde membraam van het organisme doorboort en de DNA vernietigt.Met wereldwijd duizenden geïnstalleerde apparaten van dit type heeft de geïntegreerde UV – technologie bewezen, dat UV straling hoogeffectief is tegen pathogene virussen, bacteriën en eencellige.Door de toepassing van UV licht kunnen microbiologische inactiverende percentages van 99,99% en hoger bereikt worden.  
 De UV lamp van de Clean Air Optima® HEPA UV Ionisator luchtreiniger CA-508 heeft een levensduur van 8000 bedrijfsuren = 1 jaar 24/7 bedrijf. 
 
 
"
754,"Vacuümpomp 42Ltr/min - 180Watt - 1 traps vacuümpomp - Max: 0,05Bar SPERO",,Spero,,,,"119,95",,https://www.bol.com/nl/nl/p/vacuumpomp-42ltr-min-180watt-1-traps-vacuumpomp-max-0-05bar-spero/9300000071159709/,5,"
 Spero SPV115 - 42 liter/min - 1-Traps Vacuumpomp 0.05bar 180WattDe 1-traps vacuumpomp van het merk SPERO voor gebruik in de modelbouw, airco branch, kunststof en composiet verwerking, mallenbouw etc. De maximaal te bereiken onderdruk is bij dit model 0.05 Bar. De pomp is lichtgewicht en mooi compact met een stabiel en luxe handvat. Dit model is geschikt voor kleine en middelgrote systemen of projecten. Moet een vacuümpomp langere tijd dan 15 minuten aanstaan, dan moet er gebruik gemaakt worden van de vacuümpompen met een onderdruk tank.Wanneer dit model open pomp te lang gebruikt word achter elkaar, zal de olie verdampen en dient deze aangevuld te worden.Model: SPV115Vermogen: 180Watt - 1/4 PKCapaciteit: 42 liter p/minMax. vacuumdruk: 0.05barOlie vulling: 220mlAansluiting: 1/4"" FlareAfmetingen: 273 x 110 x 207mmGewicht: 5.2kgInclusief: Machine, olie 
"
755,aeg luchtreiniger filter,,Electrolux,,,,"60,-",Op voorraad,https://www.bol.com/nl/nl/p/aeg-luchtreiniger-filter/9300000135269461/,9,"
    Electrolux AFWBTH3. Aantal per verpakking: 1 stuk(s)
  "
756,HEPA-filter geschikt voor Dyson HP04/TP04/DP04,,Merkloos,,"3,3",7,"37,85",Op voorraad,https://www.bol.com/nl/nl/p/hepa-filter-geschikt-voor-dyson-hp04-tp04-dp04/9200000115230187/,11,"
Let op! Controleer voor aanschaf het modelnummer van uw Dyson luchtreiniger. Deze filter is enkel geschikt voor de volgende (2018) modellen: DP04/HP04/TP04. Niet geschikt voor andere Dyson modellen!Verleng de levensduur van je Dyson Pure Cool Link en de Dyson Pure Hot+Cool Link 2018 door eens in het jaar het filter te vervangen.Dit 360° HEPA glasvezelfilter haalt 99,95 % van de deeltjes uit de lucht.en is geschikt om ultra-fijne deeltjes tot 0,1 micrometer effectief uit de lucht te filteren inclusief allergenen, pollen, bacteriën en huidschilfers.Daarnaast worden vieze geuren en mogelijke schadelijke stoffen uit de lucht gefilterd. Wanneer je de luchtreiniger gemiddeld 12 uur per dag gebruikt, vervang je de filter na 1 jaar. Dit 360° HEPA vervangfilter is niet van het merk Dyson maar wel geschikt voor onderstaande luchtbehandelingsapparaten van Dyson:VErvangt Onderdeelnummer: 969048-03, 96904803.
  "
757,"Dparts filterset van 2 stuks WTW filters - met klittenband - filterklasse G3 - Geschikt voor Zehnder en StorkAir WHR 930 (whr930) - 950 (whr950) - 960 (whr960) - voor warmteterugwinapparaat, centrale ventilatie met warmteterugwinning - filter 6040120",,Dparts,,,,"16,99",Op voorraad,https://www.bol.com/nl/nl/p/dparts-filterset-van-2-stuks-wtw-filters-met-klittenband-filterklasse-g3-geschikt-voor-zehnder-en-storkair-whr-930-950-960-voor-warmteterugwinapparaat-centrale-ventilatie-met-warmteterugwinning-filter-6040120/9300000118874045/,0,"

1 Set van 2 stuks WTW filters!
Inclusief klittenband voor het makkelijk bevestigen!
Standaard filters voor alle Zehnder en StorkAir WHR 930, 950 en 960 warmteterugwinapparaten!

 Uitleg: 
 Met deze Dparts WTW filterset houd je alles schoon en hygiënisch in je huis. Door regelmatig de filters te vervangen van je centrale ventilatie zorg je ervoor dat vuil en stof zich niet ophoopt. Dat scheelt weer onnodige onderhoud in de toekomst en je luchtwegen zullen je dankbaar zijn! 
 Geschikt voor Zehnder en StorkAir: 

WHR 930
WHR 950
WHR 960

 Afmeting 

20 x 50cm

 Verpakkingsinhoud 

2 Dparts WTW filters type WHR 930, 950, 960.

"
758,Xiaomi SCG4026L M6R-FLP HEPA-filter,,Xiaomi,Xiaomi Mi,,,"39,95",Op voorraad,https://www.bol.com/nl/nl/p/xiaomi-mi-air-purifier-formaldehyde-filter/9300000025849634/,4,"
Xiaomi SCG4026L M6R-FLP HEPA-filter  HEPA13 filter: Filtert 99,97% van alle allergenen stoffen vanaf 0,3 micron. Eindelijk doorademen met de luchtreiniger van Xiaomi. De Mi Air Purifier maakt het eindelijk mogelijk om alle allergiepatiënten diep door te ademen. Deze kleine hulp bevrijdt uw kamerlucht van huisstof, pollen, sigarettenrook, fijnstof, aerosolen en andere allergenen. De teksten voor dit artikel zijn automatisch vertaald.   Features      Highlights  3-voudig filtersysteem   HEPA13 filter   Geschikt voor de Mi Air Purifier 2, 2H, 2S, 3, 3H en Pro    Leveromvang  Luchtfilter, Gebruiksaanwijzing. 
"
759,Geurverwijderaar voor in de koelkast,,Prem-I-Air,,"3,0",3,"11,95",Op voorraad,https://www.bol.com/nl/nl/p/geurverwijderaar-voor-in-de-koelkast/9200000076316934/,0,"
    Deze koelkast geurverwijderaar neutraliseert ongewenste geuren snel en efficiënt. Uw koelkast ruikt geheel fris en schoon. De geurverwijderaar werkt maximaal 6 maanden. Tussendoor dient u de geurverwijderaar  door elkaar te schudden om hem tussendoor te reactiveren. Het product maakt gebruik van hoge kwaliteit geurabsorberende kristallen die zich bevinden in een sterke kunststof behuizing. Geschikt voor iedere koelkast.
  "
760,Venta Reiniger,,Venta,,"4,1",8,"18,95",Op voorraad,https://www.bol.com/nl/nl/p/venta-reiniger/9200000037911155/,6,"
    De Venta reiniger gebruikt u 2 keer per jaar om uw Venta luchtbevochtiger grondig te reinigen. Zo blijft uw Venta luchtbevochtiger in optimale conditie. Komt op plaatsen waar u anders nooit bijkomt Houdt uw Venta airwasher in topconditieVoor een grondige reiniging van uw luchtbevochtiger
"
761,"Kunststof Airco Omkasting Cover – Buitenunit Omkasting ""Houtlook"" WIT RAL 9010 85x105x54",,Flori,,,,"319,-",Op voorraad,https://www.bol.com/nl/nl/p/kunststof-airco-omkasting-cover-buitenunit-omkasting-houtlook-wit-ral-9010-85x105x54/9300000141330635/,6,"
 De Airco buitenunit omkasting is een duurzame omkasting gemaakt van 100% gerecycled kunststof – verfraaien niet alleen uw huis, maar dragen ook bij aan een beter milieu. De omkasting rondom de airco buitenunit zorgt dat de airco netjes wordt weggewerkt, zonder de werking en het rendement van de airco te belemmeren. Het materiaal heeft de uitstraling van hout en blijft lang mooi onder alle weersomstandigheden. De achterzijde van de omkasting is volledig open. Alle benodigde bevestigings materialen meegeleverd   Kunststof covers zijn duurzaam, betrouwbaar en onderhoudsvrij.Geschikt voor de buitenunits: 2.5 kw – 3.5 kw – 5.0 kwBuitenmaten – afmeting 85x105x54Cm   Kleur – WIT RAL 9010 –   Specificaties:Elegante en fraaie afwerking van de airco buitenunitDuurzaam – onderhoudsvrijDe buitenunit beschermd tegen vele weersomstandigheden.Geen invloed op de werking van de airco – officieel getestGeen rot of gladheid, splintert nietDeze maatvoering is geschikt voor buitenunits van 2.5 – 3.5 – 5.0KwCompatibel met alle airco merkenUV-gestabiliseerdBuitenmaten – afmeting 85x105x54Cm ( hoogte x breedte x diepte )Benodigde bevestigings materialen meegeleverd2 JAAR GARANTIE   
"
762,Clean Air Optima® UV-Lamp voor Luchtreiniger CA-401,,Clean Air Optima,,"5,0",1,"24,90",,https://www.bol.com/nl/nl/p/clean-air-optima-uv-lamp-voor-luchtreiniger-ca-401/9300000038528268/,0,"
 Clean Air Optima® UV-Lamp voor UV Plasma Ionisator Luchtreiniger CA-401 
 Het ultraviolette licht van de lamp (UV-C straling) met een golflente van 254nm doodt gezondheidsschadelijke micro-organismen zoals: kiemen, virussen, schimmels (schimmelsporen) en bacteriën. Bovendien worden micro-organismen die zich in het apparaat verzameld hebben vernietigd.Daardoor wordt verkomen dat deze zich vermeerderen en door de luchtstroom in de ruimte verdeelt worden. Van al het licht heeft UV licht de hoogste frequentie, de kortste golflengte en bevat daardoor de hoogste hoeveelheid aan energie die door haar straling de buitenzijde membraam van het organisme doorboort en de DNA vernietigt.Met wereldwijd duizenden geïnstalleerde apparaten van dit type heeft de geïntegreerde UV – technologie bewezen, dat UV straling hoogeffectief is tegen pathogene virussen, bacteriën en eencellige.Door de toepassing van UV licht kunnen microbiologische inactiverende percentages van 99,99% en hoger bereikt worden.  
 De UV lamp van de Clean Air Optima® UV Plasma Ionisator luchtreiniger CA-401 heeft een levensduur van 8000 bedrijfsuren = 1 jaar 24/7 bedrijf. 
"
763,Garden High Pro Profan TT Extractor Fan - 405-520m3 - 2 speed - Flens 150 mm - 30 cm x 24 cm x 27 cm,Nieuw artikel,Garden High pro,,,,"84,-",Op voorraad,https://www.bol.com/nl/nl/p/garden-high-pro-profan-tt-extractor-fan-405-520m3-2-speed-flens-150-mm-30-cm-x-24-cm-x-27-cm/9200000103784852/,9,"
    Een goede ventilator met een gunstige prijs/prestatie verhouding. Deze ventilator heeft twee snelheden die dmv een schakelaar ingesteld kunnen worden. Wordt met aansluitsnoer geleverd.Specificaties

Verbruik: 30W 1680 r/min 405 m3/h
Verbruik  60W 2460 r/min 520 m3/h
Motor : 100% koper
Voltage : 210-220v 60/50Hz
Afmetingen : 30 cm x 24 cm x 27 cm

"
764,Clean Air Optima® 2x UV-Lamp voor Luchtreiniger CA-509Pro Smart/CA-510Pro Smart,,Clean Air Optima,,,,"29,90",,https://www.bol.com/nl/nl/p/clean-air-optima-2x-uv-lamp-voor-luchtreiniger-ca-509pro-smart-ca-510pro-smart/9300000095234877/,2,"
 Clean Air Optima® 2x UV-Lamp voor Intelligente HEPA UV Ionisator Luchtreiniger CA-509Pro Smart/CA-510Pro Smart 
 Het ultraviolette licht van de lamp (UV-C straling) met een golflente van 254nm doodt gezondheidsschadelijke micro-organismen zoals: kiemen, virussen, schimmels (schimmelsporen) en bacteriën. Bovendien worden micro-organismen die zich in het apparaat verzameld hebben vernietigd.Daardoor wordt verkomen dat deze zich vermeerderen en door de luchtstroom in de ruimte verdeelt worden. Van al het licht heeft UV licht de hoogste frequentie, de kortste golflengte en bevat daardoor de hoogste hoeveelheid aan energie die door haar straling de buitenzijde membraam van het organisme doorboort en de DNA vernietigt.Met wereldwijd duizenden geïnstalleerde apparaten van dit type heeft de geïntegreerde UV – technologie bewezen, dat UV straling hoogeffectief is tegen pathogene virussen, bacteriën en eencellige.Door de toepassing van UV licht kunnen microbiologische inactiverende percentages van 99,99% en hoger bereikt worden. 
 De UV lampen van de Clean Air Optima® Intelligente HEPA UV Ionisator luchtreiniger CA-509Pro Smart/CA-510Pro Smart hebben een levensduur van 8000 bedrijfsuren = 1 jaar 24/7 bedrijf. 
"
765,DEC kunststof toevoer/afvoer ventilatie ventiel met klemveren spierwit RAL9010 Ø 100 mm - DAV100,,DEC INTERNATIONAL,,,,"9,95",Op voorraad,https://www.bol.com/nl/nl/p/dec-kunststof-toevoer-afvoer-ventilatie-ventiel-met-klemveren-spierwit-ral9010-o-100-mm-dav100/9300000171430026/,6,"
    Dit prachtig spierwitte ventilatieventiel is een voordelige en nette afwerking voor alle toevoeren en afvoeren van ronde ventilatiekanalen. Het kan dus gebruikt worden als afvoerventiel en als toevoerventiel. Met de geïntegreerde klemveren monteer je het snel en veilig op een ronde buis (let op de aansluitdiameter) in het plafond of in de wand. Wil je op een flexibele luchtslang monteren? Maak dan gebruik van een montagebus (product/dec-montagebus-t-b-v-100-mm-ventilatieventiel/). Omdat het ventiel traploos instelbaar is, kan je heel nauwkeurig de luchtdoorvoer regelen en dankzij de geluidsabsorberende foam wordt geluidsoverlast tot een minimum beperkt.
  "
766,Honeywell HRFJ830E HEPA Filter J Reservefilter,,Honeywell,,,,"59,81",,https://www.bol.com/nl/nl/p/honeywell-hrfj830e-reservefilter/9300000105091113/,4,"
Honeywell HRFJ830E HEPA Filter J Reservefilter  HEPA-filter voor luchtreiniger HPA830WE4 (bestnr. 2489514).   Features      Highlights      Leveromvang  null 
"
767,"Kunststof Airco Omkasting Cover – Buitenunit Omkasting ""Houtlook"" Zwart RAL 9005 85x105x54",,Floli,,,,"299,-",Op voorraad,https://www.bol.com/nl/nl/p/kunststof-airco-omkasting-cover-buitenunit-omkasting-houtlook-zwart-ral-9005-85x105x54/9300000109241928/,6,"
 NIEUW PROMOTIE AANBIEDING!! De Airco buitenunit omkasting is een duurzame omkasting gemaakt van 100% gerecycled kunststof – verfraaien niet alleen uw huis, maar dragen ook bij aan een beter milieu. De omkasting rondom de airco buitenunit zorgt dat de airco netjes wordt weggewerkt, zonder de werking en het rendement van de airco te belemmeren. Het materiaal heeft de uitstraling van hout en blijft lang mooi onder alle weersomstandigheden. De achterzijde van de omkasting is volledig open. Alle benodigde bevestigings materialen meegeleverd   Eenvoudig in elkaar te zetten, nederlandse handleiding, rvs schroevenset, en gereedschap bijgeleverd !   Onze kunststof covers zijn duurzaam, betrouwbaar en onderhoudsvrij.Geschikt voor de buitenunits: 2.5 kw – 3.5 kw – 5.0 kwBuitenmaten – afmeting 105 Breedte x85 Hoogte x54Cm Diepte.   
"
768,CLINAIR airco reiniger en refresher - 500ml - geschikt voor binnenunit en buitenunit - airconditioner warmtepomp luchtreiniger - spray cleaner reinigingsspray,,CLINAIR,,,,"21,99",Op voorraad,https://www.bol.com/nl/nl/p/clinair-airco-reiniger-en-refresher-500ml-geschikt-voor-binnenunit-en-buitenunit-airconditioner-warmtepomp-luchtreiniger-spray-cleaner-reinigingsspray/9300000156351777/,2,"
   Voor binnen- en buitenunits geschikt! Verwijdert stof en nare geurtjes!! Druppelvrije formule!   CLINAIR airco reiniger is een reinigingsmiddel en ontsmettingsmiddel voor airco's.   De ontsmettingsformule, gebaseerd op oppervlakte-actieve stoffen en ingrediënten van natuurlijke oorsprong, ontsmet en verwijdert nare geurtjes uit airco's, zodat je huis altijd lekker ruikt!   Dankzij de speciale antidruppelformule is CLINAIR airco reiniger gebruiksvriendelijk. CLINAIR airco reiniger kan worden gebruikt op airco's (binnen- en buitenunit), warmtepompen, luchtreinigers en bijbehorende filters. CLINAIR airco reiniger is geschikt voor gebruik op plastic, aluminium en gelakte oppervlakken. Het wordt afgeraden om CLINAIR airco reiniger op elektrische componenten (printplaten etc.) te gebruiken.   CLINAIR airco reiniger is veilig en milieuvriendelijk, waardoor het niet alleen ideaal is voor gebruik in huis maar ook voor professionele schoonmakers fijn is om mee te werken.  Verpakkingsinhoud:  CLINAIR airco reiniger in sprayflacon - 500ml - 1 stuk    
"
769,TROTEC LiQVit 1000 ml hygiënemiddel,,Trotec,,"4,5",4,"19,95",,https://www.bol.com/nl/nl/p/trotec-liqvit-1000-ml-hygienemiddel/9200000040782473/,5,"
LiQVit hygiënemiddel 1000 mlWaterhygiënemiddel voor het voorkomen van kiem-, alg-, schimmel- of bacterievorming. Dit exclusieve Trotec-product kan veelzijdig worden toegepast: Bijvoorbeeld bij luchtbevochtigers, kamerfonteinen, radiatorverdampers, etc.LiQVit hygiënemiddel in 1000 ml flesVoordelen bij het gebruik van LiQVit:• Zorgt voor hygiënisch probleemloos verdampingswater in de luchtbevochtiger• Kiem-, alg-, schimmel- of bacterievorming wordt verhinderd• Kalkafzettingen worden verminderd• Minerale afzettingen worden gereduceerd• De standtijd van het verdampingsfilter wordt verlengd• Verlaagt de oppervlaktespanning van het water (maximaal 30% meer verdampingscapaciteit!)Mogelijke toepassingen:• Luchtbevochtigers• Kamerfonteinen• Radiatorverdampers• en veel meer..Bovendien is het waterhygiënemiddel LiQVit zeer voordelig:Op 10 liter water is het toevoegen van 25 ml LiQVit voldoende om het water hygiënisch probleemloos te houden!
  "
770,Clean Air Optima® Waterfilter W-03 - Geschikt voor Luchtbevochtiger CA-603,,Clean Air Optima,,,,"18,90",,https://www.bol.com/nl/nl/p/clean-air-optima-waterfilter-w-03-geschikt-voor-luchtbevochtiger-ca-603/9300000165076762/,0,"
• Zorgt voor het ontkalken, reinigen en verzachten van het water• Geschikt voor luchtbevochtiger CA-603Waterfilter W-03De Clean Air Optima® luchtbevochtiger CA-603 is uitgerust met een waterfilter dat zorgt voor het ontkalken, reinigen en verzachten van het leidingwater en daardoor kalkvorming en slecht geurend water voorkomt.Het waterfilter kan 2x per week gereinigd worden onder stromend leidingwater.Het waterfilter W-03 vermindert de kalkaanslag in het water en de ongewenste uitstoot van kalkdeeltjes in de ruimte.Effectief gedurende één tot drie maanden, afhankelijk van de waterhardheid.
"
771,Stadler Form - Oskar Accessories Pack - Luchtontvochtigeraccesoires,,Stadler Form,,"4,0",1,"60,-",,https://www.bol.com/nl/nl/p/stadler-form-oskar-accessories-pack-luchtontvochtigeraccesoires/9200000124269930/,6,"
    Een geheel Oskar accessoires pakket! Hierin vind je alles wat je nodig hebt om je Oskar goed te onderhouden. Het pakket bevat:1x Oskar Evaporator Filter (4 pack)1x Water Cube1x Schoonmaakmiddel speciaal voor Oskar & Ontkalker (500 ml)1x Essential oil Refresh (10 ml) Geurolie
  "
772,Stadler Form - Fred - Anti Kalk Bal - 2-Pack - Fred luchtbevochtiger,,Stadler Form,Stadler Form Fred,"5,0",3,"10,90",,https://www.bol.com/nl/nl/p/stadler-form-fred-anti-kalk-bal-2-pack-fred-luchtbevochtiger/9200000052089644/,4,"
    Deze anti-kalk bal is speciaal ontworpen voor de Fred. Met deze anti-kalk bol wordt kalkvorming zowel binnen als buiten de luchtbevochtiger voorkomen. Vervang de Stadler Form Magic Ball elke 2 tot 3 maanden voor een optimaal resultaat.
  "
773,Stadler Form - Selina Mini - Hygrometer - Luchtvochtigheidsmeter - Wit,,Stadler Form,,"3,3",26,"17,90",,https://www.bol.com/nl/nl/p/stadler-form-selina-mini-hygrometer-luchtvochtigheidsmeter-wit/9200000093137941/,6,"
    Dankzij haar state-of-the-art technologie bewaakt Selina in stijl het leefklimaat en geeft nauwkeurig aan of de ruimte te droog - vochtig - warm of koud is. Met een strakke en elegante vormgeving past zij harmonieus in elke woonomgeving en geeft zij precies aan wanneer een luchtbevochtiger gewenst is.  • Met digitale thermometer  • Bereik: 25% / 98% (±3 %)  • Bereik: -10°C / +50°C (±1°C)  • Incl. 2 batterijen
  "
774,AllSpares 360° HEPA-filter voor Luchtreinigers geschikt voor Dyson PH01 / HP06 / TP06 / HP07 (Ø210x220mm),,AllSpares,,,,"47,99",Op voorraad,https://www.bol.com/nl/nl/p/allspares-360-hepa-filter-voor-luchtreinigers-geschikt-voor-dyson-ph01-hp06-tp06-hp07/9300000170923191/,4,"
    AllSpares 360° HEPA-filter voor Luchtreinigers geschikt voor Dyson PH01 / HP06 / TP06 / HP07 (Ø210x220mm)  - Verbeter de luchtkwaliteit in uw woonruimtes. - Het advies is het filter na 12 maanden te vervangen of wanneer het apparaat dit zelf aangeeft.   - Inhoud: 1x 360° HEPA-filter (2 onderdelen).    - Kosten besparen door te kiezen voor ons huismerk AllSpares: een goedkope oplossing ten opzichte van een duur origineel filter. Filters van AllSpares evenaren de kwaliteit van de originele filters. - Eenvoudig te installeren en te vervangen | De filters van AllSpares zijn compatibel met het origineel en passen perfect in de Dyson PH01 / HP06 / TP06 / HP07.   - AllSpares filters hebben een stijlvol design en passen daardoor in elk interieur. 
"
775,Clean Air Optima® UV-Lamp voor Luchtreiniger CA-506,,Clean Air Optima,,"5,0",2,"21,90",,https://www.bol.com/nl/nl/p/clean-air-optima-uv-lamp-voor-luchtreiniger-ca-506/9300000007748728/,2,"
 Clean Air Optima® UV-Lamp voor HEPA UV Ionisator Luchtreiniger CA-506 
 Het ultraviolette licht van de lamp (UV-C straling) met een golflente van 254nm doodt gezondheidsschadelijke micro-organismen zoals: kiemen, virussen, schimmels (schimmelsporen) en bacteriën. Bovendien worden micro-organismen die zich in het apparaat verzameld hebben vernietigd.Daardoor wordt verkomen dat deze zich vermeerderen en door de luchtstroom in de ruimte verdeelt worden. Van al het licht heeft UV licht de hoogste frequentie, de kortste golflengte en bevat daardoor de hoogste hoeveelheid aan energie die door haar straling de buitenzijde membraam van het organisme doorboort en de DNA vernietigt.Met wereldwijd duizenden geïnstalleerde apparaten van dit type heeft de geïntegreerde UV – technologie bewezen, dat UV straling hoogeffectief is tegen pathogene virussen, bacteriën en eencellige.Door de toepassing van UV licht kunnen microbiologische inactiverende percentages van 99,99% en hoger bereikt worden.  
 De UV lamp van de Clean Air Optima® HEPA UV Ionisator luchtreiniger CA-506 heeft een levensduur van 8000 bedrijfsuren = 1 jaar 24/7 bedrijf. 
 
"
776,Mooie airco omkasting buitenunit - wit - airco ombouw airconditioning - airco unit - van hoogwaardig aluminium,,Merkloos,,,,"518,99",,https://www.bol.com/nl/nl/p/mooie-airco-omkasting-buitenunit-wit-airco-ombouw-airconditioning-airco-unit-van-hoogwaardig-aluminium/9300000133499044/,2,"
Afdekking airconditioner wit 90 x 70 x 45 cm Buitenafmetingen: L 900 x H 700 x D 450 mm Kleur: Grijs Materiaal: Aluminium composietHoogte: 700 mm Breedte: 900 mmDiepte: 450 mm, kleur: grijsMateriaal: aluminium composiet Meegeleverde accessoires: 28 schroeven en moeren van nylon, montagehandleiding (mogelijk niet beschikbaar in het Nederlands). niet in het Duits)
"
777,Europlast inline buisventilator 100m3 Ø 100mm - EK100,,Europlast,,,,"33,95",Op voorraad,https://www.bol.com/nl/nl/p/europlast-inline-buisventilator-100m3-o-100mm-ek100/9300000171429875/,2,"
    Optimale ventilatie van elke gewenste ruimte dankzij de kunststof buisventilator van Europlast. De buisventilator kan eenvoudig aangesloten worden op een kunststof ventilatiebuis, spirobuis of ventilatieslang. Dankzij de vormgeving en de neutrale witte kleur integreert de kanaalventilator perfect in elk interieur. De afzuigingscapaciteit van de buisventilator is bijzonder hoog, terwijl het geluidsniveau erg laag ligt. De onderhoudsarme buis ventilator is eenvoudig schoon te maken door deze uit de buis of muur te halen. Na het schoonmaken kan de kanaalventilator makkelijk teruggeplaatst worden. Ondanks de afmeting is de buisventilator dankzij het gebruik van kunststof licht in gewicht en hierdoor makkelijk en snel te installeren.
  "
778,TROTEC Thermo hygrometer (Design) BZ22M analoog,,Trotec,,,,"89,95",,https://www.bol.com/nl/nl/p/trotec-thermo-hygrometer-bz22m-analoog/9300000035110902/,10,"
Wijzerplaat met een speciaal design - toont meetwaarden en zorgt voor duidelijkheidDankzij het speciale design worden de klimaatwaarden op begrijpelijke wijze weergegeven en zijn ze zelfs vanaf een grote afstand goed afleesbaar. Waar andere meetapparaten gebruik maken van een veelheid aan wijzers en cijfers, scoort de BZ22M met zijn unieke wijzerplaat in een design met gekruiste wijzers.Eenvoudig zelf bij te stellen voor langdurig nauwkeurige meetresultatenDesgewenst kan de aanduiding van de onderhoudsarme thermo-hygrometer worden ingesteld met behulp van een gemakkelijk toegankelijke stelschroef.Alle vier de meetwaarden worden tegelijkertijd en gemakkelijk afleesbaar met gekruiste wijzers weergegeven op de wijzerplaat. Ideale voorwaarden, om te allen tijde een goed overzicht te hebben van de belangrijke klimaatparameters.Temperatuurmeting:* Meetbereik: 8 °C tot 40 °C* Meetnauwkeurigheid: ± 2 °CLuchtvochtigheidsmeting:* Relatieve luchtvochtigheid: 26 tot 100 %* Dauwpunttemperatuur: -4 tot 24 °C* Verzadigingsvochtigheid: 2 tot 50 g/m³* Meetnauwkeurigheid: ± 3 % r.v. De hoogwaardige analoge Thermo-hygrometer BZ22M is aan te bevelen voor permanente controle van het klimaat in binnenruimten en ter voorkoming van schimmelvorming en corrosie.Voordelen in de praktijk:* Vier klimaatwaarden op één wijzerplaat: temperatuur in de ruimte, relatieve luchtvochtigheid, verzadigingsvochtigheid en dauwpunttemperatuur* Analoge precisie-meettechniek „Made in Germany“* Speciaal design met gekruiste wijzers* Eenvoudig afleesbaar en snelle interpretatie van de meetwaarde* Met bijstelmogelijkheid
"
779,AllSpares NanoProtect S3 HEPA-Koolstoffilter voor Luchtreinigers geschikt voor Philips FY3430/30 (318x245x155mm),,AllSpares,,,,"59,99",Op voorraad,https://www.bol.com/nl/nl/p/allspares-nanoprotect-s3-hepa-koolstoffilter-voor-luchtreinigers-geschikt-voor-philips-fy3430-30/9300000170498578/,2,"
    AllSpares NanoProtect S3 HEPA-Koolstoffilter voor Luchtreinigers geschikt voor Philips FY3430/30 (318x245x155mm)  Dit geïntegreerde HEPA-filter en Active Carbon-filter voor Philips luchtreinigers verwijdert effectief tot 99,9 % van bacteriën en virussen. Allergenen zoals pollen, stof, huisstofmijt en schilfers van huisdieren worden effectief geabsorbeerd. Dankzij het alles-in-één ontwerp, kan het actieve koolstoffilter met geïntegreerde HEPA-laag snel en eenvoudig worden geplaatst voor een moeiteloos filteronderhoud.   - Verbeter de luchtkwaliteit in uw woonruimtes.- Het filter is duurzaam en gaat lang mee, waardoor het een kostenbesparende optie is.- Inhoud: HEPA-Koolstoffilter (1x).    - Kosten besparen door te kiezen voor ons huismerk AllSpares: een goedkope oplossing ten opzichte van een duur origineel filter. Filters van AllSpares evenaren de kwaliteit van de originele filters.- Eenvoudig te installeren en te vervangen | De filters van AllSpares zijn compatibel met het origineel en passen perfect in de Philips FY3430/30.- AllSpares filters hebben een stijlvol design en passen daardoor in elk interieur. 
"
780,Ecovacs Airbot Z1 - Bevochtigingmodule,,Ecovacs,,,,"99,-",,https://www.bol.com/nl/nl/p/ecovacs-airbot-z1-bevochtigingmodule/9300000140112137/,0,"
 De Ecovacs Airbot Z1 bevochtigingsmodule is een compacte en efficiënte oplossing voor het verhogen van de luchtvochtigheid in uw huis. De module kan gemakkelijk worden geïnstalleerd in de Airbot Z1.   De module heeft een groot waterreservoir met een capaciteit van 1,3 liter, waardoor het niet vaak hoeft te worden bijgevuld. Het gebruikt ultrasone technologie om water te vernevelen en de luchtvochtigheid te verhogen, waardoor de lucht aangenamer en gezonder is voor u en uw gezin.   Het apparaat is slim ontworpen en heeft een automatische afslagfunctie, die voorkomt dat het reservoir leegraakt en beschadigd raakt. Het heeft ook een LED-indicator die aangeeft wanneer het waterreservoir bijgevuld moet worden.   Met de Ecovacs Airbot Z1 bevochtigingsmodule kunt u de luchtvochtigheid in uw huis eenvoudig regelen met een druk op de knop en genieten van een gezonde en comfortabele leefomgeving. 
"
781,Europlast metalen ventilatierooster rond wit Ø 125mm - MR125,,Europlast,,,,"13,95",Op voorraad,https://www.bol.com/nl/nl/p/europlast-metalen-ventilatierooster-rond-wit-o-125mm-mr125/9300000171429961/,3,"
    Met dit degelijke ronde ventilatierooster werk je jouw ventilatiesysteem netjes af. Het rooster is zowel binnen als buiten te gebruiken. Het is geschikt voor mechanische ventilatiesystemen, maar kan ook gebruikt worden voor muur- of deurventilatie. Ook is het toepasbaar voor zowel inblaas- als afvoertoepassingen. Kortom: een heel veelzijdig rooster dus! Dankzij het gaas hoef je je bovendien geen zorgen te maken over vuil en insecten en door de schuine lamellen beschermt het rooster ook goed tegen regen en wind. Verkrijgbaar in verschillende afmetingen en kleuren.
  "
782,Honeywell Pre-Filter A Reservefilter,,Honeywell,,,,"17,49",,https://www.bol.com/nl/nl/p/honeywell-hrfa830e-reservefilter/9300000083027252/,5,"
Honeywell Pre-Filter A Reservefilter  Voorfilter met actieve kool voor luchtreiniger HPA830 (bestnr. 2489515).   Features      Highlights      Leveromvang  1x voorfilter met actieve kool    Opmerking  Het geleverde materiaal is, in tegenstelling met wat op de verpakking staat, voldoende om één keer het HEPA-filter (bestnr. 2489515) mee te bedekken. Illustration similar. 
"
783,ulsonix Ozongenerator - 7.000 mg/h - 98 Watt - digitaal,,Ulsonix,,"5,0",1,"129,-",,https://www.bol.com/nl/nl/p/ulsonix-ozongenerator-7-000-mg-h-98-watt-digitaal/9200000129807347/,14,"
Ozongenerator - 7.000 mg/h - 98 Watt - digitaal De AIRCLEAN 7G ozongenerator van Ulsonix is ​​speciaal ontworpen voor professionele luchtbehandeling in gesloten ruimtes. Met de zeer efficiënte generator kan zelfs intense geurverontreiniging snel en effectief worden geneutraliseerd. Het krachtige ozonapparaat gaat verschillende soorten luchtverontreiniging tegen, het reinigt bijvoorbeeld van allergenen, schadelijke schimmelsporen, onaangename geuren van dieren of sigaretten. Daarnaast is de generator ook geschikt voor commercieel gebruik zoals autowerkplaatsen, voor binnenlucht- en gebouwrenovaties, in afval- en sanitaire ruimtes of in de hotelbranche. Product hoogtepunten  Ozonproductie: 7.000 mg / uur Luchtcirculatie: 170 m³ / uur Geïntegreerd UV-licht Vermogen: 98 W. Timerfunctie tot 24 uur   De AIRCLEAN 7G maakt indruk met zijn efficiënte ozonproductie van 7.000 mg / uur. De constante ozonproductie wordt gegarandeerd door de in de generator geïntegreerde UV-lamp. De ingebouwde ventilator zorgt voor een gelijkmatige verdeling van de ozon in de kamer met een krachtige luchtcirculatie van 170 m³ / h. Het luchtfilter dat aan de achterkant van de behuizing is bevestigd, vormt een aanvulling op de hoogwaardige luchtcirculatie door bescherming te bieden tegen vervuiling van de technologie en de levensduur van de ozongenerator te ondersteunen. Het luchtfilter kan indien nodig eenvoudig en zonder gereedschap worden vervangen.
"
784,"Ozon Generator - Ozon Luchtreiniger - Ozongenerator luchtreiniger - Ozon Apparaat - 18,000 mg/h",,Merkloos,,,,"205,95",,https://www.bol.com/nl/nl/p/ozon-generator-ozon-luchtreiniger-ozongenerator-luchtreiniger-ozon-apparaat-18-000-mg-h/9300000162800509/,7,"
   Krachtige ozonluchtreiniger: ozonafgifte 18000 mg. Dit is dezelfde manier als ozon wordt geproduceerd in de natuur (flash) en is het geheime wapen van de geur van de natuur. Ozongeneratorreinigers helpen bij het elimineren en vertragen van de groei van schimmels, schimmels en schimmels, verminderen allergenen.     【Efficiënt en energiebesparend】deze ozongenerator biedt een verscheidenheid aan desinfectiemogelijkheden: 0-60 vierkante meter, de desinfectie van ongeveer 50 vierkante meter duurt slechts 20 minuten. Laag energieverbruik en energiebesparing. Veilig, stil en efficiënt.     【Draagbaar duurzaam ontwerp】draagbaar handvat, stevig metalen lichaam. Bijna in staat om aan uw eisen te voldoen op elke plaats, thuis, op kantoor, op het schip, in de auto enz. Een ozongenerator die luchtreiniger en ontsmettingsmiddel, geurcontrole, dodelijke schimmel en schimmel, virussen, bacteriën en insectenwerend middel enz.kan zijn.     【Elimineert alle geuren】industriële ozonluchtreiniger kan uw kamer sterk ontgeuren en steriliseren met geuren, schimmels, bacteriën, virussen en VOC ' s. Perfect voor Thuis, Slaapkamer, Kantoor, hotel, restaurant enz.     Garantie en onderhoud: de Commerciële Ozongenerator heeft een geschatte levensduur van 20.000 uur (ca. 5 jaar) bij regelmatig gebruik. Als u vragen of problemen heeft, neem dan contact met ons op zodat wij u kunnen helpen.   
"
785,DEC RVS toevoer/afvoer ventilatie ventiel met klemveren Ø 125 mm - DVI125,,,,,,"38,95",Op voorraad,https://www.bol.com/nl/nl/p/dec-rvs-toevoer-afvoer-ventilatie-ventiel-met-klemveren-o-125-mm-dvi125/9300000171429987/,6,"
    Dit ventilatieventiel van DEC uit roestvrijstaal is een absolute alleskunner. Het ventiel is namelijk zowel geschikt als afvoer- en als toevoerventiel. En doordat het voorzien is van een montagebus en klemveren, kan je hem net zo eenvoudig op een flexibele slang (product-categorie/luchtbehandeling/afzuigslangen/) monteren als op een spirobuis (luchtbehandeling/spiro-materiaal/spirobuis/). Het ventiel is traploos in te stellen tot een maximale luchtcapaciteit van 35 m³/h, waardoor het geschikt is voor uiteenlopende ventilatietoepassingen. En vind je het belangrijk dat jouw ventilatieventielen er piekfijn uitzien? Ook dan heb je aan deze een hele goede. Het geborstelde RVS oogt bijzonder stijlvol, en blijft dat ook, omdat het zeer onderhoudsvriendelijk is.
  "
786,Venta - Hygiënemiddel / Hygienemittel / Luftwascher - Voor luchtbevochtiger - Comfort plus - 500ML - 2 STUK(S),,Venta,,"5,0",1,"49,95",Op voorraad,https://www.bol.com/nl/nl/p/venta-hygienemiddel-hygienemittel-luftwascher-voor-luchtbevochtiger-comfort-plus-500ml-2-stuk/9300000101182957/,3,"
 Het Venta Hygiënemiddel voegt u simpelweg toe aan het water in uw Venta luchtwasser. Het middel voorkomt overmatige kalkvorming in het apparaat en trekt kalk en vuil aan, wat tijdens het reinigen van het reservoir gemakkelijk wegspoelt. 

Elke 10 á 14 dagen toevoegen
Houdt uw Venta luchtbevochtiger in topconditie
2 Flessen a 500ML

"
787,De'Longhi filterset luchtreiniger AC150,,De'Longhi,,"5,0",1,"41,79",Op voorraad,https://www.bol.com/nl/nl/p/de-longhi-filterset-voor-luchtreiniger-ac150/9200000010391325/,4,"
    Ga luchtvervuiling tegen en verhoog uw comfort met de Luchtreiniger filterset AC150 van De'Longhi. Deze Luchtreiniger filterset AC150 is geschikt voor de Luchtreiniger AC150 en bestaat uit een HEPA filter en een actieve carbon filter.
  "
788,TROTEC Thermo hygrometer BC21,,Trotec,,,,"59,95",,https://www.bol.com/nl/nl/p/trotec-thermo-hygrometer-bc21/9200000039881271/,4,"
    Thermohygrometer BC21Een hoogwaardige sensor en vele meetfuncties maken de BC21 tot een ideale klimaatmeter voor thuis, hobby of werkplaats. De verhouding van luchtvochtigheid en temperatuur is bepalend voor een optimale leefklimaat in woning, werk- en magazijnruimtes. Is er een optimaal leefklimaat? Is er sprake van roest- of schimmelgevaar?Door de geintegreerde dauwpunt-temperatuurmeting kunnen belangrijke vragen rondom een optimaal leef- en werkklimaat eenvoudig en snel onderzocht worden met de BC21.Met zijn stof- en buigvaste edelstaalsonde maakt de robuste constructie ook in het bereik vanbinnenlucht-techniek een goed figuur - de extra functie voor het meten van vochtkogel-temperatuur maakt de universele inzet van de BC21 mogelijk bij planning, kalibratie en capaciteitscontrole van airconditioners en ventilatie-aanlagen.Voordelen in de prakijk:• Trotec: 100% ontwikkeling, design en vervaardiging.• Veelvoudige meting van klimaatomstandigheden met maar een apparaat: rel. luchtvochtigheid, luchttemperatuur, dauwpunt- en luchtvochtigheidstemperatuur• Optimale prijs-kwaliteit verhouding• Dual weergave voor paralell-weergave additionele metingen• Minimale- en maximale waarde en Hold-functie• Snelle inzetbaarheid• Softtouch-functietoetsen• Eenvoudige eenhand-bediening• Achtergrond Displayverlichting• Automatische uitschakelilng• Robuste constructie• Praktijk geoptimaliseerd Duits Industrieel design - beschermd ontwerpFunkties:• Maximale en minimale waarde weergave• Temperatuur weergave in °C en °F• Hold-functie• Displayverlichting• Automatische uitschakelingTechnische Details:Luchttemperatuur • Meetbereik: -30 °C tot +100 °C (-22 °F tot +199 °F)• Resolutie: 0,1 °C (0,1 °F)• Nauwkeurigheid: ± 1 °C (± 1,5 °F)Luchtvochtigheid • Meetbereik: 0 tot 100 % r.F. (gespecificeerd 5 tot 95 % r.F.)• Resolutie: 0,1 % r.F.• Nauwkeurigheid: ± 2 % r.F. (bij 25 °C en 5 tot 95 % r.F.)Dauwpunt-Temperatuur • Meetbereik: -30 °C tot +100 °C (-22 °F tot +199 °F)• Resolutie: 0,1 °C (0,1 °F)• Nauwkeurigheid: ± 1 °C (± 1,5 °F)Vochtkogel temperauur (Koelgrenstemperatuur) • Meetbereik: 0 °C tot +80 °C (-32 °F tot +176 °F)• Resolutie: 0,1 °C (0,1 °F)• Nauwkeurigheid: ± 1 °C (± 1,5 °F)• Afmetingen (L x B x H): 225 x 54 x 32 mm• Gewicht: ca. 200 g (incl. Batterij)• Levering bevat: Meetapparaat, batterij, bewaarbox, Bedieningshandleiding.
  "
789,Beurer LR 500 Connect Reservefilter - 3 Laags: voorfilter + HEPA H13 filter + actief koolfilter,,Beurer,,"5,0",1,"94,73",,https://www.bol.com/nl/nl/p/beurer-lr-500-connect-air-prefilter-replacement-set/9200000110089496/,5,"
Beurer LR 500 Luchtreiniger - Reservefilter Om ervoor te zorgen dat jouw luchtreiniger met een blijvend hoog vermogen jouw huis kan reinigen, is het belangrijk om regelmatig reservefilters te gebruiken. Het reservefilter is geschikt voor de luchtreiniger LR 500 Connect.   Compatibel met de Beurer luchtreiniger LR 500 Connect   Drielaags filtersysteem (voorfilter + HEPA-filter H13 + actieve koolstof)  Bestaat uit: voorfilter en combifilter (HEPA H13 + actieve kool)  Filtercapaciteit verwijdert tot 99,95% van alle deeltjes   De voordelen van de LR 500 filters:   Drielaags filtersysteem (voorfilter + HEPA-filter H13 + actieve koolstof) Compatibel met de Beurer luchtreiniger LR 500 Connect Filtercapaciteit verwijdert tot 99,95% van alle deeltjes Gebruiksduur van het filter ca. 4320 uur  Geïntegreerd filter vervangings indicator op het bedieningspaneel van de luchtreiniger 
"
790,ulsonix Ozongenerator - 10.000 mg / h - 98 W,,Ulsonix,,"3,0",1,"129,-",,https://www.bol.com/nl/nl/p/ulsonix-ozongenerator-10-000-mg-h-98-w/9300000022082655/,12,"
De ozongenerator garandeert een comfortabel binnenklimaat De industriële luchtreiniger AIRCLEAN 10000 van ulsonix helpt u sterke geuren in besloten ruimtes effectief te neutraliseren. Je kunt ook muffe geuren bestrijden die het gevolg zijn van overstromingen of branden met de ozongenerator AIRCLEAN 10000. Ozongeneratoren worden gebruikt voor renovaties van gebouwen en voor het zuiveren van de binnenlucht, vooral in autowerkplaatsen, de hotelindustrie, afval en sanitaire ruimtes, maar ook voor het wegwerken van sigarettenrook of dierengeuren in voertuigen of boten. Product hoogtepunten  10,000 mg / h 98 W Timer tot 120 minuten Gecoat staal   Het luchtzuiveringssysteem produceert ozon met een snelheid van 10.000 mg / h, waardoor het slechte geuren snel en effectief kan verbieden. Het ozonapparaat werkt met drie verschillende modi. In de Hold-modus werkt het apparaat continu, hoewel continu gebruik niet langer mag zijn dan 12 uur. De ventilator en de ozonplaat werken en het indicatielampje brandt. Als de timer is ingesteld, wordt het apparaat gedurende maximaal 120 minuten geactiveerd volgens de geselecteerde tijd. In de Uit-modus zijn alle functies uitgeschakeld. Het luchtfilter aan de achterkant van de behuizing reinigt effectief de lucht terwijl deze wordt aangezogen en voorkomt dat vuil in de behuizing komt. Het filter kan indien nodig eenvoudig zonder gereedschap worden vervangen. Met 98 W vermogen is dit apparaat bijzonder energiezuinig en kostenbesparend. Om gezondheidsredenen mag niemand de kamer binnengaan terwijl de luchtzuivering aan de gang is. Daarom is er een geschikt waarschuwingsbord voor de deurknop beschikbaar om te downloaden. TECHNISCHE DETAILS: Dekkingsgebied: tot 100 m2 
"
791,Itho Daalderop RFT CO2 sensor opbouw incl. bediening 230v - 04-00045,,Itho Daalderop,,,,"205,95",Op voorraad,https://www.bol.com/nl/nl/p/itho-daalderop-rft-co2-sensor-opbouw-incl-bediening-230-volt/9300000075272072/,4,"
    Itho Daalderop RFT CO2 sensor 04-00045 Met de Itho Daalderop RFT CO2 sensor wordt het CO2 gehalte in de ruimte gemeten en zo kan de ventilatie gestuurd worden. De RFT CO2-sensor is een uitbreiding op een bestaand of nieuw te installeren ventilatie-unit en/of systeem van Itho Daalderop waarmee een vraaggestuurd ventilatiesysteem wordt gecreëerd. De RFT CO2-sensor kan zowel in de nieuwbouw als in renovatie worden toegepast om de kwaliteit van de ventilatie te verbeteren en het energieverbruik te verminderen. De Itho Daalderop CO2 sensor is geschikt voor: * CVE-S (luchtbehandeling/mechanische-ventilatie/itho-daalderop-cve-s-eco-fan-ventilator-box/), CVD-S, Optima (luchtbehandeling/mechanische-ventilatie/itho-daalderop-optimaflow-cve-co2/) en HRU ECO met sensoren (luchtbehandeling/mechanische-ventilatie/itho-daalderop-sensoren/) * Woonkamer, keuken en/of slaapkamers. De Itho Daalderop CO2 sensor is alleen te gebruiken in combinatie met: * CVE-S Optima (luchtbehandeling/mechanische-ventilatie/itho-daalderop-optimaflow-cve-co2/) * CVE-S Optima2 (product/itho-daalderop-cve-s-he-optima2-ventilatorbox-468m3-h-eu-perilex-stekker-03-00477/) * CVE-S Optima Inside * ingebouwde CO2-sensor in de CVE-S ECO Advies gebruik van Itho Daalderop RFT CO2 sensor: * Bediening woonkamer * Nabij keuken. * Slaapkamers Welke standen heeft de Itho Daalderop RFT CO2 sensor: * Automatische stand (regelen o.b.v. CO2) * Automatische nachtstand * Laagstand * Hoogstand * Timer
  "
792,Stadler Form -  Relief - Etherische Olie - Geurverspreider - Aroma,,Stadler Form,,,,"14,50",,https://www.bol.com/nl/nl/p/stadler-form-relief-etherische-olie-geurverspreider-aroma/9300000036203829/,2,"
    Etherische olie. Geschikt voor elke type aroma diffusor.
  "
793,"Itho Daalderop Spider WP klimaatthermostaat met touchscreen bediening 10,4 x 10,4 x 2,6 cm, zwart",,Itho Daalderop,,,,"137,95",Op voorraad,https://www.bol.com/nl/nl/p/itho-daalderop-spider-wp-slimme-thermostaat-met-touchscreen-bediening-10-4-x-10-4-x-2-6-cm-zwart/9300000075137675/,7,"
    Itho Daalderop Spider WP klimaatthermostaat - 03-00476 De Itho Daalderop Spider WP klimaatthermostaat – 03-00476 is een universeel toepasbare thermostaat die uitstekend gecombineerd kan worden met Itho Daalderop cv-ketels en warmtepompen. De regelaar kan naast cv-ketels en warmtepompen ook de Itho Daalderop ventilatie-units (luchtbehandeling/mechanische-ventilatie/) en WTW-units regelen en daarbij inzicht geven in de binnenluchtkwaliteit. Model: 03-00476 De Itho Daalderop Spider WP klimaatthermostaat - 03-00476 is geschikt voor: * Mechanische ventilatie-unit CVE ECO-S (vanaf 05-2015) (luchtbehandeling/mechanische-ventilatie/itho-daalderop-cve-s-eco-fan-ventilator-box/) * CVE-Optima serie (luchtbehandeling/mechanische-ventilatie/itho-daalderop-optimaflow-cve-co2/) * Water/water warmtepomp WPU 5 * Water/water warmtepomp WPU 4G * Lucht/water warmtepomp HP-S * HP-M 25 i * HP (Cool) Cube * Pijp/dakventilator CVD (vanaf 01-2019) * Balansventilatie-unit HRU ECO 200 * Balansventilatie-unit HRU ECO 300 * Balansventilatie-unit HRU ECO 350 * Balansventilatie-unit HRU ECO 400 * QualityFlow * CAS 3 Connect * Base Cube 24/30 * Base Cube 24/35 * Base Cube 30/35 * Base Cube Duo 24/35 Advies gebruik: * Bediening woonkamer/ nabij keuken. * (Optionele) bediening in/ nabij badkamer en/of toilet. * (Optionele) bediening per ruimte Standen: * Automatisch stand (regelen o.b.v. sensoren) * Laagstand * Middenstand * Hoogstand * Timer Productvoordelen van de Itho Daalderop Spider WP klimaatthermostaat - 03-00476 * Eenvoudige overzichtelijke bediening * Naast het regelen van de WPU warmtepomp kan ook het Itho Daalderop ventilatiesysteem aangestuurd worden. * Starttijd opwarmen voorraadvat instelbaar * Luchtkwaliteit inzichtbaar (bij toepassing CO2 gestuurde ventilatie Itho Daalderop).
  "
794,Itho Daalderop CVE-S PAK SE RFT-N ventilatorbox 375m3/h euro stekker - 03-00838,,Itho Daalderop,,,,"272,95",Op voorraad,https://www.bol.com/nl/nl/p/itho-daalderop-cve-s-pak-se-rft-n-ventilatorbox-375m3-h-euro-stekker-03-00838/9300000172454521/,7,"
    Itho Daalderop CVE-S PAK SE RFT-N ventilatorbox 375m3/h euro stekker - 03-00838 Deze CVE-S PAK SE RFT-N van Itho Daalderop is een zeer zuinig mechanische ventilatie inclusief ingebouwde vochtsensor en met draadloze bediening AUTO RFT-N wit 04-00161 (product/itho-daalderop-draadloze-bediening-auto-rft-n-wit-04-00161/) met een capaciteit van 375m3/h. De Itho Daalderop CVE-S eco ventilator bespaart tot maar liefst 83% aan energiekosten ten opzichte van traditionele modellen. Tevens is de compacte Itho Daalderop CVE-S ecofan ventilator (vierkant) makkelijk te monteren op ieder denkbare manier, denk hierbij aan het plafond, wand, vloer en zelfs het schuine dak. Het voordeel van de Itho Daalderop draadloze bediening AUTO RFT-N wit 04-00161: * Vernieuwd design met duidelijkere icoontjes * Ook te gebruiken als inbouwbediening (op de inbouwdoos) in de afdekramen van 55 x 55 mm * Standaard meegeleverd inbouwraampje van fabricaat PEHA * Status-/storingsterugkoppeling door aanwezige 3 kleuren LED gecombineerd met een Longlife batterij met >12-jarige levensduur Itho Daalderop CVE-S PAK SE RFT-N ventilatorbox 375m3/h euro stekker - 03-00838 * 375 m3/h bij 100Pa * Eurostekker * Inclusief ingebouwde RFT ontvanger * Inclusief ingebouwde vochtsensor * Verbruikt tot 83% minder energie dan traditionele modellen * Combineerbaar met (maximaal 20) draadloze Itho Daalderop sensoren * Bespaar gemiddeld € 50 per jaar op energiekosten t.o.v. traditionele modellen De Itho CVE-S PAK SE RFT-N heeft een snoer met een eurostekker. Alle mechanische CVE-S ventilatoren zijn uitgerust met een RFT ontvanger waarmee u ook middels een draadloze bediening van Itho Daalderop het apparaat kan bedienen. Het bereik van deze draadloze bedieningen zijn 15 meter door wanden en muren. De mechanische ventilatie is te bedienen met een vaste drie-standen schakelaar in combinatie met een draadloze bediening. Waarbij het laatste signaal leidend is. Dankzij de draadloze afstandsbediening is de bediening en installatie van dit afzuigsysteem een stuk eenvoudiger dan wanneer overal bedrade schakelaars moeten worden geplaatst. Deze voor dit afzuigsysteem bedoelde draadloze afstandsbedieningen (AUTO RFT-N 04-00161) zit standaard bijgeleverd in de doos. Optioneel verkrijgbare sensoren en bedieningen: * Itho Daalderop RFT CO2 sensor opbouw incl. bediening 230v – 04-00045 (product/itho-daalderop-rft-co2-sensor-opbouw-incl-bediening-230v-04-00045/) * Itho Daalderop RFT RV sensor opbouw incl. bediening batterij – 04-00046 (product/itho-daalderop-rft-rv-sensor-opbouw-incl-bediening-batterij-04-00046/) * Itho Daalderop Spider WP klimaatthermostaat – 03-00476 (product/itho-daalderop-spider-wp-klimaatthermostaat-03-00476/)
  "
795,"Dparts jaarpakket voor luchtbevochtiger - 2x 500ml Hygiënemiddel, 1x 250ml Reiniger, 1x Essentiële olie (geurolie), 1x microvezeldoekje - alternatief schoonmaak reinigingsmiddel set geschikt voor Venta Airwasher LW15, LW25, LW45, LW80, LW81, LW82",,Dparts,,,,"69,99",Op voorraad,https://www.bol.com/nl/nl/p/dparts-jaarpakket-voor-luchtbevochtiger-2x-500ml-hygienemiddel-1x-250ml-reiniger-1x-essentiele-olie-1x-microvezeldoekje-alternatief-schoonmaak-reinigingsmiddel-set-geschikt-voor-venta-airwasher-lw15-lw25-lw45-lw80-lw81-lw82/9300000118672712/,0,"
Complete set onderhoudsmiddel voor alle luchtbevochtigers!Inclusief flesje geurolie voor een aangename geur in huis!Inclusief microvezeldoekje om streeploos schoon te maken.Uitleg: Met deze Dparts complete onderhoudsset voor luchtbevochtigers verleng je de levensduur van je apparaat en houd je alles schoon en hygiënisch. Het reinigingsmiddel flesje zorgt dat kalkresten en hardnekkig vuil wordt verwijderd, het hygiënemiddel ondersteunt het verdampingsproces en voorkomt schimmel en bacterievorming. Gebruik een paar druppels van het meegeleverde flesje met geurolie voor een aangename maar subtiele geur in huis. Met het microvezeldoekje kan jij ook de buitenkant van je luchtbevochtiger weer helemaal schoon krijgen zonder krassen en strepen! Geschikt voor o.a. Venta Luchtbevochtigers:LW15LW24LW45Comfort Plus LW25Comfort Plus LW45LW80LW81LW82Verpakkingsinhoud2 flesjes van 500ml hygiënemiddel.1 flesje 250ml reinigingsmiddel.1 flesje essentiële olie (geurolie).1 microvezeldoekje.
"
796,TROTEC Hittedraad anemometer BA30WP met smartphone-bediening,,Trotec,,,,"109,95",,https://www.bol.com/nl/nl/p/trotec-hittedraad-anemometer-ba30wp-met-smartphone-bediening/9200000129732338/,7,"
 TROTEC Hittedraad-anemometer met smartphone-bediening BA30WP Veelzijdige luchtstroommeter als appSensor met smartphone-bediening De appSensor BA30WP is een hittedraad-anemometer, waarmee met behulp van App MultiMeasure Mobile luchtsnelheid, luchtdebiet, temperatuur en relatieve luchtvochtigheid kunnen worden gemeten. De BA30WP is een thermische anemometer die overtuigt met een hoge meetgevoeligheid en derhalve zeer aan te bevelen is voor het doen van nauwkeurige metingen, zelfs als het gaat om geringe stroomsnelheden. Het meetapparaat is direct klaar voor gebruik, maakt eenvoudig verbinding met de app en laat vervolgens de meetwaardes zien op het mobiele apparaat. Dankzij de clevere combinatie van appSensor en de bijbehorende, gratis App MultiMeasure Mobile profiteert de gebruiker van talrijke handige praktische voordelen als het gaat om flexibiliteit, analysefuncties, datacontrole en gegevensopslag. Vergelijk de resultaten meteen op het mobiele apparaat of gebruik combinaties van gemeten waardes voor gedifferentieerde analyses direct ter plaatse. Door de traploos in lengte verstelbare sondeconstructie en de talrijke praktische gebruikskenmerken is de BA30WP geschikt voor diverse meetprojecten. Profiteer bijvoorbeeld van de logging-functie voor het doen van metingen over een langere periode, van de grafische weergave van uw meetgegevens, van de mogelijkheid om de meetgegevens te exporteren naar uitgebreidere analyse-software of van de mogelijkheid tot het opstellen van een rapportage. Bij de uitvoering van capaciteitscontroles van bijvoorbeeld huishoudelijke apparaten, klimaatbeheersings- en ventilatie-installaties of koelventilatoren voor computersystemen zorgen de flexibiliteit in het gebruik en de hoge meetgevoeligheid van de BA30WP ervoor dat hij de ideale partner is voor luchtstroommetingen ook op plekken die doorgaans slecht te bereiken zijn. WAT IS EEN APP-SENSOR? Trotec app-sensors zijn energiezuinige en ruimtebesparende compacte precisie-meetapparaten die geen analyse-elektronica of display nodig hebben omdat de bediening en gegevensverwerking van de apparaten vrijwel geheel loopt via de smartphone. In combinatie met de gratis verkrijgbare App MultiMeasure Mobile overtuigt dit concept voor meetapparatuur met veel voordelen. Dit zijn de voordelen van de app-sensoren van Trotec: * Professionele sensoren voor nauwkeurige meetresultaten * Handige verbinding met de app via Bluetooth met LED op het apparaat ter bevestiging van de verbinding * Draadloze bediening van meetapparaten en weergave van gegevens via de app * Eenvoudige registratie van meetgegevens ook op plaatsen waar de waardes niet direct ter plaatse hoeven te worden afgelezen * Ook voor het registreren en weergeven van maximale en gemiddelde waardes * Vasthouden van meetwaardes, logging- en alarmfunctie * Polsriem voor extra veiligheid is bij de levering inbegrepen * In de praktijk geoptimaliseerd Duits industrieel design – beschermd ontwerp WAAROM APP-SENSOREN? ER ZIJN TOCH AL VEEL APPS OM TE METEN? Natuurlijk zijn er al heel veel apps die gebruik maken van in de smartphone ingebouwde elektronica voor metingen of herleide berekeningen, zoals de geïntegreerde microfoon, de gyroscoop, de camera of andere onderdelen. Deze onderdelen zijn echter niet ontworpen om nauwkeurige metingen uit te voeren maar hebben primair als doel te zorgen voor optimaal gebruiksgemak van het mobiele apparaat. Enerzijds zijn de verkregen resultaten derhalve niet te vergelijken met de resultaten van specifiek voor meettoepassingen ontworpen sensoren. Anderzijds beschikt een willekeurige smartphone niet zomaar over geschikte elektronica voor bijvoorbeeld contactloze vocht- of temperatuurmetingen. Trotec app-sensoren bevatten daarentegen professionele sensoren voor nauwkeurige meetresultaten, omdat ze specifiek voor dit doel ontwikkeld zijn. Gebruik daarom voor professionele metingen de clevere combinatie van app-sensor en MultiMeasure Mobile – de gratis verkrijgbare app voor iOS en Android. MULTIMEASURE MOBILE – ALLE VOORDELEN VAN DE APP Voor de smartphone-bediening van deze app-sensor hebt u MultiMeasure Mobile nodig – een gratis verkrijgbare app voor bediening, verwerking en weergave van meetgegevens van alle met uw mobiele apparaat verbonden app-sensoren van Trotec. MultiMeasure Mobile heeft vele voordelen voor u in petto: * Auto-herkenning voor app-sensoren * Parallel te gebruiken met verschillende app-sensoren * Snelle en intuïtieve navigatie * Numerieke of grafische weergave van meetgegevens * Geïntegreerde rapportagefunctie voor documentatie ter plaatse * Organizer-functie voor meetgegevens en documenten * Klantenbeheer reeds geïntegreerd * Veelzijdige analyse-opties direct in de app * Opslag van meetgegevens door middel van fotolinks * Matrixmetingen, ook door middel van fotolinks * Volledige synchronisatie van gegevens naar MultiMeasure Professional via Cloud MultiMeasure Mobile maakt van uw mobiele apparaat een multifunctionele meetgegevens-manager. Alle app-sensoren worden automatisch herkend door MultiMeasure Mobile en kunnen via Bluetooth met de app worden verbonden en uitgelezen. De bediening is net zo gemakkelijk en intuïtief als de installatie: zet de MultiMeasure Mobile gewoon gratis op uw mobiele apparaat – en ­ga naar de downloadpagina voor iOS of Android. BA30WP – VOORDELEN IN DE PRAKTIJK: * Snelle en eenvoudige meting van luchtsnelheid, temperatuur en luchtdebiet (CMM) * Tot 375 mm lange uittrekbare meetsonde * Hoogwaardige sensoren en talrijke meetfuncties * Intelligente combinatie van appSensor en App MultiMeasure Mobile * Automatische uitschakeling   Let op: specificaties kunnen zonder opgave van redenen in het belang van een lopende productverbetering door de fabrikant worden gewijzigd.   Aan de afbeeldingen van producten en eventueel getoonde specificaties of keurmerken kunnen geen rechten worden ontleend 
"
797,Slangklem Ø 60 - 170 mm - 10 stuks,,,,,,"17,95",Op voorraad,https://www.bol.com/nl/nl/p/slangklem-o-60-170-mm-10-stuks/9300000171430819/,0,"
    Slang monteren op een spirobuis of spiro hulpstuk? Doe het met deze topkwaliteit slangklem. De klem is gemaakt uit hoogwaardig roestvrijstaal en gaat daardoor niet kapot. Je schroeft de slangklem eenvoudig vast met een schroevendraaier, en kunt hem daarna eventueel weer losschroeven en opnieuw gebruiken. Deze klem is geschikt om slangen en buizen met een diameter tot 170 mm te monteren.
  "
798,Filter Xiaomi AFEP7TFM01 White,,Xiaomi,,,,"29,95",Op voorraad,https://www.bol.com/nl/nl/p/filter-xiaomi-afep7tfm01-white/9300000130520125/,3,"
   Met deze 3-laags hoogrenderende filtratie filter helpt jou om gassen en stof in de lucht te filteren! En daarmee helpt dit filter gelijk met het beschermen van je gezondheid. Dit kan het filter door de combinatie met Xiaomi’s High Efficiency filter met de primaire laag van het filter. Deze twee filters zorgen samen voor een hoogwaardige actieve koolfilter en zorgen voor een filtratie van haar, kruimels, stof en andere deeltjes. Om de levensduur van de filter te bevorderen is het bestand tegen olie en zuren.   Met de Xiaomi Mi Home-App kan je elke dag in de gaten houden hoe het filtergebruik is. Ook geeft de app dan aan wanneer het filter weer aan vervanging toe zal zijn.   Dit originele filter is ontwikkeld voor de Xiaomi Smart Air Purifier 4 Compact. Deze luchtreiniger is in staat om in tien minuten een kamer te zuiveren. Daarbij zuivert hij dan op bacteriën, pollen, huisstofmijt, kookdamp en vieze geuren.     Xiaomi Smart Air Purifier 4 Compact Filter. Breedte: 175 mm, Diepte: 175 mm, Hoogte: 171 mm. Aantal per verpakking: 1 stuk(s) 
"
799,"Fintek aktivo filter FA50 voor Daikin airco's, beter dan het origineel zijn deze twee electrostatische filters, eenvoudig zelf te vervangen",,Fintek,,,,"42,50",,https://www.bol.com/nl/nl/p/fintek-aktivo-filter-fa50-voor-daikin-airco-s-beter-dan-het-origineel-zijn-deze-twee-electrostatische-filters-eenvoudig-zelf-te-vervangen/9300000063233617/,4,"
 Fintek Aktivo FA50 tbv Daikin airco's   Een schoon filter verbetert de prestaties van uw airconditioner en verbetert het comfort.  Compatibele modellen:  Daikin FTXM20M Daikin FTXM25M Daikin FTXM35M Daikin FTXM42M Daikin FTXM50M  Verpakkingsinhoud:  2 elektrostatische filters van veschillende afmetingen   Maak uw airco schoon met de actieve filters van Fintek   Heb je je ooit afgevraagd waarom de belangrijkste fabrikanten van airconditioners elektrostatische filters plaatsen in hun topmodellen? Eenvoudig. Denk maar aan het feit dat we deuren en ramen gesloten moeten houden om een kamer te koelen of te verwarmen met een airconditioner. Zelfs als onze huizen schoon zijn, betekent dit niet dat er geen verontreinigende stoffen en allergenen van verschillende soorten in verschillende hoeveelheden aanwezig zijn: tot 250 soorten schimmels (aspergillus, cladosporium), microben en actinomyceten (bacteriën die lijken op microscopisch kleine schimmels) kunnen de lucht verontreinigen die we inademen.   In twintig jaar tijd heeft het energiebesparende en thermische isolatiebeleid van gebouwen de ventilatie van de kamers gehalveerd, waardoor de kwaliteit van de lucht aanzienlijk achteruit is gegaan. De luchtstromen van ons binnenklimaat houden schadelijke stoffen in circulatie, waardoor de kans exponentieel toeneemt dat ze worden ingeademd door degenen die in de kamers verblijven.   Om deze reden worden filters gebruikt die als doel hebben om de onzuiverheden die aanwezig zijn in de geklimatiseerde kamers bij elke luchtstroom door de airconditioner op te vangen. Het is dan ook belangrijk om een juiste periodieke reiniging van het aircosysteem uit te voeren. Niet alleen het reinigen van het interne gedeelte van het aircosysteem is hierbij belangrijk, ook het vervangen van de gebruikte elektrostatische en overige filters zijn geen overbodige luxe. Onze gezondheid hangt mede af van de kwaliteit van de lucht die we inademen!  Aktivo elektrostatisch filter met Aemina  Aktivo elektrostatisch filter met Aemina. Deze technologie is uniek in zijn soort: een antimicrobiële stof (quaternair ammonium) wordt gehecht aan een silaan (siliconenderivaat dat de eigenschappen van een oppervlak permanent verandert) om een organofunctioneel silaan te verkrijgen, d.w.z. een molecuul dat actief is tegen micro-organismen. In direct contact met micro-organismen werkt AEMINA als een ""vernietiger"", waardoor de normale cycli van micro-organismen worden onderbroken en de cel wordt gedood. Het effect wordt veroorzaakt door twee krachten: de eerste door de alifatische keten die de lipiden van het membraan aantrekt, de tweede door de positieve lading van het stikstofatoom die de negatieve lading van de microbe tegenwerkt. Het eerste is dus te vergelijken met een zwaard, het tweede met een elektrodenconstructie. Het voordeel is dat het effect na verloop van tijd niet afneemt en ook niet op raakt. Bijkomend groot voordeel is dat er ook niets van in het milieu terechtkomt.   De antibacteriële technologie van AEMINA is uniek omdat het:   waterbestendig is langdurige bescherming biedt blijft actief, zelfs op de langere termijn in vergelijking met conventionele antibacteriële middelen heeft het geen afnemende werking wordt niet aangetast door micro-organismen wordt niet vrijgegeven in het milieu.  LDAF filter  Een LDAF-filter (Low Density Air Filter) is een type luchtfilter dat vaak wordt gebruikt in airconditioningsystemen. Het is ontworpen om de luchtkwaliteit te verbeteren door verschillende verontreinigingen en allergenen uit de lucht te verwijderen.   LDAF-filters zijn gemaakt van een hoogwaardig filtermateriaal met een lage dichtheid. Dit betekent dat het filter in staat is om kleine deeltjes uit de lucht te verwijderen zonder de luchtstroom te belemmeren. Deze filters kunnen stof, pollen, schimmelsporen, huidschilfers van huisdieren en andere fijne deeltjes opvangen.   Het belangrijkste voordeel van een LDAF-filter is dat het de luchtkwaliteit binnenshuis verbetert door allergenen en andere potentieel schadelijke deeltjes te verminderen. Dit kan vooral gunstig zijn voor mensen met allergieën, astma of andere ademhalingsproblemen, omdat het kan helpen om symptomen te verminderen en een gezondere binnen omgeving te bevorderen.   Het is belangrijk op te merken dat de specifieke kenmerken en effectiviteit van een LDAF-filter kunnen variëren, afhankelijk van het merk en het model van de airconditioningseenheid. Het is raadzaam om de handleiding of specificaties van de airconditioningseenheid te raadplegen voor meer gedetailleerde informatie over het gebruik en onderhoud van het filter.   Het LDAF filter is maar 12 bij 2 cm zodat de luchtstroom niet wordt belemmerd.    Fintek's missie, gespecialiseerd in airconditioners en filters, is altijd geweest om een betere kwaliteit van leven te bieden dankzij geavanceerde technologieën die constant zorgen voor schone lucht in elke omgeving. 
"
800,"Fintek aktivo filter FA8 voor LG - Daikin airco's Winkel/Luchtverkoeling en verwarming/Filters voor Airco's, beter dan het origineel zijn deze twee electrostatische filters, eenvoudig zelf te vervangen",,Fintek,,,,"43,50",,https://www.bol.com/nl/nl/p/fintek-aktivo-filter-fa8-voor-lg-daikin-airco-s-winkel-luchtverkoeling-en-verwarming-filters-voor-airco-s-beter-dan-het-origineel-zijn-deze-twee-electrostatische-filters-eenvoudig-zelf-te-vervangen/9300000063233082/,4,"
    Fintek Aktivo FA8 tbv LG - DAIKIN airco's
 Een schoon filter verbetert de prestaties van uw airconditioner en verbetert het comfort. 
Compatibele modellen:
 LG : 

MIRROR CS 07-09-12 AQ-AF
LIBERO CC 09-12-18 AWR-AWV

 Daikin : 

FTJ20B
FTJ25B
FTJ18B
FTJ35B
FTJS20B
FTJS25B
FTJS18B
FTJS35B
FTX20A
FTX25A
FTX35A
FTXS18B
FTXS20B
FTXS25B
FTXS35B
ATJ20B
AJ25B
ATJ18B
ATJ35B
ATJS20B
ATJS25B
ATJS18B
ATJS35B
ATX20A
ATX25A
ATX35A
ATXS18B
ATXS20B
ATXS25B
ATXS35B

Verpakkingsinhoud:

2 elektrostatische filters

Maak uw airco schoon met de actieve filters van Fintek
 Heb je je ooit afgevraagd waarom de belangrijkste fabrikanten van airconditioners elektrostatische filters plaatsen in hun topmodellen? Eenvoudig. Denk maar aan het feit dat we deuren en ramen gesloten moeten houden om een kamer te koelen of te verwarmen met een airconditioner. Zelfs als onze huizen schoon zijn, betekent dit niet dat er geen verontreinigende stoffen en allergenen van verschillende soorten in verschillende hoeveelheden aanwezig zijn: tot 250 soorten schimmels (aspergillus, cladosporium), microben en actinomyceten (bacteriën die lijken op microscopisch kleine schimmels) kunnen de lucht verontreinigen die we inademen. 
 In twintig jaar tijd heeft het energiebesparende en thermische isolatiebeleid van gebouwen de ventilatie van de kamers gehalveerd, waardoor de kwaliteit van de lucht aanzienlijk achteruit is gegaan. De luchtstromen van ons binnenklimaat houden schadelijke stoffen in circulatie, waardoor de kans exponentieel toeneemt dat ze worden ingeademd door degenen die in de kamers verblijven. 
 Om deze reden worden filters gebruikt die als doel hebben om de onzuiverheden die aanwezig zijn in de geklimatiseerde kamers bij elke luchtstroom door de airconditioner op te vangen. Het is dan ook belangrijk om een juiste periodieke reiniging van het aircosysteem uit te voeren. Niet alleen het reinigen van het interne gedeelte van het aircosysteem is hierbij belangrijk, ook het vervangen van de gebruikte elektrostatische en overige filters zijn geen overbodige luxe. Onze gezondheid hangt mede af van de kwaliteit van de lucht die we inademen! 
Aktivo elektrostatisch filter met Aemina
 Aktivo elektrostatisch filter met Aemina. Deze technologie is uniek in zijn soort: een antimicrobiële stof (quaternair ammonium) wordt gehecht aan een silaan (siliconenderivaat dat de eigenschappen van een oppervlak permanent verandert) om een organofunctioneel silaan te verkrijgen, d.w.z. een molecuul dat actief is tegen micro-organismen. In direct contact met micro-organismen werkt AEMINA als een ""vernietiger"", waardoor de normale cycli van micro-organismen worden onderbroken en de cel wordt gedood. Het effect wordt veroorzaakt door twee krachten: de eerste door de alifatische keten die de lipiden van het membraan aantrekt, de tweede door de positieve lading van het stikstofatoom die de negatieve lading van de microbe tegenwerkt. Het eerste is dus te vergelijken met een zwaard, het tweede met een elektrodenconstructie. Het voordeel is dat het effect na verloop van tijd niet afneemt en ook niet op raakt. Bijkomend groot voordeel is dat er ook niets van in het milieu terechtkomt. 
De antibacteriële technologie van AEMINA is uniek omdat het:

waterbestendig is
langdurige bescherming biedt
blijft actief, zelfs op de langere termijn
in vergelijking met conventionele antibacteriële middelen heeft het geen afnemende werking
wordt niet aangetast door micro-organismen
wordt niet vrijgegeven in het milieu.

 Fintek's missie, gespecialiseerd in airconditioners en filters, is altijd geweest om een betere kwaliteit van leven te bieden dankzij geavanceerde technologieën die constant zorgen voor schone lucht in elke omgeving. 
"
801,"Starre aluminium ventilatieslang Ø 100mm 1,5 meter",,Europlast,,,,"14,95",Op voorraad,https://www.bol.com/nl/nl/p/starre-aluminium-ventilatieslang-o-100mm-1-5-meter/9300000171429889/,0,"
    Starre aluminium ventilatieslang diameter 100 mm lengte 1.5 meter
  "
802,"Ozon Generator - Ozon Luchtreiniger - Ozongenerator luchtreiniger - Ozon Apparaat - 10,000 mg/h",,Merkloos,,,,"257,95",,https://www.bol.com/nl/nl/p/ozon-generator-ozon-luchtreiniger-ozongenerator-luchtreiniger-ozon-apparaat-10-000-mg-h/9300000162799913/,6,"
   Efficiënte reiniging: de ozongenerator levert 10.000 mg/u ozon. Het kan eigenaardige geuren / verontreinigende stoffen / micro-organismen in de lucht snel reinigen. Verminder allergenen om een schone en comfortabele leefomgeving voor u te creëren. De ozongenerator met een concentratie van 10.000 mg/u heeft een sterk reinigingsvermogen, maar de ozongeur is ook relatief onaangenaam.     Meerdere modi beschikbaar: De professionele ozongenerator met meerdere modi. U kunt cyclusmodus P1 of vaste modus P2/P3/P4 gebruiken en ook de reinigingstijd instellen met P5. Sterke ozonafgifte om de meest onaangename geuren te elimineren.     Vriendelijke ozongenerator: de ozongenerator ioniseert de zuurstof in de lucht en recombineert deze tot ozon met sterke oxiderende eigenschappen. Ozon zuivert de lucht door de interne structuur van micro-organismen te vernietigen. Nadat de reactie is voltooid, wordt de ozon gereduceerd tot zuurstof zonder schadelijke residuen te creëren.     Gemakkelijk te gebruiken: de tijd kan worden aangepast aan de grootte van de kamer en de intensiteit van de te neutraliseren geur. Tijdens de operatie, uw familie, huisdieren zijn verboden om te verblijven in de kamer. Na het voltooien van het schoonmaken, wacht 30 minuten voordat u terugkeert naar de reinigingsruimte, open de ramen en deuren voor ventilatie.     Krachtige ventilator en duurzaam materiaal: de krachtige kogellagerventilator reinigt met een hogere snelheid dan gewone ventilatoren, het kan snel ozon in elke hoek vrijgeven. En het buitendekselmateriaal van de ozongenerator is duurzaam. Neem voor meer informatie over CE -, UKCA -, FCC-en EPA-certificaten en testrapporten contact met ons op.   
"
803,Spiro-SAFE Broekstuk Ø 100 - 100 - 100 mm,,Europlast,,,,"28,95",Op voorraad,https://www.bol.com/nl/nl/p/spiro-safe-broekstuk-o-100-100-100-mm/9300000171430292/,0,"
    Lucht- of ventilatiekanaal splitsen? Doe het eenvoudig en slim met een broekstuk. Dit broekstuk is gemaakt uit glad gegalvaniseerd staal, waardoor je zeker bent van een hoge duurzaamheid en een vlotte luchtcirculatie. De SAFE-verbinding garandeert een eenvoudige aansluiting en een minimaal drukverlies. Dit spiro hulpstuk bestaat uit een kanaal met een diameter van 100 mm en twee vertakkingen met een diameter van 100 mm die haaks op elkaar staan (dus 45°). Meer weten? Bekijk dan de specificaties.
  "
804,TROTEC Thermo hygrometer BZ15C,,Trotec,,,,"69,95",,https://www.bol.com/nl/nl/p/trotec-thermo-hygrometer-bz15c/9200000088873144/,9,"
Geeft optimaal de klimaatwaardes in uw old-timer garage weerDe Thermo-hygrometer BZ15C is aan te bevelen voor old-timer bezitters die hun klassieker ook in de garage willen beschermen tegen de gevolgen van te vochtige of te droge lucht. Want als de luchtvochtigheid te hoog is, gaat het staal van iedere old-timer roesten – is de luchtvochtigheid te laag dan worden leer en kunststof droog en poreus.Het speciaal geoptimeerde scaladesign met klimaatgerelateerde kleurindicatie maakt een exacte bepaling van de luchtvochtigheid en ruimtetemperatuur in uw classic-car-garage mogelijk. Zo herkent u direct of de luchtvochtigheid daadwerkelijk in het ‚groene bereik‘ zit. Immers door een snelle en eenduidige weergave van de luchtvochtigheid is de belangrijkste voorzorgsmaatregel ter voorkoming van waardevermindering van de old-timer reeds getroffen.De meetnauwkeurigheid van de BZ15C bedraagt ± 3 % relatieve vochtigheid binnen een bereik van 20 tot 100 % relatieve vochtigheid. De Thermo-hygrometer is met een hoogwaardig, in Duitsland vervaardigd, meetmechanisme uigerust en garandeert een onderhoudsvrije meetnauwkeurigheid. Door middel van een mechaniek wordt de lengteverandering van een speciaal voorbehandelde synthetische vezel gemeten, die uitzet bij vochtigheid en samentrekt bij droogte. De verandering in lengte wordt met behulp van een stangetje en asje in een draaibeweging omgezet en zichtbaar gemaakt met een wijzer.De weergave van het apparaat kan door een nulpunt-correctie eenvoudig gecorrigeerd en gekalibreerd worden. Natuurlijk kan de BZ15C ook in gewone woonruimtes gebruikt worden – ook hier biedt dit meetapparaat goede dienst bij het bewaken van het juiste klimaat voor diverse soorten privé-verzamelingen.De BZ15C heeft een eenvoudig afleesbaar scaladesign met klimaatgerelateerde kleurindicatie:Bedraagt de luchtvochtigheid minder dan 35 % r.v. dan is de lucht in de garage doorgaans te droog voor leer en kunststof. Brokkelend leer, poreuze afdichtingen en kabelbreuken kunnen daarvan het gevolg zijn – dienovereenkomstig bevindt zich de wijzer in het rode gebied.Zodat roest en corrosie niet onopgemerkt hun gang kunnen gaan of schimmel zich niet stiekem onder de armaturen en in de zittingen kan vastzetten, mag de luchtvochtigheid hoogstens 45 tot 50 % r.v. bedragen – het groene bereik.Al vanaf ca. 55 % r.v. begint metaal te corroderen en vochtnesten drogen niet meer voldoende. Vanaf 70 % luchtvochtigheid vinden schimmels al na enkele uren een ideale voedingsbodem – daarom zijn natuurlijk deze gevaarlijke gebieden op het kleurenscala van de BZ15C in rood weergegeven.Zo reageert u juist, als de wijzer in het ‚rood‘ staat.… of wanneer hij zich in het kritische bereik begeeft. U moet dan dringend ‚tegensturen‘ door te zorgen voor meer warmte en/of ventilatie, tot zich de beide wijzers van de BZ15C weer in het optimale ‚groene‘ bereik bevinden. Om het ideale klimaat voor uw old-timer garage te bereiken, kunt u het beste vertrouwen op professionele luchtontvochtigers, zoals de gerenommeerde apparaten van de DH-VPR+ serie met intelligente ThinC!-klimaattechnologie van Trotec.Voordelen in de praktijk:Hoogwaardige meettechniek Made in GermanySpeciaal scala-design met klimaatgerelateerde kleurindicatieEenvoudige weergave en interpretatieInclusief kalibreeroptieTechnische gegevens:Meetbereik luchttemperatuur: 0 °C tot +40 °CResolutie luchttemperatuur: 2 °CNauwkeurigheid luchttemperatuur: ±2 °CMeetbereik relatieve luchtvochtigheid: 0 % r.V. tot 100 % r.v.Resolutie relatieve luchtvochtigheid: 1 % r.V.Nauwkeurigheid relatieve luchtvochtigheid: max. ±3 % r.v.Omgevingsvoorwaarden voor het gebruik: -10 °C bis +50 °CGebruik ca. - max. rel. vochtigheid (niet condenserend): 100 % r.v.Omgevingsvoorwaarden opslag: -10 °C tot +50 °COpslag - max. rel. vochtigheid (niet condenserend): 100 % r.v.Functies: meten van de relatieve vochtigheid en temperatuurAfmeting: 103 mmGewicht: 155 g
 Let op: specificaties kunnen zonder opgave van redenen in het belang van een lopende productverbetering door de fabrikant worden gewijzigd. 
 Aan de afbeeldingen van producten en eventueel getoonde specificaties of keurmerken kunnen geen rechten worden ontleend 
"
805,TOOLCRAFT TO-7582434 HEPA-filter,,TOOLCRAFT,,,,"17,49",,https://www.bol.com/nl/nl/p/toolcraft-to-7582434-hepa-filter/9300000119613012/,5,"
TOOLCRAFT TO-7582434 HEPA-filter  TOOLCRAFT FILTER VOOR BN 2481578 Technische spec.: Afmeting, breedte: 110 mm · Afmeting, hoogte: 105 mm · Afmeting, lengte: 110 mm · Duurzaamheid / milieuvriendelijkheid: Plasticvrije verpakking · Gewicht: 0.15 kg   Features      Highlights      Leveromvang  null 
"
806,"Clean Air Optima® HEPA Filter voor 4in1 Aircooler, Luchtreiniger, Luchtbevochtiger en Ventilator CA-106 Smart",,Clean Air Optima,,,,"36,95",,https://www.bol.com/nl/nl/p/clean-air-optima-hepa-filter-voor-4in1-aircooler-luchtreiniger-luchtbevochtiger-en-ventilator-ca-106-smart/9300000151789510/,3,"
 Vervangfilter CA-106 Smart• Geschikt voor aircooler/luchtkoeler: CA-106 Smart• Vervangen na ca. 2-3 maanden.   TRUE HEPA (H13) filter met nano zilver coatingZuivert 99,97% van alle zweefstoffen tot 0,3 micrometer (0,3 µm) uit de lucht. Het HEPA filter is het meest effectieve luchtfilter voor het verwijderen van:• (fijn)stof, sigarettenrook, pollen• allergenen• alle andere vaste deeltjes   De antibacteriële laag van nano zilver coating op het filter elimineert bacteriën en schimmels. 
"
807,"Fijnstofmeter HUMA-i SkyBlue HI-120 PM2,5 / PM10 / VOC",,HUMATECH,,,,"129,-",,https://www.bol.com/nl/nl/p/fijnstofmeter-huma-i-skyblue-hi-120-pm2-5-pm10-voc/9200000119949371/,3,"
    HUMA-i Skyblue HI-120 :Meet PM2,5 stofdeeltjesMeet PM10 stofdeeltejsMeet VOC vluchtige stoffenHUMA-i is fabrikant van fijnstofdeeltjes meters.De zeer compacte vormgeving maakt het mogelijk om de luchtkwaliteit op diverse plaatsen te meten.Niet alleen in de slaapkamer is er vaak een te hoge hoeveelheid fijnstof in de lucht, maar ook in bijvoorbeeld de huiskamer en keuken.Dankzij de bijgeleverde USB aansluiting kunt u de meter ook gebruiken in de auto, een plaats waar de luchtkwaliteit vaak te wensen overlaat.De 1-knops bediening maakt de HUMA-i meter eenvoudig te bedienen.Het display kunt u instellen op verschillende waardes, door het gebruik van eenvoudig te begrijpen logo's ziet u in een oogopslag de kwaliteit van de lucht om u heen.Bij de beoordeling van de luchtkwaliteit wordt gebruik gemaakt van de adviezen van de WHO (World Health Organisation).
  "
808,TROTEC Thermo hygrometer BC06,,Trotec,,"5,0",1,"39,95",,https://www.bol.com/nl/nl/p/trotec-thermo-hygrometer-bc06/9200000039881255/,7,"
  TROTEC BC06 Thermohygrometer   Voor klimaatmetingen in uw woning, kantoor, productieruimtes, magazijn, laboratorium, landbouw of bloemisterij - door de combinatie van eenvoudige éénhand-bediening en precieze meettechniek levert de BC06 in een fractie van een seconde de precieze meetwaarden van temperatuur, relatieve luchtvochtigheid van de omgevingslucht.   Praktisch detail: dankzij de Min-/Max-functie kunnen minimum- of maximumwaardes van de actuele meting op de automatisch verlichte LCD-display ingesteld worden.   Zo kunnen wijzigingen in het binnenklimaat in verschillende ruimtes heel eenvoudig worden berekend.   Met de eveneens geïntegreerde dauwpunt- en nattebol-temperatuurmeting beschikt de BC06 over verdere nuttige features voor controle van het binnenklimaat.   Voordelen in de praktijk:   * Trotec: 100% ontwikkeling, design en vervaardiging   * Meting van relatieve luchtvochtigheid en luchttemperatuur, dauwpunt- en nattebol-temperatuur met één apparaat   * Een optimale prijs-kwaliteitverhouding   * Duo-meetwaarde   * Functie voor de weergave van minimale en maximale waarde   * Eenvoudige éénhand-bediening   * Automatische displayverlichting   * Automatische uitschakeling   * Voor de praktijk geoptimaliseerd Duits industrieel design - beschermd ontwerp     Functies:   * Weergave van de maximale en minimale waarde   * Temperatuuraanduiding in °C en °F   * Automatische displayverlichting   * Automatische uitschakeling     Technische Details:   Luchttemperatuur   * Meetbereik: -20 °C tot +60 °C (-4 °F tot +140 °F)   * Resolutie: 0,1 °C (0,1 °F)   * Nauwkeurigheid: ± 1 °C (bij 0 °C tot 40 °C); ± 2 °C (bij -20 °C tot 0 °C en 40 °C tot 60 °C)     Luchtvochtigheid   * Meetbereik: 0 tot 100 % r.F.   * Resolutie: 0,1 % r.F.   * Nauwkeurigheid: ± 3,5 % r.F. (bij 20 % tot 80 % r.F.); ± 5 % r.F. (bij 0 tot 20 % en 80 bis 100 % r.F.)     * Afmetingen (L x B x H): 146 x 56 x 34 mm   * Gewicht: 145 g (inclusief batterij) 
"
809,Turbionaire TREND PUR FAN 100 WM buis ventilatie-unit met filter functie,,Turbionaire,,,,"375,-",,https://www.bol.com/nl/nl/p/turbionaire-trend-pur-fan-100-wm-buis-ventilatie-unit-met-filter-functie/9300000144617440/,5,"
 Ventilatie-unit met filter functie, ontworpen voor continue ventilatie met luchtfiltering functie. Ideaal voor slaapkamers, woonkamers, kinderkamers, hotelkamers, klaslokalen en andere ruimtes waar het belangrijk is om schone lucht te behouden doormiddel van ventilatie.   Deze ventilatie unit is ontworpen voor maximale comfort in de ruimte met een ideale capaciteit voor het behaouden van een frisse lucht in de ruimte. De te ventileren lucht wordt gelijk in drie stappen gezuiverd. De zuivering wordt gedaan met behulp van een T-Pur filter met een efficiëntie die kan oplopen tot wel 97%.   Het T-Pur filter heeft drie eenheden. Het grove stoffilter houd de grote onzuiverheidsdeeltjes tegen. Het HEPA filter is juist weer goed tegen fijnstof (PM 2.5) pollen, virussen, bacteriën, benzeen, formaldehyde, tolueen, etc. Het actieve koolfilter houdt de nare geurtjes tegen.   De pure fan 100wm is echt veel beter voor ventilatie dan het openzetten van een raam. Je hebt dezelfde voordelen maar dan zonder de vervelende bijwerkingen die een openraam nu eenmaal met zich mee brengt.   Dankzij de telescopische buis kan je eenvoudig deze ventilatie unit aanpassen aan de dikte van de buitenmuur. De unit is ontworpen om volledig van binnenuit te installeren. Dit ontwerp zorgt voor een eenvoudige en snelle installatie, ook in gebouwen met meerdere verdiepingen. 
"
810,Stadler Form - Selina - Hygrometer - Luchtvochtigheidsmeter - Berry,,Stadler Form,,"4,5",18,"29,95",,https://www.bol.com/nl/nl/p/stadler-form-selina-hygrometer-luchtvochtigheidsmeter-berry/9200000052089646/,7,"
    Dankzij haar state-of-the-art technologie bewaakt Selina in stijl het leefklimaat en geeft nauwkeurig aan of de ruimte te droog - vochtig - warm of koud is. Met een strakke en elegante vormgeving past zij harmonieus in elke woonomgeving en geeft zij precies aan wanneer een luchtbevochtiger gewenst is. • Met digitale thermometer • Bereik: 25% / 98% (±3 %) • Bereik: -10°C / +50°C (±1°C) • Incl. 2 batterijen
  "
811,Clean Air Optima® Nano-Zilver Filter voor luchtwasser CA-803,,Clean Air Optima,,,,"16,90",,https://www.bol.com/nl/nl/p/clean-air-optima-nano-zilver-filter-voor-luchtwasser-ca-803/9300000007748723/,0,"
 Clean Air Optima® Nano-Zilver Filter voor luchtwasser CA-803 
 De Clean Air Optima® luchtwasser CA-803 beschikt over een antibacterieel waterfilter. Dit filter bestaat uit een cilinder gevuld met kunststof kogeltjes. Deze kunststof kogeltjes zijn voorzien van een nano-zilver coating om de groei van bacteriën en geurvorm tegen te gaan. Dit filter bevindt zich in de waterbak en kan eenvoudig gereinigd worden door afspoelen met leidingwater.  
 Afhankelijk van het soort gebruik, heeft het nano - zilver waterfilter een levensduur van ca. 12 maanden.  
"
812,AllSpares NanoCloud Bevochtigingsfilter voor Luchtbevochtigers geschikt voor Philips FY5156/10 (Ø20x245mm),,,,,,"24,89",Op voorraad,https://www.bol.com/nl/nl/p/allspares-nanocloud-bevochtigingsfilter-voor-luchtbevochtigers-geschikt-voor-philips-fy5156-10/9300000170923190/,2,"
 AllSpares NanoCloud Bevochtigingsfilter voor Luchtbevochtigers geschikt voor Philips FY5156/10 (Ø20x245mm)     Verbeter de luchtkwaliteit in uw leefruimtes met dit AllSpares NanoCloud bevochtigingsfilter FY5156/10. Met dit geavanceerde filtersysteem worden allergenen, stofdeeltjes, bacteriën, virussen en pollen geëlimineerd waardoor u de voordelen van een schone lucht kunt ervaren. Lees meer over onze luchtreiniger filters en de voordelen.- Verbeter de luchtkwaliteit in uw woonruimtes.- Het filter is duurzaam en gaat lang mee, waardoor het een kostenbesparende optie is. Het advies is het filter na 12 maanden te vervangen.- Inhoud: 1x bevochtigingsfilter.- Goedkoper uit door de aanschaf van ons huismerk AllSpares: een goedkope oplossing ten opzichte van een duur origineel filter. Filters van AllSpares evenaren de kwaliteit van de originele filters. - Eenvoudig te installeren en te vervangen | De filters van AllSpares zijn compatibel met het origineel en passen perfect in de Philips FY5156/10.- AllSpares filters hebben een stijlvol design en passen daardoor in elk interieur. 
"
813,"Ozon Generator - Ozon Luchtreiniger - Ozongenerator luchtreiniger - Ozon Apparaat - 28,000 mg/h",,Merkloos,,,,"382,95",,https://www.bol.com/nl/nl/p/ozon-generator-ozon-luchtreiniger-ozongenerator-luchtreiniger-ozon-apparaat-28-000-mg-h/9300000162801123/,8,"
   Ozongenerator: De ozonmachine levert 28000 mg/h ozon, het reinigingsgebied is tot 300 m2. Het kan snel alle geuren zoals rook, huisdieren, Keuken, Doe-het-zelfprojecten en andere VOC ' s verwijderen, allergenen verminderen en een schone luchtomgeving creëren.     Twee reinigingsmodi: de"" lucht "" - modus van de ozongenerator wordt gebruikt om de binnenlucht te reinigen die in een groot gebied stroomt, zoals appartementen, kelders, kantoren, gangen. De"" water "" - modus gebruikt het luchtkanaal om ozon in een bepaald klein gebied of vloeistof te introduceren. Het kan niet alleen worden gebruikt voor garderobe/kast/huisdier bed, maar ook voor fruit, groenten en water.     Geen filter nodig: de ozon luchtreiniger maakt gebruik van hoogspanningsionisatie om een deel van de zuurstof in de lucht af te breken en te polymeriseren tot ozon. Ozon komt vrij uit de machine in de lucht, O3 hecht zich aan geuren en vernietigt de celwand op moleculair niveau. Het vereist niet alleen een filter, Het verwijdert ook geuren en reduceert ozon tot zuurstof zonder het milieu te beschadigen.     120 minuten timer en hold: u kunt de tijd instellen op maximaal 2 uur of de ""hold"" - modus. De tijd kan worden aangepast aan de grootte van de ruimte en de intensiteit van de te neutraliseren geur. Tijdens de operatie is het uw familie/huisdieren verboden in de kamer te verblijven. Wacht 30-60 minuten na het voltooien van de reinigingsruimte voordat u terugkeert naar de reinigingsruimte en open de deur/het raam om de ventilatie te behouden.     Gemakkelijk te dragen en te gebruiken: de grootte van de ozone generator luchtreiniger is 22 x 20 x 16 cm (zonder handvatten en vloermatten) en het gewicht is 3,2 kg, zijn uitgerust met een isolerende rubberen handvat waarmee u kunt bewegen en dragen. Met slechts 3 knoppen op het bedieningspaneel kunt u uw ozongenerator binnen enkele seconden laten draaien. Als u vragen heeft, stuur ons dan een e-mail. Wij zullen u binnen 24 uren antwoorden.   
"
814,Luchtvochtigheidsmeter met alarm en tijd HS-1,,Hs,,,,"19,50",,https://www.bol.com/nl/nl/p/luchtvochtigheidsmeter-met-alarm-en-tijd-hs-1/9200000098876835/,0,"
Luchtvochtigheidsmeter met alarm en tijd HS-1 Compacte tool voor op bureau of tafel. Geeft in de ruimte de temperatuur en de luchtvochtigheid aan. Ook de tijd wordt op de display getoond en wekker/alarm kan worden ingesteld en is daarom een multifunctionele tool en een zinvol en leuk geschenk.  Check voor meer informatie en aanbiedingen de website van De Racketclub.
  "
815,NOVY - PLATTE BUIS - 906401,Nieuw artikel,Novy,,,,"45,61",Op voorraad,https://www.bol.com/nl/nl/p/novy-plat-afvoerkanaal-89x222x1000-mm-563-79400/9200000055172483/,5,"
    Novy 906401 - Platte buis.
  "
816,Medisana Aroma 10 ml Eucalyptus,,Medisana,,"3,6",9,"14,99",,https://www.bol.com/nl/nl/p/medisana-aroma-10-ml-eucalyptus/9200000053022685/,3,"
    De Medisana geurolie met eucalyptusgeur (10ml) is geschikt voor aroma diffusers en luchtbevochtigers.Kijk  hier  voor alle informatie over Medisana.
  "
817,Turbionaire luchtgordijn Linea 100 recirculatie met afstandsbediening,,Turbionaire,,,,"275,-",,https://www.bol.com/nl/nl/p/turbionaire-luchtgordijn-linea-100-recirculatie-met-afstandsbediening/9300000170131202/,3,"
luchtgordijn Linea 100 met recirculatie  De Linea Air Curtain is energiebesparend en zeer comfortabel. De Linea voorkomt het binnendringen van vliegende insecten en rond dwarrelend vuil. De Linea creëert een luchtafdichting tussen buiten- en binnen omgevingen en zorgt voor een ongehinderde zicht en loop naar buiten en binnen door de deur opening.   Winkels en andere openbare gebouwen hebben hun deuren open staan zodat het uitnodigend is om naar binnen te lopen. Een groot nadeel hiervan is dat de warme lucht in de ruimte makkelijk door de deur naar buiten gaat en dat de koude lucht de ruimte binnen kan. Hierdoor gaat het tochten en gaan de energiekosten omhoog. Dit is uiteraard geen ideale situatie. Een luchtgordijn lost dit op.  Kenmerken:  Cross flow type Afstandsbediening heeft geen verwarmingsfunctie 
"
818,"AEG AFDCAR6 CARE360 (ultimate protect filter, groot, origineel) - Geschikt voor AX91-604-series",,AEG,,,,"127,99",Op voorraad,https://www.bol.com/nl/nl/p/aeg-afdcar6-care360-geschikt-voor-ax91-604-series/9300000073843718/,0,"
    Electrolux AFDCAR6. Aantal per verpakking: 1 stuk(s)
  "
819,DEC metalen toevoer ventilatie ventiel design met klemveren Ø 100 mm – DVSR100,,DEC INTERNATIONAL,,,,"16,95",Op voorraad,https://www.bol.com/nl/nl/p/dec-metalen-toevoer-ventilatie-ventiel-design-met-klemveren-o-100-mm-dvsr100/9300000171429975/,3,"
    Dit toevoerventiel van het merk DEC is een sieraad voor je interieur. Bovendien is het speciaal ontworpen als ventiel voor het toevoerkanaal van je ventilatiesysteem. Dankzij de krasbestendige poedercoating van het hoogwaardige staalplaat is het een lust voor het oog en dankzij de speciale foam-band doet hij fluisterstil zijn werk. Met de veerklemmen is het ventiel eenvoudig te monteren op een ronde buis in het plafond of de wand. De luchttoevoer is traploos in te stellen tot maximaal 35 m³/h. Perfect voor een breed scala aan ventilatietoepassingen dus!
  "
820,Ozon Generator - Ozon Luchtreiniger - Ozongenerator luchtreiniger - Ozon Apparaat,,Merkloos,,,,"140,95",,https://www.bol.com/nl/nl/p/ozon-generator-ozon-luchtreiniger-ozongenerator-luchtreiniger-ozon-apparaat/9300000162746484/,6,"
   Als u op zoek bent naar een milieuvriendelijke en betrouwbare methode voor desinfectie van voedsel en thuis, voeg ons product veilig toe aan het winkelmandje.     Betrouwbaar en milieuvriendelijk. Onze ozongenerator is veilig en zonder chemicaliën, gebruikt elektrische stroom voor het verwijderen van geuren, desinfectie, ionisatie en sterilisatie.     Een must-have. 99,99% efficiëntie zorg ervoor dat u voedsel drinkt dat vrij is van pesticiden, bacteriën en schimmels, desinfecteer water om uw gezondheid en die van uw gezin te beschermen.     Eenvoudig te bedienen en schoon te maken, u kunt eenvoudig de gewenste optie kiezen met de ingestelde tijd (5, 10, 15, 20, 25 en 30 minuten), neemt weinig ruimte in de keuken en wordt geleverd met gaten voor opknoping aan de muur.     De fabrieksgarantie is alleen beschikbaar door geautoriseerde verkopers. Als u om het even welke problemen met de aankoop hebt, te verzenden gelieve ons een e-mail, zullen wij u zo spoedig antwoorden.   
"
821,Ozon Generator - Ozon Luchtreiniger - Ozongenerator luchtreiniger - Ozon Apparaat - 100 mg/h,,Merkloos,,,,"69,95",,https://www.bol.com/nl/nl/p/ozon-generator-ozon-luchtreiniger-ozongenerator-luchtreiniger-ozon-apparaat-100-mg-h/9300000162752729/,9,"
   Snelle deodorisatie: Luchtreiniger met een actieve zuurstofproductie van 100 mg/h, professionele snelle deodorisatie in zeven minuten. Het kan de eigenaardige geur van de badkamer, de eigenaardige geur van huisdieren, desinfectie en decoratie van een nieuw huis verwijderen, formaldehyde verwijderen en de lucht reinigen. Het kan worden opgelost om uw leefomgeving te redden.     Ozon efficiënte sterilisatie: de machine van de luchtsterilisatie steriliseert tot 99,99%, doodt alle schadelijke bacteriën zoals Staphylococcus, schimmel en E. coli. Het kan geuren en rook in de lucht, micro-organismen en schadelijke bacteriën zoals mijten, schimmels, E. coli, enz. afbreken. Verwijderen.     Ozon desinfectie: ozon als een krachtig oxidatiemiddel kan rechtstreeks bacteriën en virussen binnendringen om te ontbinden, organellen en DNA / RNA onmiddellijk te vernietigen en de dood van bacteriën te veroorzaken. Tijdens de ontbinding worden zuurstofatomen geproduceerd, wat onschadelijk is voor het menselijk lichaam. De ozongenerator zal een geur als Houttuynia cordata uitzenden wanneer hij werkt. Als u niet van de geur houdt, verlaat het werkgebied tijdens ozonwerking.     Toepassingsgebied en 4 modi: Ozongenerator is geschikt voor het reinigen van ruimtes van 20-40㎡. U kunt het apparaat instellen afhankelijk van de grootte van uw kamer. Schakel het apparaat in, druk op de knop ""Aan / uit"" om het apparaat in en uit te schakelen (het moduslampje knippert om aan te geven dat de machine werkt en wanneer het moduslampje continu brandt, is dit de standby-modus van de machine). Wanneer ingeschakeld, drukt u op de knop"" Modus "" om de selectie van de cyclusmodus P1, P2, P3, P4 uit te voeren.     Compact en geschikt: geschikt voor kleine ruimten in vele gelegenheden, zoals slaapkamers, keukens, wasruimten, babyruimten, huisdierenruimten, badkamers, hotels, huizen, kasten. De ontgeurings-en ontsmettingsmachine is zeer klein en lichtgewicht en zeer eenvoudig te installeren. Er is een beschermende film op de ozonluchtreiniger, verwijder deze voor het eerste gebruik. Mooi verpakt en klaar om cadeau te geven.   
"
822,"Flexibele afvoer en/of condens waterslang transparant PVC 12x2mm , per 4 meter lengte",,APD,,,,"66,77",,https://www.bol.com/nl/nl/p/flexibele-afvoer-en-of-condens-waterslang-transparant-pvc-12x2mm-per-4-meter-lengte/9200000120386708/,2,"
    Deze transparante pvc water afvoer- condenswater is een uitermate hoge kwaliteit slang, welke deze dan ook geschikt maakt voor zeer diverse toepassingen, denk aan afvoer van condenswater van luchtontvochtigers. airco's , aquaria, modelbouw en laboratoria.  Doordat deze slang transparant is kunt u de vloeistof goed zien en volgen wat voor diverse industriële toepassingen zeer handig kan zijn. De slang is zeer soepel en dus gemakkelijk te gebruiken wanneer u weinig ruimte heeft.Let op: genoemde prijs is per 4 meter
  "
823,Marmitek Hygrometer Binnen - Sense MO - Zigbee 3.0 - Hygrometer Luchtvochtigheidsmeter binnen - Hydrometer,,Marmitek,,,,"24,99",,https://www.bol.com/nl/nl/p/marmitek-hygrometer-binnen-sense-mo-zigbee-3-0-hygrometer-luchtvochtigheidsmeter-binnen-hydrometer/9300000076612000/,7,"
Voor dit product is een Zigbee gateway nodig (apart verkrijgbaar).Gebruik deze sensor om andere Smart me producten te activeren wanneer een bepaalde temperatuur of luchtvochtigheid is bereikt.Controleer de temperatuur en luchtvochtigheid in je kamer op het geïntegreerde display of via de Smart me app.Monteer de sensor aan een muur of gebruik de geïntegreerde standaard om hem op een bureau of kast te plaatsen.Ontvang notificaties via de Smart me app.  
"
824,Svent kunststof buisventilator met temperatuur regelaar 187m3 Ø 100mm – TT100U,,Svent,,,,"137,95",Op voorraad,https://www.bol.com/nl/nl/p/svent-kunststof-buisventilator-met-temperatuur-regelaar-187m3-o-100mm-tt100u/9300000171430781/,3,"
    Svent kunststof buisventilator met temperatuur regelaar 187m3 Ø 100mm – TT100U * Buisventilator met kunststof behuizing * Geïntegreerde thermische motorbeveiliging. * Zowel horizontaal als verticaal te monteren. * De behuizing en het ventilatorwiel zijn gemaakt van weerstandsbestendig ABS-kunststof. * Temperatuursensor ingebouwd in kanaalstroom. * Naarmate de ingestelde temperatuur is overschreden zal de ventilator op vol vermogen werken, indien de temperatuur onder de ingestelde waarde zal komen draait de ventilator op de ingestelde snelheid. Tip! Wilt u een geluidsdichte verbinding? Kies dan voor een verbindingsmachet (product/ruck-verbindingsmachet-2-stuks-o-100mm-vm-100/).
  "
825,"Ozongenerator - 28,000 mg/u Lucht- en Watermodus - Ozonluchtreiniger met Timer voor Woningen, Kantoren, Restaurants, Cafés, Hotels en Garages tot 300 ㎡",,‘’merkloos’’,,,,"249,99",,https://www.bol.com/nl/nl/p/ozongenerator-28-000-mg-u-lucht-en-watermodus-ozonluchtreiniger-met-timer-voor-woningen-kantoren-restaurants-cafes-hotels-en-garages-tot-300/9300000147344704/,7,"
 Deze ozonluchtreiniger van Ozongenerator is een krachtig apparaat dat speciaal is ontworpen om de lucht en het water in uw bedrijfs- of huisomgeving te zuiveren. Met behulp van geavanceerde technologieën en hoogwaardige materialen, kan deze ozonluchtreiniger u helpen om een ​​gezonde, schone en veilige omgeving te creëren.   Met deze ozonluchtreiniger kunt u eenvoudig de lucht zuiveren van schadelijke stoffen, zoals allergenen, schimmels, bacteriën en virussen. Dit apparaat produceert ozon dat deze stoffen effectief vernietigt en verwijdert, waardoor de lucht schoon en fris blijft. Het kan ook helpen om onaangename geuren, zoals sigarettenrook, huisdierengeur en kookgeuren te verminderen of te elimineren.   Bovendien heeft deze ozonluchtreiniger ook een watermodus. Hierdoor kunt u niet alleen de lucht zuiveren, maar ook het water in uw bedrijf of huis. Dit is ideaal voor restaurants, hotels, spa's en andere bedrijven waar hygiëne en zuiverheid van het water van groot belang is. Het kan u helpen om bacteriën en virussen in het water te verwijderen, waardoor het veiliger wordt om te gebruiken.   Een ander voordeel van deze ozonluchtreiniger is dat het een duurzaam en energiezuinig apparaat is. Het heeft een laag energieverbruik en een lange levensduur, waardoor het een kosteneffectieve keuze is voor bedrijven en huizen. Het is ook gemakkelijk te gebruiken en te onderhouden, wat tijd en moeite bespaart.   Kortom, de Ozongenerator met watermodus is een hoogwaardig apparaat dat u kan helpen om een gezonde en veilige omgeving te creëren voor uw bedrijf of huis. Het kan u helpen om schadelijke stoffen in de lucht en water te verwijderen en het heeft een laag energieverbruik en lange levensduur. Investeer in dit product voor een schonere en gezondere omgeving! 
"
826,Draagbare luchtreiniger ozon generator antivirus desinfector deodorant ozon generator ion smart home,,Merret,,,,"49,95",,https://www.bol.com/nl/nl/p/draagbare-luchtreiniger-ozon-generator-antivirus-desinfector-deodorant-ozon-generator-ion-smart-home/9300000167427650/,8,"
 Bescherm jezelf tegen verspreidende virussen met ons handige product!   Kenmerken:   Compact formaat, perfect voor kantoor, slaapkamer, hotel, slaapzaal en meer. Ozontechnologie elimineert 99% van de bacteriën, waardoor een veilige omgeving ontstaat. Geluidsniveau lager dan 35 dB voor een rustige omgeving. Krachtige batterij tot 600 mAh met oplaadbaar ontwerp voor langdurige bescherming.   Specificaties:   Afmetingen: 4,6 x 6,5 cm Verpakkingsgrootte: 9,5 x 9,5 x 5 cm Gewicht: 97,4 g   Voordelen:   Klein en draagbaar Effectieve eliminatie van virussen en bacteriën Stil in gebruik Langdurige bescherming met oplaadbare batterij   Bovendien geeft het tijdens het gebruik geen onaangename geur af, wat het gebruik extra comfortabel maakt.   Inclusief:   1x USB-kabel 1x Engelse handleiding 1x Sterilisator   Kinderen moeten het gebruiken onder toezicht van hun ouders. 
"
827,"Venta Starterpakket, 1 Hygiënemiddel, 1 Reiniger, 1 Geurset",,Venta,,"2,0",1,"59,95",,https://www.bol.com/nl/nl/p/venta-starterpakket-1-hygienemiddel-1-reiniger-1-geurset/9200000122577845/,0,"
    1 Venta Hygiënemiddel (500 ml)Accessoires voor LW15, LW25, LW45, LW15 Comfort Plus, LW25 Comfort Plus, LW45 Comfort Plus Venta-Hygiënemiddel voor een optimale hygiëne en prestatie.1x à 500 ml 1 Venta-reiniger (250 ml)Accessoires voor LW15, LW25, LW45, LW15 Comfort Plus, LW25 Comfort Plus, LW45 Comfort Plus,Venta-Reiniger voor de halfjaarlijkse intensieve reiniging.- 1 Sinaasappelgeur- 1 Eucalyptusgeur- 1 Grapefruit-Sandelhout
  "
828,Stadler Form - Roger + Roger big - H12 Filter,,Stadler Form,Stadler Form Roger,,,"69,-",,https://www.bol.com/nl/nl/p/stadler-form-roger-roger-big-h12-filter/9200000085475517/,2,"
    De Dual Filter™ is een combinatie van een H12 HEPA filter en een actieve koolstoffilter. De HEPA H12 filter filtert verontreindigde stoffen uit de lucht en de actieve koolstoffilter absorbeert gassen. De H12 HEPA filtert de lucht ook sneller dan de H14 HEPA filter. De Dual Filter™ moet elke 8-12 maanden vervangen worden. Voor de Roger Big zijn twee Dual Filters™ nodig
  "
829,TROTEC HEPA-filter voor PAE 35 - filtercapaciteit 95 %,,Trotec,,,,"39,95",,https://www.bol.com/nl/nl/p/trotec-hepa-filter-voor-pae-35-filtercapaciteit-95/9300000095679653/,2,"
HEPA-filter voor PAE 35 - filtercapaciteit 95 %Het zeer efficiënte HEPA-luchtfilter filtert met een afscheidingsgraad van 95 % ziekteverwekkende fijne deeltjes uit de binnenlucht.
 Let op: specificaties kunnen zonder opgave van redenen in het belang van een lopende productverbetering door de fabrikant worden gewijzigd. 
 Aan de afbeeldingen van producten en eventueel getoonde specificaties of keurmerken kunnen geen rechten worden ontleend 
"
830,"Starre aluminium ventilatieslang Ø 125mm 1,5 meter",,Europlast,,,,"17,95",Op voorraad,https://www.bol.com/nl/nl/p/starre-aluminium-ventilatieslang-o-125mm-1-5-meter/9300000171429894/,0,"
    Starre aluminium ventilatieslang diameter 125 mm lengte 1.5 meter
  "
831,DeLonghi AC100 Luchtreiniger 40 m² Grijs,,De'Longhi,,,,"195,-",Op voorraad,https://www.bol.com/nl/nl/p/delonghi-ac100-luchtreiniger-40-m-grijs/9300000038845209/,5,"
DeLonghi AC100 Luchtreiniger 40 m² Grijs  Verbeteren de luchtkwaliteit en filters vreemd materiaal, zoals vezels, stof, pollen of micro-organismen uit de lucht. Bijzonder in steden of in grote stad buurt is vervuiling van de lucht zeer sterk gestegen. Uitlaatgassen van motorvoertuigen en dergelijke van de industrie belasten de lucht die ademt. Ook talrijke soorten stof die uit vaste, minuscule deeltjes bestaan komt bij elk ademhaling in onze longen.vooral pollen kunnen bij veel mensen allergische reacties veroorzaken en uw luchtwegen zwaar belasten. Eveneens onaangename tabaksrook vervuild de lucht en zal ook niet roken het ademen. Om deze problemen te creëren, heeft de'Longhi apparaten voor reiniging ontwikkeld, die met een professionele filtersysteem de lucht in de ruimte, zonder schadelijke stoffen bevrijden. Ongeacht of het nu gaat om de woonkamer, kinderkamer of slaapkamer - schone lucht in uw woning vermindert het inademen van stof, haren van huisdieren en pollen en leidt tot meer welbevinden in eigen huis. De teksten voor dit artikel zijn automatisch vertaald.   Features      Highlights  3-traps filtersysteem (Wasbaar voorfilter, EPA-filter, actieve-koolfilters)   3 ventilatieniveaus   Timer (1, 2, 4 of 8 uur)     Leveromvang  null 
"
832,UltraOzone SCC600037 Professionele Ozongenerator om de lucht te zuiveren 15 g/hr,,Ultraozone,,,,"199,99",,https://www.bol.com/nl/nl/p/ultraozone-scc600037-professionele-ozongenerator-om-de-lucht-te-zuiveren-15-g-hr/9300000168505878/,2,"
 De TecnoSystemi SCC600037-generator maakt gebruik van ozon (O 3 ), een kleurloos gas met een lage dichtheid, voor het zuiveren van de lucht, omdat het ziekteverwekkers zoals ziektekiemen, bacteriën, virussen, schimmels, pollen, schimmels, sporen en gisten uit de lucht en het water elimineert. Volgens hetzelfde principe verwijdert de ozongenerator slechte geuren, zowel organisch als anorganisch van aard.   Het Ministerie van Volksgezondheid erkent ozon als ""Natuurlijk presidium voor de sterilisatie van omgevingen die besmet zijn met bacteriën, virussen en sporen"" (protocol nr. 24482 van 31/07/1996).   Sanering kan ook worden uitgevoerd in de airconditioningkanalen en in de verdamper, waar de stinkende schimmels ontstaan ​​door de invloed van vocht.   Vanwege de technische kenmerken is dit artikel ideaal voor: hotelkamers, restaurants, bars, werkomgevingen, appartementen, sportscholen, schoonheidscentra, winkels, klaslokalen, enzovoort.   Technische specificaties   Ozonproductie: 15 gr/uOntsmettingsbaar volume (m 3 ): 300-450Lokaal desinfecteerbaar gebied (m 2 ) : 100-150 (bij een hoogte van 3 m)Voeding: AC 230 V / 50 HzVermogen: 120 WInstelling bedrijfstijd : 0-90 minutenGewicht: 2,8 kgAfmetingen (LxHxD): 286 x 147 x 237 mm 
"
833,Medisana Aroma 10 ml Munt,,Medisana,,"3,0",1,"15,89",,https://www.bol.com/nl/nl/p/medisana-aroma-10-ml-munt/9200000053022673/,2,"
    De Medisana geurolie met muntgeur (10ml) is geschikt voor aroma diffusers en luchtbevochtigers.Kijk  hier  voor alle informatie over Medisana.
  "
834,BRISA B1 - Luchtzuiveraar - 6 zuiveringsprocessen - HEPA H13 - 30 tot 50m²,,BPureHouse,,,,"1060,-",,https://www.bol.com/nl/nl/p/brisa-b1-luchtzuiveraar-6-zuiveringsprocessen-hepa-h13-30-tot-50m/9300000090759208/,5,"
De Brisa luchtzuiveraars met een UV-C filter / lamp maken micro-organismen ((COVID)virussen, bacteriën en schimmels) onschadelijk vóór deze de filter betreden. In de filter worden de al gedeactiveerde micro-organismen definitief uit de lucht verwijderd. Tegelijkertijd kan de luchtzuiveraar Brisa lavendel of andere geuren aanbrengen (essentiële oliën in een 1 literwaterreservoir) en kan de Brisa B1 deze schone lucht bevochtigen, en dit in alle stilte.
De luchtzuiveraar Brisa B1 zorgt voor een zuivere lucht en verwijdert onder andere geurtjes, rook, pollen, virussen & bacteriën, fijnstof en gevaarlijke allergenen (zoals PM2.5 of formaldehyde) dankzij 6 zuiveringsprocessen.Hij verbetert echt aanzienlijk uw leefklimaat.Groene, oranje of rode leds zichtbaar op de Brisa B1 informeren u permanent over de toestand van de huidige luchtkwaliteit in de ruimte. Zo weet u best of u in die ruimte blijft of niet.
De Brisa B1 past de ventilatiesnelheid automatisch aan op basis van de door de sensor gemeten luchtkwaliteit.
Met de Brisa B1 kan u de luchtvochtigheid verhogen en zo de kwaliteit van uw ademhaling verbeteren.
U kan de Brisa via een afstandsbediening of op het toestel zelf bedienen.
Met een luchtbehandelingscapaciteit van 230 m³/u.Bevat een HEPA H13 filter die de UNE 1822 norm respecteert, UV-desinfectie en een ionisator voor uw welzijnsgevoel.3 werkingsniveau’s, afhankelijk van de zuiveringsbehoefte, met 3 lawaainiveau’s: 25, 36 en 55 dB.Voor een oppervlakte van 30m² zoals het bureau, de woonkamer, de haardkamer, de eetkamer, de badkamer en de slaapkamers. Ook voor klaslokalen, vergaderzalen, B&B kamers, kantoren, hotelkamers, restaurants, enz.Voor personen die niet gevoelig zijn voor pollen, rook, fijnstof, … kan de Brisa B1 een oppervlakte van 60m² dekken.
"
835,Itho daalderop optima2 set - 04-00089,,Itho Daalderop,,,,"443,95",Op voorraad,https://www.bol.com/nl/nl/p/itho-daalderop-optima2-set-04-00089/9300000160082431/,7,"
    De Itho daalderop optima2 set - 04-00089 bestaat uit een RFT AUTO bediening ( 04-00161 ) (product/itho-daalderop-draadloze-bediening-auto-rft-n-wit-04-00161/) en 2 Co2 -sensoren ( 04-00045 ) (product/itho-daalderop-rft-co2-sensor-opbouw-incl-bediening-230v-04-00045/) Hiermee kunt u een woning met een bestaande Itho Daalderop CVE of WTW-unit unit upgraden naar een comfortabeler, gezonder en energiezuinig binnenklimaat. Op uw unit staat aangegeven of deze geschikt is voor uitbreiding met slimme sensoren. Geschikt voor: * CVE-S (luchtbehandeling/mechanische-ventilatie/itho-daalderop-cve-s-eco-fan-ventilator-box/), CVD-S, Optima (luchtbehandeling/mechanische-ventilatie/itho-daalderop-optimaflow-cve-co2/) en HRU ECO. * Woonkamer, keuken en/of slaapkamers. Advies gebruik: * Bediening woonkamer * Nabij keuken * Slaapkamers Standen: * Automatische stand (regelen o.b.v. CO2) * Automatische nachtstand * Laagstand * Hoogstand * Timer
  "
836,Ozon Generator - Ozon Luchtreiniger - Ozongenerator luchtreiniger - Ozon Apparaat - 100 mg/h,,Merkloos,,,,"79,95",,https://www.bol.com/nl/nl/p/ozon-generator-ozon-luchtreiniger-ozongenerator-luchtreiniger-ozon-apparaat-100-mg-h/9300000162752565/,4,"
   Mini Household Ozonizer: deze huishoudelijke mini ozongenerator is een luchtbehandelingseenheid die zuurstof uit de omgeving haalt en omzet in ozon. Zodra het zijn functie vervult, wordt ozon omgezet in zuurstof. Het is gespecialiseerd in milieudesinfectie en geurreductie, zodat u kunt genieten van een omgeving zonder virussen, bacteriën, schimmels en allergenen. Ozonproductie van 100 mg / h Gewicht: 128 g. vermogen: 5 W, Spanning: 220 V / 50 Hz.     Geurminimalisatie: deze ozongenerator reinigt rookdeeltjes, huisdiergeuren of geuren uit de keuken of badkamer en vernietigt de veroorzakers van de slechte geur zonder residu in het milieu achter te laten. Reinigt, desinfecteert en verbetert de luchtkwaliteit in kamers met slechts 10 minuten gebruik, zonder dat er slechte geuren aan muren, stoffen, voorwerpen, dekbedden, gordijnen en tapijten kleven.     Vernietigt allergene en infectieuze stoffen: deze huishoudelijke ozongenerator vernietigt de veroorzakers van allergieën zoals bacteriën, schimmels en virussen en voorkomt infectieuze agentia die verkoudheid, griep en blokkades veroorzaken. Verwijdert vluchtige organische stoffen in kamers, woonkamers, eetkamers en kleine woonruimtes.     Draagbaar - Deze mini digitale ozongenerator is lichtgewicht en u kunt hem overal mee naartoe nemen om de atmosfeer in de gewenste kamer schoon te maken en schoon te maken. Het is praktisch, omdat het voldoende is om het gewoon in een stopcontact te steken en de tijd van gebruik te selecteren met de pijltjestoetsen. De werktijd moet tussen ten minste 10 minuten en maximaal 90 minuten liggen. Dit huishoudelijke ozonapparaat vereist geen installatie voor gebruik.     Functie: om deze programmeerbare mini-ozongenerator te gebruiken, hoeft u deze alleen maar aan te sluiten op de stroom en op de AAN/UIT-schakelaar te drukken totdat het LED-lampje brandt. Het werkt met een timer voor een continue behandeling van maximaal 90 minuten, kan de behandeltijd verlengen of verkorten (zoals gewenst), wat resulteert in een frisser, schoner en schoner milieu. Aanbevolen voor kamers tot 25 m2. Geen onderhoud of vervanging nodig.   
"
837,Brink Afpro - DF250/245x510 - WTW-filterset - Filterkasse ISO Coarse 50% - 5 sets,,AFPRO Filters,,,,"45,95",,https://www.bol.com/nl/nl/p/brink-afpro-df250-245x510-wtw-filterset-filterkasse-iso-coarse-50-5-sets/9300000163228428/,0,"
 Inhoud 5 sets van 2 filters    Filters t.b.v. warmteterugwinunit Brink Afpro DF250/245x510  
"
838,De'Longhi filterset luchtreiniger AC230,,De'Longhi,,"5,0",1,"54,29",,https://www.bol.com/nl/nl/p/de-longhi-filterset-voor-luchtreiniger-ac230/9200000010391329/,4,"
    Voorkom luchtvervuiling en geniet van meer comfort met de Luchtreiniger filterset AC 230 van De'Longhi. Deze Luchtreiniger filterset AC 230 is geschikt voor de Luchtreiniger AC 230 en bestaat uit een HEPA filter en een actieve carbon filter.
  "
839,Rhino Koolstoffilter 255 m³/h - H 20 cm - Flens 100 mm,,Rhino Filter,,,,"47,50",,https://www.bol.com/nl/nl/p/rhino-koolstoffilter-255-m-h-h-20-cm-flens-100-mm/9300000019818953/,2,"
    ProductbeschrijvingDe Rhino Filter koolstoffilter van carbon filtert organische geuren.Ook ideaal voor kattbak- en andere huisdiergeuren- Capaciteit 255 m3/h- Flensmaat 100 mm- Lengte 200 mm• Maximale hoeveelheid koolstof door uniek vul-systeem.• Konische interne basis voor optimale luchtstroom.• Uniek anti air bypass systeem.• 51% open gebied.• voor optimale levensduur direct na productie geseald en verpakt.• Test methode - ASTM.• 50mm RC412 koolstof bed (ID nr.1050mg/g).
  "
840,Ventilatieslang ⌀400 mm x lengte 5 M,,TETRA Tools,,,,"64,95",Op voorraad,https://www.bol.com/nl/nl/p/ventilatieslang-400-mm-x-lengte-5-m/9200000115146394/,5,"
    Ventilatieslang ⌀400 mm x lengte 5 MDe toe- of afvoerslang is geschikt voor mobiele ventilatoren. Deze afzuigslang is geschikt voor dampen en gassen af te voeren. Ook is het mogelijk om meerdere slangen aan elkaar te koppelen. De diameter van de slang is 400 mm en de lengte is 5 meter. De ventilator slang is geschikt voor op de Typhoon kunststof buisventilator en de TETRA TEF 443 elektrische verplaatsbare ventilator. De slang is eenvoudig op de ventilator aan te sluiten door middel van een touwtje. Door het flexibele materiaal is het gemakkelijk om de oranje slang neer te leggen in de gewenste positie.
  "
841,"Hoover HHP50CA 011 Luchtreiniger 110 m² Ivoor, Zilver",,Hoover,,,,"149,-",Op voorraad,https://www.bol.com/nl/nl/p/hoover-hhp50ca-011-luchtreiniger-110-m-ivoor-zilver/9300000020941161/,23,"
Hoover HHP50CA 011 Luchtreiniger 110 m² Ivoor, Zilver  Beter ademen, slapen en leven. De teksten voor dit artikel zijn automatisch vertaald.   Features  Multi-sensorsysteem: PM2.5, PM10, GAS (vluchtige organische verbindingen), temperatuur, luchtvochtigheid CO sensor & waarschuwing WiFi / Bluetooth luchtkwaliteitLED ring ( groen, geel, oranje, rood) gebruikersinterface: Touchscreen volledig scherm auto-modus, slaapstand, Max-modus Pollenallergiemodus (geactiveerd op Hon-app met gebruikerslergie-profiel) 3 lichtinstellingen aan/dimmen / uit verhoogde aanraakbeveiliging CADR: 330 m3/h effectieve ruimte: 110 m2 tijd, de lucht in een ruimte te verfrissen: 9 min. Geluidsniveau: 21 / 50 dBA H-trifilter (3 lagen): Afwasbare buitenlaag (stof, haren van huisdieren), HEPA-filter (sporen, bacteriën, pollen, stofmijten, uitwendige vervuiling) actief koolfilter (geuren, NO2, VOC, formaldehyde) filter levensduur weergave filterwaarschuwing Polldetectie en inactivering diffusor (2 instellingen + door de gebruiker gedefinieerd op Hon-app) H-essentie (collecties etherische oliën) H-bio-tica (bio hygenising voor objecten en oppervlakken) draaggreep intrekbaar netsnoer, 2 m.    Highlights  Interne en externe bewaking van de luchtkwaliteit voor een efficiënte reiniging   Automatisch programma voor de registratie van pollen   Bio-hygiënist en aroma-diffusor    Leveromvang  H-purifier, Gebruiksaanwijzing 
"
842,"Ozon Generator - Ozon Luchtreiniger - Ozongenerator luchtreiniger - Ozon Apparaat - 10,000 mg/h",,Merkloos,,,,"313,95",,https://www.bol.com/nl/nl/p/ozon-generator-ozon-luchtreiniger-ozongenerator-luchtreiniger-ozon-apparaat-10-000-mg-h/9300000162799622/,7,"
   Hoge capaciteit 10000 mg / uur: nieuwe en krachtige ozongenerator ondersteunt een hoge ozonproductie van 10.000 mg / uur met een levensduur van 5 jaar. Het helpt uw ruimte te ontgeuren en te steriliseren tegen geuren, bacteriën en virussen, effectiever dan anderen.     Verwijder sterke geuren: beschikbaar oppervlak <1002. Een must-have voor huis, slaapkamers, kantoren, hotel, restaurants, boerderijen, garage, laboratoria, huisdierengebieden, verouderde kelders, garages, schepen, ziekenhuizen, scholen en kleuterscholen, water-en brandschade, enz.     Meerdere toepassingen: één ozongenerator die een luchtreiniger en ontsmettingsmiddel, geurverwijderaar, schimmel-en meeldauwpreventie, virussen, bacteriën en insectenmoordenaars, enz.kan zijn.     Veiligheidszorg: 120min ontworpen tijdopnemer, laat mensen het volgens hun ruimte gebruiken. Alle ozonmachines zijn alleen voor niet-gemonteerde en gesloten ruimte. Zorg ervoor dat er geen leven in de kamer is als het werkt.     Gebruiksinstructie: maak uw ruimte schoon alvorens het te gebruiken, en zorg ervoor dat er geen mensen of huisdieren in de ruimte zijn als het werkte. Open het en stel een timer in voordat u de kamer verlaat. Wacht dan 1 uur nadat het is uitgeschakeld. Het kan ervoor zorgen dat al het resterende ozon weer wordt omgezet in zuurstof. We raden u aan om de ozongenerator elke 3 dagen thuis te gebruiken en niet meer dan 60 minuten werktijd te gebruiken.   
"
843,Eeese Hugo + Otto Hepa H13-filter (set van 3 st.),,Eeese,,,,"49,50",,https://www.bol.com/nl/nl/p/eeese-hugo-otto-hepa-h13-filter/9300000147773200/,0,"
 Het HEPA-H13 filter reinigt de lucht in huis en zorgt voor een gezonder binnenklimaat.   Geschikt voor de volgende Eeese toestellen:   Eeese Otto 20L - luchtontvochtiger Eeese Otto 25L - luchtontvochtiger Eeese Hugo 20L - luchtontvochtiger Eeese Hugo 25L - luchtontvochtiger 
"
844,Europlast metalen ventilatierooster rond wit Ø 100mm - MR100,,Europlast,,,,"12,95",Op voorraad,https://www.bol.com/nl/nl/p/europlast-metalen-ventilatierooster-rond-wit-o-100mm-mr100/9300000171430034/,3,"
    Met dit degelijke ronde ventilatierooster werk je jouw ventilatiesysteem netjes af. Het rooster is zowel binnen als buiten te gebruiken. Het is geschikt voor mechanische ventilatiesystemen, maar kan ook gebruikt worden voor muur- of deurventilatie. Ook is het toepasbaar voor zowel inblaas- als afvoertoepassingen. Kortom: een heel veelzijdig rooster dus! Dankzij het gaas hoef je je bovendien geen zorgen te maken over vuil en insecten en door de schuine lamellen beschermt het rooster ook goed tegen regen en wind. Verkrijgbaar in verschillende afmetingen en kleuren.
  "
845,SMSCOM Twincontroller Mk2 7A EU - Snelheidsregelaar voor ventilators met thermostaat - Fan Speed Controller,,SMSCOM,,,,"106,95",Op voorraad,https://www.bol.com/nl/nl/p/smscom-twincontroller-mk2-7a-eu-snelheidsregelaar-voor-ventilators-met-thermostaat-fan-speed-controller/9300000020671568/,3,"
 De SMSCOM Twincontroller MK2 is een zeer compacte, maar toch zeer complete ventilatie controller voor 2 ventilatoren van totaal maximaal 7 Ampère. De Twincontroller kan eenvoudig met slechts drie draaiknoppen (gewenste temperatuur, minimale snelheid en maximale snelheid) ingesteld worden.   De SMSCOM Twincontroller MK2 is elektronisch geregeld en zorgt op een eenvoudige wijze voor een nauwkeurige temperatuursturing van uw kweekruimte. De SMSCOM Twincontroller MK2 regelt traploos de juiste snelheid van uw ventilatoren en behoudt de juiste temperatuur. De Twincontroller MK2 heeft voor de IN en UIT ventilator een eigen stopcontact.   Kenmerken:   Elektronische, nauwkeurige klimaatbeersing; Eenvoudige bediening door middel van 3 draaiknoppen (Gewenste temperatuur, Minimale snelheid, Maximale snelheid); Maximaal belastbaar tot 7A / 1600 watt; 5 Meter NTC Temperatuur sensor inbegrepen; Reserve zekering inbegrepen; Software gestuurd; 5 Jaar garantie.   Gebruik:   Sluit uw Ventilatoren correct aan op de blauwe stopcontacten (Kleine Fan=IN / Grote Fan=OUT); Stel de gewenste MINIMUM ventilatorsnelheid in met knop 1 (bijv. 30%); Stel de gewenste temperatuur in met knop2 (bijv. 25°C); Stel de gewenste MAXIMALE ventilatorsnelheid in met knop 3 (bijv. 95%); Plaats de Temperatuursensor in uw ruimte; Let op, niet in directe luchtstroom of direct onder een lichtbron; Sluit nu Twincontroller MK2 aan op het lichtnet.   Uiteraard kunt u ook maar 1 ventilator aansluiten, sluit deze dan aan op ‘’FAN AIR OUT’’. De Twincontroller MK2 zal de ventilatoren traploos aansturen en de ingestelde temperatuur blijven zoeken.   Bij het aansluiten zal de TwinController de eerste 5 minuten de ruimte scannen voor de beste sturing van de ventilatoren (gedurende deze tijd zullen de ventilators harden en zachter gaan draaien). Na dit scanproces weet de TwinController altijd de perfecte snelheid om de ventilatoren aan te sturen voor een constante temperatuur.   Let op: Te langzaam draaiende ventilatoren zorgen voor teveel geluid, te weinig verversing én het risico op het defect van de ventilatoren. Dus zorg ervoor dat de minimale stand niet te laag ingesteld staat. 
"
846,"AEG Decor Kit voor AX5/AX7 Electrolux AKITW1, Doos",,Electrolux,,,,"48,-",Op voorraad,https://www.bol.com/nl/nl/p/electrolux-akitw1-doos/9300000139410782/,7,"
    Electrolux AKITW1. Type verpakking: Doos
  "
847,Spirobuis Ø 125 mm 150cm,,Europlast,,,,"17,95",Op voorraad,https://www.bol.com/nl/nl/p/spirobuis-o-125-mm-150cm/9300000171430125/,0,"
    Spirobuizen zijn de basis van je luchtkanalen. Ga daarom voor kwaliteitsbuizen. Onze buizen zijn vervaardigd uit hoogwaardig gegalvaniseerd staal, waardoor ze een zeer lange levensduur hebben. De buis is spiraal geklist met staalband, wat bijdraagt aan een lage luchtweerstand en een soepele doorstroom. Deze buis heeft een diameter van 125 mm en een lengte van 1.5 meter. Eenvoudig in te korten met een slijptol of ijzerzaag.
  "
848,"Ozon Generator - Ozon Luchtreiniger - Ozongenerator luchtreiniger - Ozon Apparaat - 28,000 mg/h",,Merkloos,,,,"307,95",,https://www.bol.com/nl/nl/p/ozon-generator-ozon-luchtreiniger-ozongenerator-luchtreiniger-ozon-apparaat-28-000-mg-h/9300000162799662/,6,"
   Efficiënte reiniging: de ozongenerator levert 28.000 mg/u ozon. Het kan eigenaardige geuren/verontreinigende stoffen/micro-organismen in de lucht snel schoonmaken, zoals het tot 300 ㎡ kan schoonmaken en de het schoonmaken efficiency kan 99% bereiken om een schone en comfortabele leefomgeving voor u tot stand te brengen.     2 modi - ""water"" - modus en"" lucht ""- modus: de"" water "" - modus gebruikt het luchtkanaal om ozon in een klein gebied/vloeistof te plaatsen voor reiniging. Niet alleen voor het reinigen van huisdier bedden, kasten, accessoires, horloges, kleding (in een gesloten doos), maar ook kan schoon water, fruit/groenten. De"" lucht "" - modus wordt gebruikt om de ruimtelucht te reinigen die in een groot gebied stroomt, zoals keuken, appartement, Kelder, auto, kantoor, hal, supermarkt.     Vriendelijke ozongenerator: gebruikt hoogspanningsionisatie om een deel van de zuurstof in de lucht te ontbinden en te polymeriseren om snel ozon te produceren. De O3 bindt aan microben, vernietigt de structuur van het microbe membraan door oxidatie van O om reiniging te bereiken. Het vereist niet alleen een filter, maar zuivert ook de lucht, terwijl ozon zuurstof vermindert zonder vervuiling te veroorzaken, veiliger dan chloorreiniging.     Timerfunctie / eenvoudig te gebruiken: de timerfunctie heeft 120 minuten en ""hold"", en de reinigingstijd kan worden aangepast afhankelijk van de grootte van de ruimte en de intensiteit van de te reinigen geur. Met slechts 3 knoppen kunt u de ozongenerator in enkele seconden starten en bedienen, de grootte en het gewicht van de ozonluchtreiniger is 23 x 22 x 16 cm / 2,5 kg en de ozongenerator is uitgerust met een geïsoleerd rubberen handvat voor eenvoudige beweging.     Intiem ontwerp: Er is een waarschuwingsbord in de verpakking dat in de reinigingsruimte kan worden opgehangen als een herinnering tijdens het reinigen. Tips: wanneer het product werkt, mogen er geen mensen of dieren in de kamer zijn, het wordt aanbevolen om een timer te gebruiken. Wacht na voltooiing geduldig 30-60 minuten voordat u terugkeert naar de reinigingsruimte en open de deuren en ramen om de ventilatie te behouden.   
"
849,ulsonix Ozongenerator - 20.000 mg/h - 205 Watt - digitaal,,Ulsonix,,,,"279,-",,https://www.bol.com/nl/nl/p/ulsonix-ozongenerator-20-000-mg-h-205-watt-digitaal/9200000129807349/,11,"
Ozongenerator - 20.000 mg/h - 205 Watt - digitaal De AIRCLEAN 20G ozongenerator van Ulsonix is ​​speciaal ontworpen voor professionele luchtbehandeling in gesloten ruimtes. Met de zeer efficiënte generator kan zelfs intense geurverontreiniging snel en effectief worden geneutraliseerd. Het krachtige ozonapparaat gaat verschillende soorten luchtverontreiniging tegen, het reinigt bijvoorbeeld van allergenen, schadelijke schimmelsporen, onaangename geuren van dieren of sigaretten. Daarnaast is de generator ook geschikt voor commercieel gebruik zoals autowerkplaatsen, voor binnenlucht- en gebouwrenovaties, in afval- en sanitaire ruimtes of in de hotelbranche. Product hoogtepunten  Ozonproductie: 20.000 mg / uur Luchtcirculatie: 170 m³ / uur Geïntegreerd UV-licht Vermogen: 205 W. Timerfunctie tot 24 uur   De AIRCLEAN 20G maakt indruk met zijn efficiënte ozonproductie van 20.000 mg / uur. De constante ozonproductie wordt gegarandeerd door de in de generator geïntegreerde UV-lamp. De ingebouwde ventilator zorgt voor een gelijkmatige verdeling van de ozon in de kamer met een krachtige luchtcirculatie van 170 m³ / h. Het luchtfilter dat aan de achterkant van de behuizing is bevestigd, vormt een aanvulling op de hoogwaardige luchtcirculatie door bescherming te bieden tegen vervuiling van de technologie en de levensduur van de ozongenerator te ondersteunen. Het luchtfilter kan indien nodig eenvoudig en zonder gereedschap worden vervangen.
"
850,PINGI Pingi Luchtontvochtigerzakje,,Pingi �,,,,"17,-",,https://www.bol.com/nl/nl/p/pingi-pingi-luchtontvochtigerzakje/9300000034089696/,6,"
PINGI Pingi Luchtontvochtigerzakje  Meerweg ontvochtiger met vochtigheidsindicator zorgt voor een goed binnenklimaat, neemt bovendien slechte geuren op, is multifunctioneel te gebruiken en eindeloos herbruikbaar. De Pingi-ontvochtiger neemt overtollige luchtvochtigheid op en sluit deze in. Zo is een druppel van de luchtontvochtiger uitgesloten. De luchtontvochtiger heeft bij het ontvochtigen geen stroom nodig en kan dus overal worden gebruikt. De vochtindicator clip geeft door de kleur van geel naar groen aan wanneer de ontvochtiger volledig is. Zodra dit gebeurd is, kan hij door verhitting in de oven weer worden opgeladen en kan hij daarna direct weer worden gebruikt. Hij wordt incl. vochtindicator clip geleverd. De meerweg ontvochtiger kan zowel liggend als staand worden gebruikt. Zo is een 360 grand ontvochtigen gegarandeerd. De luchtontvochtiger kan jarenlang worden gebruikt en zorgt zo voor minder afval dan bij het BSP. Ontvochtiger op basis van zout. De teksten voor dit artikel zijn automatisch vertaald.   Features  Neemt vocht en geuren op en sluit ze met een mobiele vochtindicator-clip inhoud: HPMD-granulaat.    Highlights  Met indicatorclip   Voor hergebruik   Oplaadbaar in de oven    Leveromvang  Luchtontvochtiger 600 g, incl. vochtindicator clip. 
"
851,Ulsonix Ultrasoon reiniger - 4.5 l - 120 Watt,,Ulsonix,,,,"199,-",,https://www.bol.com/nl/nl/p/ulsonix-ultrasoon-reiniger-4-5-l-120-watt/9300000025364514/,11,"
Ultrasoon reiniger van Ulsonix Ultrasoon reiniger is een onmisbaar hulpmiddel bij het reinigen van diverse gereedschappen en onderdelen die geen elektrische aansluitingen hebben. Cavitatie – een proces waarbij door middel van ultrasone geluidsgolven kleine vacuümbelletjes ontstaan die op de oppervlakte van ondergedompelde stukken imploderen – verwijdert verontreinigingen van oliën en smeermiddelen. Het apparaat is professioneel inzetbaar is de auto-industrie en kan gebruikt worden om zuigers, cilinderkoppen, kleppen, motorblokken en dergelijke te reinigen. De Proclean 4.5S ultrasoon reiniger is niet geschikt voor het reinigen van aluminium onderdelen. Product hoogtepunten  Ontgassen Twee ultrasoon generatoren van 120 Watt LCD-beeldscherm Capaciteit van 4,5 l Roestvrij staal   Het is mogelijk om het apparaat door middel van de degas-functie te ontgassen waardoor de reiniging nog efficiënter wordt. Als men deze functie voor een momentje inschakelt, worden gassen die een negatieve werking op het reinigingsresultaat hebben uit de reinigingsvloeistof verwijderd. Als resultaat wordt het cavitatieproces efficiënter. Twee ultrasoon generatoren beschikken over het totaalvermogen van 120 Watt en frequentie van 40 kHz. Dankzij de dompelverwarmer van 100 Watt kan de temperatuur van 80°C worden bereikt. De capaciteit van 4,5 l en een duidelijk bedieningspaneel met een LCD-beeldscherm zorgen ervoor dat het product zeer praktisch is. Daarnaast is de reiniger van een timer-functie voorzien die gebruikt kan worden om de reinigingstijd in te stellen (binnen een bereik van 0-99 minuten; een cyclus duurt max. 1 uur).
"
852,2-Traps Vacuumpomp 0.033bar - 115 liter/min - 390Watt - Drukmeter - SPERO,,Spero,,,,"349,95",,https://www.bol.com/nl/nl/p/2-traps-vacuumpomp-0-033bar-115-liter-min-390watt-drukmeter-spero/9300000071161693/,4,"
Spero SPV155 115 liter/min - 2-Traps Vacuumpomp 0.033bar SPERO 390Watt - Drukmeter115Ltr/min 2-traps vacuumpomp die twee keer dieper vacumeerd dan een 1-traps van het merk SPERO voor gebruik in de modelbouw, airco branch, kunststof en composiet verwerking, mallenbouw etc. Dit model is tevens voorzien van een luxe drukmeter waarbij de onderduk goed te controleren en af te lezen is. De maximaal te bereiken onderdruk is bij dit model 0.033 Bar. De pomp is lichtgewicht en mooi compact met een stabiel en luxe handvat. Dit model is geschikt voor middelgrote en grote systemen of projecten. Moet een vacuümpomp langere tijd dan 5 minuten aanstaan, dan moet er gebruik gemaakt worden van de vacuümpompen met een onderdruk tank. Wanneer dit model open pomp te lang gebruikt word achter elkaar, zal de olie verdampen en dient deze aangevuld te worden.Model: SPV155Capaciteit: 115 L/min - 2 TrapsMax. vacuumdruk: 0.033barMotor vermogen: 390Watt - 0.6 PKOlie vulling: 300mlGewicht: 8.7 kgAansluiting: 1/4"" FlareAfmetingen: 338 x 123 x 255mm Inclusief: drukmeter, handleiding en olie
"
853,"Fintek Aktivo FA32 tbv Daikin airco's, beter dan het origineel zijn deze twee electrostatische filters, eenvoudig zelf te vervangen",,Fintek,,,,"42,50",,https://www.bol.com/nl/nl/p/fintek-aktivo-fa32-tbv-daikin-airco-s-beter-dan-het-origineel-zijn-deze-twee-electrostatische-filters-eenvoudig-zelf-te-vervangen/9300000063233963/,4,"
    Fintek Aktivo FA32 tbv Daikin airco's
 Een schoon filter verbetert de prestaties van uw airconditioner en verbetert het comfort. 
Compatibele modellen:

Daikin FTXS20J2V1B
Daikin FTXS25J2V1B
Daikin FTXS35J2V1B
Daikin FTXS25K2V1B
Daikin CTXS15K2V1B
Daikin CTXS35K2V1B
Daikin FTXS20K2V1B
Daikin FTXS25K2V1B
Daikin FDKS25EAVMB
Daikin FDKS35EAVMB
Daikin FDKS25CAVMB
Daikin FDKS35CAVMB
Daikin FLKS25BAVMB
Daikin FLKS35BAVMB
Daikin FVXS25FV1B
Daikin FVXS35FV1B
Daikin FTXS20G2V1B
Daikin FTXS25G2V1B
Daikin FTXS35G2V1B
Daikin FTXG20LV1BS
Daikin FTXG20LV1BW
Daikin FTXG25LV1BS
Daikin FTXG25LV1BW
Daikin FTXG35LV1BS
Daikin FTXG35LV1BW
Daikin FTXG50LV1BS
Daikin FTXG50LV1BW
Daikin FLXS35BAVMB
Daikin FDXS50F2VEB9
Daikin COMP ORIG .KAF 970A46A

Verpakkingsinhoud:

2 elektrostatische filters

Maak uw airco schoon met de actieve filters van Fintek
 Heb je je ooit afgevraagd waarom de belangrijkste fabrikanten van airconditioners elektrostatische filters plaatsen in hun topmodellen? Eenvoudig. Denk maar aan het feit dat we deuren en ramen gesloten moeten houden om een kamer te koelen of te verwarmen met een airconditioner. Zelfs als onze huizen schoon zijn, betekent dit niet dat er geen verontreinigende stoffen en allergenen van verschillende soorten in verschillende hoeveelheden aanwezig zijn: tot 250 soorten schimmels (aspergillus, cladosporium), microben en actinomyceten (bacteriën die lijken op microscopisch kleine schimmels) kunnen de lucht verontreinigen die we inademen. 
 In twintig jaar tijd heeft het energiebesparende en thermische isolatiebeleid van gebouwen de ventilatie van de kamers gehalveerd, waardoor de kwaliteit van de lucht aanzienlijk achteruit is gegaan. De luchtstromen van ons binnenklimaat houden schadelijke stoffen in circulatie, waardoor de kans exponentieel toeneemt dat ze worden ingeademd door degenen die in de kamers verblijven. 
 Om deze reden worden filters gebruikt die als doel hebben om de onzuiverheden die aanwezig zijn in de geklimatiseerde kamers bij elke luchtstroom door de airconditioner op te vangen. Het is dan ook belangrijk om een juiste periodieke reiniging van het aircosysteem uit te voeren. Niet alleen het reinigen van het interne gedeelte van het aircosysteem is hierbij belangrijk, ook het vervangen van de gebruikte elektrostatische en overige filters zijn geen overbodige luxe. Onze gezondheid hangt mede af van de kwaliteit van de lucht die we inademen! 
Aktivo elektrostatisch filter met Aemina
 Aktivo elektrostatisch filter met Aemina. Deze technologie is uniek in zijn soort: een antimicrobiële stof (quaternair ammonium) wordt gehecht aan een silaan (siliconenderivaat dat de eigenschappen van een oppervlak permanent verandert) om een organofunctioneel silaan te verkrijgen, d.w.z. een molecuul dat actief is tegen micro-organismen. In direct contact met micro-organismen werkt AEMINA als een ""vernietiger"", waardoor de normale cycli van micro-organismen worden onderbroken en de cel wordt gedood. Het effect wordt veroorzaakt door twee krachten: de eerste door de alifatische keten die de lipiden van het membraan aantrekt, de tweede door de positieve lading van het stikstofatoom die de negatieve lading van de microbe tegenwerkt. Het eerste is dus te vergelijken met een zwaard, het tweede met een elektrodenconstructie. Het voordeel is dat het effect na verloop van tijd niet afneemt en ook niet op raakt. Bijkomend groot voordeel is dat er ook niets van in het milieu terechtkomt. 
De antibacteriële technologie van AEMINA is uniek omdat het:

waterbestendig is
langdurige bescherming biedt
blijft actief, zelfs op de langere termijn
in vergelijking met conventionele antibacteriële middelen heeft het geen afnemende werking
wordt niet aangetast door micro-organismen
wordt niet vrijgegeven in het milieu.

 Fintek's missie, gespecialiseerd in airconditioners en filters, is altijd geweest om een betere kwaliteit van leven te bieden dankzij geavanceerde technologieën die constant zorgen voor schone lucht in elke omgeving. 
"
854,Ecovacs Airbot Z1 HEPA-filter,,,,,,"49,99",,https://www.bol.com/nl/nl/p/ecovacs-airbot-z1-hepa-filter/9300000134461220/,0,"
 HEPA (high-efficiency particulate air) is van toepassing op specifieke type luchtfilters die tussen de 85% en maximaal 99,999995% van alle stofdeeltjes van 0,3 micrometer tegenhouden. Deze stofdeeltjes blijven diep in de vezels van het HEPA achter. Maak dit filter 1 of 2 keer per maand goed schoon door alle stof te verwijderen.   Gebruik geen water om het HEPA filter te reinigen. Omdat de kleinere stofdeeltjes diep in de vezels zitten is het niet mogelijk om het HEPA filter volledig schoon te krijgen. Daarom is het belangrijk om deze periodiek te vervangen. Voor een optimale werking van je Ecovacs Deebot robotstofzuiger vervang je deze circa om de 6 maanden. 
"
855,Cornwall Electronics Hygrostaat - Vochtregelaar - Humidity Controller,,CornwallElectronics,,,,"42,50",,https://www.bol.com/nl/nl/p/cornwall-electronics-hygrostaat-vochtregelaar-humidity-controller/9300000054920663/,3,"
    De digitale hygrostaat van Cornwall houdt het gewenste vocht door de controle van je luchtontvochtiger of luchtontvochtiger.Eenvoudig te bedienen en direct klaar voor gebruik.De hygrostaat is eenvoudig te installeren: gewoon in het stopcontact steken en het LCD-display maakt een eenvoudige aanpassing van de gewenste luchtvochtigheid mogelijk.Details van de stekkervochtregelaar – rood-groen geeft de status van de controller aan.- Vochtbereik: 20% - 90%- Nauwkeurigheid van de luchtvochtigheid: +/- 10%.- Vochtbereik: 30% - 80%- Maximale belasting: 16 A bij 230 V AC of 125 V AC 60 Hz- Maximale belasting: 15 A bij 125 V wisselstroom.
  "
856,Filter Xiaomi White,,Xiaomi,Xiaomi Mi,,,"39,95",Op voorraad,https://www.bol.com/nl/nl/p/xiaomi-mi-smart-air-purifier-4-lite-filter-bhr5272gl/9300000098884735/,8,"
    If you're passionate about IT and electronics, like being up to date on technology and don't miss even the slightest details, buy  Filter Xiaomi White  at an unbeatable price.    Type: Air filter Colour:  Black White   Compatible: Xiaomi Connectivity: Bluetooth Year: 2022 
"
857,TROTEC Thermo hygrometer BZ05,,Trotec,,,,"24,95",,https://www.bol.com/nl/nl/p/trotec-thermo-hygrometer-bz05/9200000039881269/,7,"
 Ruimte-thermohygrometer BZ05Met het weerstation BZ05 voor binnenshuis hebt u de temperatuur en de luchtvochtigheid altijd in beeld. Bovendien heeft de BZ05 een geïntegreerde wekkerfunctie. De doorslaggevende factoren voor een behaaglijke omgeving - temperatuur en relatieve luchtvochtigheid in de ruimte - worden net als datum of tijd door de BZ05 in grote cijfers weergegeven op het goed afleesbare LCD-display. Verder kunnen de geregistreerde minimale en maximale meetwaardes op de BZ05 worden afgeroepen.   De BZ05 heeft een tijdloos en elegant design, kan vrijstaand worden geplaatst of aan de muur worden bevestigd en is voorzien van een wekfunctie waardoor hij een multifunctioneel toepasbare thermohygrometer is voor gebruik in woon- en werkruimten, slaapkamers en serres of hobbykelders.   Voordelen in de praktijk:   Weergave van binnentemperatuur, luchtvochtigheid en naar keuze datum of tijd Extra comfortindicatie Weergave van geregistreerde minimale en maximale waardes Groot display met goed afleesbare meetwaardeweergave Wekfunctie Tafelmodel met mogelijkheid voor bevestiging aan de muur Optimale prijs-kwaliteitverhouding   Let op: de specificaties kunnen zonder opgave van redenen in het belang van een lopende productverbetering door de fabrikant worden gewijzigd.   Aan de afbeeldingen van producten en eventueel getoonde specificaties of keurmerken kunnen geen rechten worden ontleend 
"
858,Olimpia Splendid Futura Luchtreiniger 25 m² Antraciet,,Olimpia Splendid,,,,"299,-",Op voorraad,https://www.bol.com/nl/nl/p/olimpia-splendid-futura-luchtreiniger-25-m-antraciet/9300000082016164/,6,"
Olimpia Splendid Futura Luchtreiniger 25 m² Antraciet  Tot 15° handmatig kantelbaar en 80° automatische trilling om verse en warme lucht beter in de ruimte te verdelen. Veel meer dan alleen een eenvoudige reiniger: Futura is de multifunctionele oplossing, die dankzij de drievoudige filtertrap in combinatie met de UV-C-lamp en de keramische technologie het comfort tot een ware comforttoestand maakt. De teksten voor dit artikel zijn automatisch vertaald.   Features  Kantelbare en slingerende ring: Tot 15° handmatige kantelhoek en 80° automatische trilling om de frisse en warme lucht beter in de ruimte te verdelen verwarmings- en klepierfilters met sleep- en turbofunctie en timer (1-8h) voor omgevingen met maximaal 10 m2 (reiniging) voor omgevingen met maximaal 25 m2 (verwarmen)    Highlights  HEPA 14 filter en UV-lamp   Keramische technologie: Gelijkstroommotor met een vermogen van 2000 W.   Touchscreen display voor eenvoudige bediening met temperatuurweergave     Leveromvang  Futura incl. filter Afstandsbediening Gebruiksaanwijzing    Opmerking  Gelieve de batterij voor de afstandsbediening afzonderlijk te bestellen! 2x AAA-batterij. Illustration similar. 
"
859,Ruck ETAMASTER kunststof buisventilator met EC motor en pwm sturing 195m3 Ø 100mm – EM 100L EC 02,,Ruck,,,,"132,95",Op voorraad,https://www.bol.com/nl/nl/p/ruck-etamaster-kunststof-buisventilator-met-ec-motor-en-pwm-sturing-195m3-o-100mm-em-100l-ec-02/9300000171430082/,8,"
    Ruck ETAMASTER kunststof buisventilator met EC motor en pwm sturing 195m3 Ø 100mm – EM 100L EC 02 De Ruck ETAMASTER buisventilator (EM EC-serie) heeft een energiezuinige EC-motor, deze gelijkstroommotor is te bedienen met een traploze toerentalregeling. De Etamaster buisventilator van Ruck kan direct gemonteerd worden op een buis, echter raden wij de bijbehorende Ruck verbindingsmachet aan om trillingen en geluid door het kanaal te reduceren. LET OP! Deze buisventilator kan alleen geregeld worden met pulsbreedtemodulator MTP 50 (PWM/PBM). De Etamaster heeft een ingebouwde thermische schakelaar om doorbranding te voorkomen. Daarbij is de buisventilator uitgevoerd met een Mixed-Flow waaier met stator, waardoor de ventilator bij een hoog debiet nog steeds een laag geluidsniveau zal produceren. De EM EC-serie is leverbaar met een capaciteit van 410 m3/h tot maximaal 5700 m3/h en hebben respectievelijk een diameter van 100 mm tot maximaal 400 mm. Ruck ventilatoren GmbH, is een toonaangevend Duits bedrijf met meer dan 25 jaar ervaring. Zij zijn marktleider op het gebied van energiezuinige Etamaster buisventilatoren met gelijkstroommotor (EC-motor). Met meer dan 300 enthousiaste medewerkers werken zij dagelijks samen aan nieuwe ontwikkelingen en technieken. Het bedrijf zorgt voor waarborging van de kwaliteit om een uitstekend product af te kunnen leveren met de laatste gestelde ERP (Energy Related Product) eisen. * Interne elektronische temperatuurbewaking * Plastic behuizing * Geïntegreerde elektronica * EC-motor * Traploze toerentalregeling * Mixed-Flow waaier met stator Tip! Wilt u een geluidsdichte verbinding? Kies dan voor een verbindingsmachet (product/ruck-verbindingsmachet-2-stuks-o-100mm-vm-100/).
  "
860,TROTEC Schoepenrad anemometer BA16WP met smartphone-bediening,,Trotec,,,,"79,95",,https://www.bol.com/nl/nl/p/trotec-schoepenrad-anemometer-ba16wp-met-smartphone-bediening/9200000129656390/,7,"
 TROTEC Schoepenrad-anemometer met smartphone-bediening BA16WP Veelzijdige luchtstroommeter als appSensor met smartphone-bediening De appSensor BA16WP is een schoepenrad-anemometer, waarmee met behulp van App MultiMeasure Mobile luchtsnelheid, luchtdebiet, temperatuur en relatieve luchtvochtigheid kunnen worden gemeten. De BA16WP is direct klaar voor gebruik, maakt eenvoudig verbinding met de app en laat vervolgens de meetwaardes zien op het mobiele apparaat. Dankzij de clevere combinatie van appSensor en de bijbehorende, gratis App MultiMeasure Mobile profiteert de gebruiker van talrijke handige praktische voordelen als het gaat om flexibiliteit, analysefuncties, datacontrole en gegevensopslag. Zo kunt u de door de anemometer geregistreerde gegevens en via de app overgedragen parameters voor relatieve vochtigheid en temperatuur, luchtsnelheid of luchtdebiet heel handig in alle belangrijke metrische of imperiale eenheden laten omrekenen. Vergelijk de resultaten meteen op het mobiele apparaat of gebruik combinaties van gemeten waardes voor gedifferentieerde analyses direct ter plaatse. Talrijke praktische gebruikskenmerken zoals de logging-functie, grafische weergave van meetgegevens of het exporteren naar uitgebreidere analyse-software evenals het opstellen van een rapport zorgen ervoor dat de BA16WP universeel inzetbaar is voor capaciteitscontrole van bijvoorbeeld huishoudelijke apparaten, klimaatbeheersings- en ventilatie-installaties of koelventilatoren voor computersystemen. WAT IS EEN APP-SENSOR? Trotec app-sensors zijn energiezuinige en ruimtebesparende compacte precisie-meetapparaten die geen analyse-elektronica of display nodig hebben omdat de bediening en gegevensverwerking van de apparaten vrijwel geheel loopt via de smartphone. In combinatie met de gratis verkrijgbare App MultiMeasure Mobile overtuigt dit concept voor meetapparatuur met veel voordelen. Dit zijn de voordelen van de app-sensoren van Trotec: * Professionele sensoren voor nauwkeurige meetresultaten * Handige verbinding met de app via Bluetooth met LED op het apparaat ter bevestiging van de verbinding * Draadloze bediening van meetapparaten en weergave van gegevens via de app * Eenvoudige registratie van meetgegevens ook op plaatsen waar de waardes niet direct ter plaatse hoeven te worden afgelezen * Ook voor het registreren en weergeven van maximale en gemiddelde waardes * Vasthouden van meetwaardes, logging- en alarmfunctie * Polsriem voor extra veiligheid is bij de levering inbegrepen * In de praktijk geoptimaliseerd Duits industrieel design – beschermd ontwerp WAAROM APP-SENSOREN? ER ZIJN TOCH AL VEEL APPS OM TE METEN? Natuurlijk zijn er al heel veel apps die gebruik maken van in de smartphone ingebouwde elektronica voor metingen of herleide berekeningen, zoals de geïntegreerde microfoon, de gyroscoop, de camera of andere onderdelen. Deze onderdelen zijn echter niet ontworpen om nauwkeurige metingen uit te voeren maar hebben primair als doel te zorgen voor optimaal gebruiksgemak van het mobiele apparaat. Enerzijds zijn de verkregen resultaten derhalve niet te vergelijken met de resultaten van specifiek voor meettoepassingen ontworpen sensoren. Anderzijds beschikt een willekeurige smartphone niet zomaar over geschikte elektronica voor bijvoorbeeld contactloze vocht- of temperatuurmetingen. Trotec app-sensoren bevatten daarentegen professionele sensoren voor nauwkeurige meetresultaten, omdat ze specifiek voor dit doel ontwikkeld zijn. Gebruik daarom voor professionele metingen de clevere combinatie van app-sensor en MultiMeasure Mobile – de gratis verkrijgbare app voor iOS en Android. MULTIMEASURE MOBILE – ALLE VOORDELEN VAN DE APP Voor de smartphone-bediening van deze app-sensor hebt u MultiMeasure Mobile nodig – een gratis verkrijgbare app voor bediening, verwerking en weergave van meetgegevens van alle met uw mobiele apparaat verbonden app-sensoren van Trotec. MultiMeasure Mobile heeft vele voordelen voor u in petto: * Auto-herkenning voor app-sensoren * Parallel te gebruiken met verschillende app-sensoren * Snelle en intuïtieve navigatie * Numerieke of grafische weergave van meetgegevens * Geïntegreerde rapportagefunctie voor documentatie ter plaatse * Organizer-functie voor meetgegevens en documenten * Klantenbeheer reeds geïntegreerd * Veelzijdige analyse-opties direct in de app * Opslag van meetgegevens door middel van fotolinks * Matrixmetingen, ook door middel van fotolinks * Volledige synchronisatie van gegevens naar MultiMeasure Professional via Cloud MultiMeasure Mobile maakt van uw mobiele apparaat een multifunctionele meetgegevens-manager. Alle app-sensoren worden automatisch herkend door MultiMeasure Mobile en kunnen via Bluetooth met de app worden verbonden en uitgelezen. De bediening is net zo gemakkelijk en intuïtief als de installatie: zet de MultiMeasure Mobile gewoon gratis op uw mobiele apparaat – en ­ga naar de downloadpagina op de Trotec site voor iOS of Android. BA16WP – VOORDELEN IN DE PRAKTIJK: * Snelle en eenvoudige meting van luchtsnelheid, temperatuur en luchtdebiet (CMM) * Robuuste schoepenradconstructie voor rotatie-meting * Hoogwaardige sensoren en talrijke meetfuncties * Intelligente combinatie van appSensor en App MultiMeasure Mobile * Automatische uitschakeling     Let op: specificaties kunnen zonder opgave van redenen in het belang van een lopende productverbetering door de fabrikant worden gewijzigd.   Aan de afbeeldingen van producten en eventueel getoonde specificaties of keurmerken kunnen geen rechten worden ontleend 
"
861,"Clean Air Optima® Verdampingsfilter voor 3in1 Aircooler, Luchtbevochtiger en Circulator Ventilator CA-104",,Clean Air Optima,,,,"14,99",,https://www.bol.com/nl/nl/p/clean-air-optima-verdampingsfilter-voor-3in1-aircooler-luchtbevochtiger-en-circulator-ventilator-ca-104/9300000151787138/,4,"
 Verdampingsfilter CA-104• Geschikt voor aircooler/luchtkoeler: CA-104• Vervangen na ca. 2-3 maanden.   VerdampingsfilterHet verdampingsfilter heeft een honingraatstructuur voor intensieve luchtbevochtiging en luchtreiniging. De aangezogen lucht wordt op natuurlijke wijze, vergelijkbaar met een regenbui of waterval, direct gewassen en tegelijkertijd gezuiverd van deeltjes tot 10 micrometer. De deeltjes worden in de watertank opgevangen en gebonden. Hierdoor is de lucht bevrijdt van stof, pollen en deeltjesgebonden geuren welke zo niet meer aan de binnenlucht afgegeven kunnen worden. 
"
862,Medisana Aroma 10 ml Lavendel,,Medisana,,"3,8",6,"15,95",Op voorraad,https://www.bol.com/nl/nl/p/medisana-aroma-10-ml-lavendel/9200000053022681/,2,"
    De Medisana geurolie met lavendelgeur (10ml) is geschikt voor aroma diffusers en luchtbevochtigers.Kijk  hier  voor alle informatie over Medisana.
  "
863,Imaginair metalen RLV toevoer/afvoer ventilatie ventiel grijswit RAL9003 Ø 125 mm – 37130017,,Imaginair,,,,"43,95",Op voorraad,https://www.bol.com/nl/nl/p/imaginair-metalen-rlv-toevoer-afvoer-ventilatie-ventiel-grijswit-ral9003-o-125-mm-37130017/9300000171429969/,4,"
    Stel je voor dat je voor zowel de toevoer als de afvoer van je ventilatie gebruik kunt maken van hetzelfde ventiel met hetzelfde prachtige design. Stel je voor dat dit ventiel een extreem laag geluidsniveau waarborgt en dat je tot wel 100 m³/h kunt toevoeren of afvoeren. En stel je voor dat je het ventiel eenvoudig kunt monteren in gipsplafonds en dat je het eenvoudig kunt reinigen. Dit Imaginair ventilatieventiel heeft het allemaal! Bestel hem nu en ontdek het zelf.
  "
864,Spiro-SAFE Broekstuk Ø 125 - 125 - 125 mm,,Europlast,,,,"31,95",Op voorraad,https://www.bol.com/nl/nl/p/spiro-safe-broekstuk-o-125-125-125-mm/9300000171430288/,0,"
    Lucht- of ventilatiekanaal splitsen? Doe het eenvoudig en slim met een broekstuk. Dit broekstuk is gemaakt uit glad gegalvaniseerd staal, waardoor je zeker bent van een hoge duurzaamheid en een vlotte luchtcirculatie. De SAFE-verbinding garandeert een eenvoudige aansluiting en een minimaal drukverlies. Dit spiro hulpstuk bestaat uit een kanaal met een diameter van 125 mm en twee vertakkingen met een diameter van 125 mm die haaks op elkaar staan (dus 45°). Meer weten? Bekijk dan de specificaties.
  "
865,Middenklem voor zonnepanelen - 40mm - RVS,,ABC-Led,,,,"12,95",Op voorraad,https://www.bol.com/nl/nl/p/middenklem-voor-zonnepanelen-40mm-rvs/9300000143183648/,4,"
Middenklem voor zonnepanelen - 40mm - RVS  Koppelingsklem voor zonnepanelen.   Deze koppelingsklem fungeert als tussenstuk voor zonnepanelen. Deze middenklem wordt dan gebruikt om twee zonnepanelen aan elkaar vast te klemmen, en dankzij de schroefmontage blijven deze stevig op hun plek zitten. U zet het klemmetje op de zonnepanelen en draait vervolgens het sluitstuk vast in de rail, waardoor de panelen zowel aan elkaar als aan de rail bevestigd zitten. De klemmen zijn gemaakt van roestvrij staal, en worden geleverd met de benodigde materialen zodat u de klem en uw zonnepanelen eenvoudig kunt monteren. De klemplaat aan de bovenkant is 40mm breed en 40mm lang. Het klemvlak van 12mm zit aan weerszijden is voorzien van ribbels, wat ervoor zorgt dat de panelen beter op hun plek blijven zitten.  specificaties  Middenklem voor zonnepanelen  De klem verbindt twee zonnepanelen aan elkaar  Materiaal: RVS Eenvoudige montage Wordt geleverd met montagebout  Afmetingen bout: M8 x 45   Afmetingen klemplaat: 40 x 40mm  Voorzien van geribbeld klemvlak aan weerszijden  Breedte: 12mm  Lengte: 40mm    Prijs per stuk    
"
866,Spirobuis Ø 160 mm 150cm,,Europlast,,,,"20,95",Op voorraad,https://www.bol.com/nl/nl/p/spirobuis-o-160-mm-150cm/9300000171430098/,0,"
    Spirobuizen zijn de basis van je luchtkanalen. Ga daarom voor kwaliteitsbuizen. Onze buizen zijn vervaardigd uit hoogwaardig gegalvaniseerd staal, waardoor ze een zeer lange levensduur hebben. De buis is spiraal geklist met staalband, wat bijdraagt aan een lage luchtweerstand en een soepele doorstroom. Deze buis heeft een diameter van 160 mm en een lengte van 1.5 meter. Eenvoudig in te korten met een slijptol of ijzerzaag.
  "
867,Dakhaak voor zonnepanelen - RVS - Universeel,,ABC-Led,,,,"25,95",Op voorraad,https://www.bol.com/nl/nl/p/dakhaak-voor-zonnepanelen-rvs-universeel/9300000143184234/,4,"
Dakhaak voor zonnepanelen - RVS - Universeel Roestvrij stalen dakhaak voor zonnepanelen.  Deze sterke dakhaak van roestvrij staal wordt gebruikt om zonnepanelen stevig te monteren op daken. De haak is voorzien van 12 montagegaten, waarmee u de haak stevig kunt vastzetten onder de dakpannen. Op de andere montageplaat is genoeg ruimte gemaakt om een rail te monteren. Hierdoor maakt u eenvoudig een zeer degelijke en stevige constructie voor uw zonnepanelen. De montagegaten zijn 7.6mm en 7.6 x 13mm groot, wat genoeg ruimte geeft voor montage. De uitsparing voor de rail is 9 x 50mm.   specificaties  Dakhaak bevestiging voor zonnepanelen  Voor stevige montage van een rail voor zonnepanelen Materiaal: roestvrij staal (RVS)  Voorzien van grote montageplaat Afmeting montageplaat: 17.8 x 4.9 cm  Aantal montagegaten: 12 Afmetingen montagegaten:  Rond: 7.6mm  Ovaal: 7.6mm x 13mm    Voorzien van ruime uitsparing voor rail  
"
868,Combiconnect Flexibele Luchtslang Ø 203 mm 10 Meter - combidec,,Combi,,,,"35,99",Op voorraad,https://www.bol.com/nl/nl/p/combiconnect-flexibele-luchtslang-o-203-mm-10-meter-combidec/9300000096919230/,5,"
 Combiconnect 203mm 10 metertjes 
 De Combiconnect is een volledig flexibele slang van vier lagen aluminium/PVC laminaat met een aluminium binnenlaag en een buitenkant van zwarte PVC folie, hierdoor is de slang uiterst flexibel. Is makkelijk mee te werken en heel erg sterk. Tussen de verschillende lagen is een stalen spiraal ingebracht. De flexibele slang is makkelijk te installeren op ronde of ovale flenzen/ verbindingsstukken. 
 Combiconnect is door de zwarte kunststof buitenlaag een hele sterke slang die niet makkelijk scheurt en geen licht door laat. Combiconnect flexibele slangen worden gebruikt in afzuig-, ventilatie-, airconditionings- en luchtbehandelingssystemen waar hoge mechanische sterkte, temperatuurbestendigheid en brandwerendheid vereist zijn. Natuurlijk ook heel goed geschikt voor woonhuisventilatie. 
 
 Temperatuur bereik: -30 °C tot 140 °CWerkdruk: max. +3000 PaLuchtsnelheid: (max): 108 km/h (30 m/s)Buigradius: min. 0.54 x ∅Diameter: Ø203mmLengte: 10 meter 
 
 Vergeet uw slangklemmen, isolatietape, steekringen en of afdopdeksels niet. 
 Ook Y-stukken (broekstuk), T-stukken, 90 en 45 graden bochten verkrijgbaar. 
 In verschillende maten en lengtes verkrijgbaar! 
"
869,Svent metalen buisventilator met temperatuur regelaar 240m3 Ø 100mm – TTSM100U silent,,Svent,,,,"212,95",Op voorraad,https://www.bol.com/nl/nl/p/svent-metalen-buisventilator-met-temperatuur-regelaar-240m3-o-100mm-ttsm100u-silent/9300000171430776/,3,"
    * Bescherming tegen oververhitting. * Compatibel met toerentalregelaar. * Zowel horizontaal als verticaal te monteren. * Uitstekend regelbaar door middel van 0 – 230V regelaars. * Semi-radiale bouwvorm voor maximaal verluchtingsvermogen & druk bij laag werkgeluid. * Temperatuursensor ingebouwd in kanaalstroom. * Naarmate de ingestelde temperatuur is overschreden zal de ventilator op vol vermogen werken, indien de temperatuur onder de ingestelde waarde zal komen draait de ventilator op de ingestelde snelheid.
  "
870,Venta rolwagen Antraciet,,Venta,,"5,0",1,"47,95",,https://www.bol.com/nl/nl/p/venta-rolwagen-antraciet/9200000082832197/,0,"
    Met behulp van de Venta rolwagen antraciet kunt u de Venta Airwasher moeiteloos verplaatsen naar een andere ruimte. De rolwagen is geschikt voor de Venta-Airwashers LW25 en LW45. Tillen is niet meer nodigHoudt uw Venta airwasher in topconditieOok verkrijgbaar in wit
"
871,TROTEC Verdampingsfilter B 24 E / B 25 E,,Trotec,,"4,0",1,"34,95",,https://www.bol.com/nl/nl/p/trotec-verdampingsfilter-b-24-e-b-25-e/9200000073559018/,3,"
TROTEC Verdampingsfilter B 24 E / B 25 EVervangings-verdampingsfilter voor de design Luchtbevochtiger B 24 E en de B 25 E
  "
872,Svent kunststof buisventilator 250m3 Ø 100mm – BK100,,Svent,,,,"76,95",Op voorraad,https://www.bol.com/nl/nl/p/svent-kunststof-buisventilator-250m3-o-100mm-bk100/9300000171430786/,0,"
    Svent kunststof buisventilator 250m3 Ø 100mm – BK100 * Zeer geschikt voor vochtige ruimtes. * Ophangbeugels worden bijgeleverd. * Geïntegreerde thermische motorbeveiliging. * Uitstekend regelbaar door middel van 0 – 230V regelaars. * Voorzien van kogellagers geschikt voor 40.000 bedrijfsuren. * De behuizing is uitgerust met duurzaam corrosie bestendig kunststof. Tip! Wilt u een geluidsdichte verbinding? Kies dan voor een verbindingsmachet (product/ruck-verbindingsmachet-2-stuks-o-100mm-vm-100/).
  "
873,"Electrolux AFWCAR3, Luchtreinigerfilter",,Electrolux,,"1,0",1,"55,63",Op voorraad,https://www.bol.com/nl/nl/p/electrolux-afwcar3-luchtreinigerfilter/9300000073843717/,0,"
 Electrolux AFWCAR3. Aantal per verpakking: 1 stuk(s)   Geschikt voor AEG luchtreinigers AX51 en AX71 series 
"
874,DEC metalen afvoer ventilatie ventiel met montagebus spierwit RAL9010 Ø 200 mm – DVS200,,DEC INTERNATIONAL,,,,"23,95",Op voorraad,https://www.bol.com/nl/nl/p/dec-metalen-afvoer-ventilatie-ventiel-met-montagebus-spierwit-ral9010-o-200-mm-dvs200/9300000171430004/,7,"
    Dit DEC metalen afvoerventiel is bijzonder geschikt als ventiel bij de afzuiging van lucht uit ruimten. Dankzij de geïntegreerde montagebus is het ventiel eenvoudig te monteren op flexibele ventilatieslangen in wanden en plafonds. Het ventiel is traploos instelbaar tot een maximaal vermogen van 50 m³/h. Ideaal dus voor uiteenlopende ventilatietoepassingen!
  "
875,Stadler Form - Fragrance globe - Geur: rode  Jasmijn - Geurverspreider - Aroma,,Stadler Form,,,,"9,90",,https://www.bol.com/nl/nl/p/stadler-form-fragrance-globe-geur-rode-jasmijn-geurverspreider-aroma/9300000059304323/,0,"
    De unieke geurballen bestaan ​​uit aromaparels die intensief met een aroma zijn doordrenkt en vervolgens zijn samengesmolten. Ze verspreiden hun geur tot wel 4 weken in Stadler Form geurverspreiders Lina, Nina en Tina. Zorg dat je hele woonkamer of slaapkamer fris ruikt met je favoriete geur. Uniek systeemWanneer de binnenlucht door de aromaparels stroomt die intensief met aroma zijn doordrenkt en vervolgens zijn samengesmolten, komt er een frisse geur de ruimte in. Stadler Form heeft zes verschillende geuren waaruit je kunt kiezen.Specificaties- Geschikt voor geurverspreiders Lina, Nina en Tina van Stadler Form- De geurballen zijn verkrijgbaar in 6 verschillende soorten, elk met een eigen geur en kleur.- Voor een gemakkelijke geur in de kamer- Geeft tot 4 weken aroma afStadler FormWe willen de wereld verbeteren met luchtbehandeling. Daarom ontwikkelen we bij Stadler Form gewilde huishoudelijke apparaten met een buitengewoon design. Onze producten zijn gemakkelijk en intuïtief in gebruik en zorgen voor een efficiënt stroom verbruik. We willen elegante en waardevolle toevoegingen van het interieur creëren die jouw welzijn verbeteren.
  "
876,Stadler Form - Fragrance globe - Geur: Bergamot - Geurverspreider - Aroma,,Stadler Form,,,,"9,90",,https://www.bol.com/nl/nl/p/stadler-form-fragrance-globe-geur-bergamot-geurverspreider-aroma/9300000059304318/,0,"
    De unieke geurballen bestaan ​​uit aromaparels die intensief met een aroma zijn doordrenkt en vervolgens zijn samengesmolten. Ze verspreiden hun geur tot wel 4 weken in Stadler Form geurverspreiders Lina, Nina en Tina. Zorg dat je hele woonkamer of slaapkamer fris ruikt met je favoriete geur. Uniek systeemWanneer de binnenlucht door de aromaparels stroomt die intensief met aroma zijn doordrenkt en vervolgens zijn samengesmolten, komt er een frisse geur de ruimte in. Stadler Form heeft zes verschillende geuren waaruit je kunt kiezen.Specificaties- Geschikt voor geurverspreiders Lina, Nina en Tina van Stadler Form- De geurballen zijn verkrijgbaar in 6 verschillende soorten, elk met een eigen geur en kleur.- Voor een gemakkelijke geur in de kamer- Geeft tot 4 weken aroma afStadler FormWe willen de wereld verbeteren met luchtbehandeling. Daarom ontwikkelen we bij Stadler Form gewilde huishoudelijke apparaten met een buitengewoon design. Onze producten zijn gemakkelijk en intuïtief in gebruik en zorgen voor een efficiënt stroom verbruik. We willen elegante en waardevolle toevoegingen van het interieur creëren die jouw welzijn verbeteren.
  "
877,Ozon Generator - Ozon Luchtreiniger - Ozongenerator luchtreiniger - Ozon Apparaat,,Merkloos,,,,"72,95",,https://www.bol.com/nl/nl/p/ozon-generator-ozon-luchtreiniger-ozongenerator-luchtreiniger-ozon-apparaat/9300000162754971/,5,"
   Zeer effectief tegen geuren, ziektekiemen en meer. Werkt op een oppervlakte van maximaal 20 m2. Ideaal in de hal, badkamer, kantoor etc. Automatisch nachtlampje in het donker     Socket air purifier LR-200.sd met geïntegreerd nachtlampje. Ideaal voor woonkamer, hal, kantoor en nog veel meer. Respound drempel lichtsensor: <10 lux stroomverbruik: 1,2 watt     Zeer effectieve ionisatortechnologie: verrijkte ruimtelucht met ongeveer 3.000.000 anionen per seconde 12 LED Nachtlampje Met Schakelaar voor continu licht en automatische modus, helderheid: 18 lumen bereik PIR sensor: CA. 2,5 m, detectiehoek: 100 ° horizontaal, 50° verticaal voeding: meer dan 230 volt aansluiting (euro stekker)     Werkt op een oppervlak tot 20 m2: neutraliseert onaangename geuren en bestrijdt ziektekiemen, bacteriën en virussen. Licht-en PIR-sensor voor automatisch licht alleen in het donker en beweging. Verlichting tijd: ca. 20 seconden 2 status LEDs voor ionisator afmetingen: 110 x 70 x 75 mm, Gewicht: 119 g     Luchtreiniger inclusief Duitse handleiding. Geurverwijderaar-extra relevant of geschikt voor: bewegingsmelder, luchtzuivering, desinfectie, luchtreiniger, baby Kinderen, badkamer, luchtfilter, ionisatie, reiniging, ionisator, negatief, huis, geur, ventilator, ionen, ozon, ion   
"
878,Ozon Generator - Ozon Luchtreiniger - Ozongenerator luchtreiniger - Ozon Apparaat,,Merkloos,,,,"132,95",,https://www.bol.com/nl/nl/p/ozon-generator-ozon-luchtreiniger-ozongenerator-luchtreiniger-ozon-apparaat/9300000162814434/,7,"
   Luchtzuivering & sterilisatie: de koelkastgeurneutralisator vermindert effectief de gemengde geur van de koelkast veroorzaakt door voedselmaterialen en bacteriën die fokken.     Analyse pesticidenresidu: de afbraaksnelheid van pesticiden van de luchtreiniger is 30-50 keer de natuurlijke afbraak. Ozonreiniger produceert O3, een effectieve antibacteriële oplossing.     Waterdicht en vorstbestendig: dankzij het vorstbeschermingsontwerp kan de koelkastdeodorant zonder zorgen worden gebruikt, zelfs bij temperaturen tot -30 graden.     Houdt voedsel langer vers - de technologie remt rijpende stoffen zoals ethyleen op het oppervlak van groenten en fruit, verlengt hun houdbaarheid en voorkomt snel voedselbederf.     Functioneel ontwerp: de oplaadtijd van de ingebouwde 800 mAh-batterij is 2 uur en gaat tot 30 dagen mee wanneer de desinfectiemodus is geactiveerd.   
"
879,Flexibele geluiddemper non woven Ø 80 mm 50 cm,,DEC INTERNATIONAL,,,,"27,95",Op voorraad,https://www.bol.com/nl/nl/p/flexibele-geluiddemper-non-woven-o-80-mm-50-cm/9300000171429933/,4,"
    De Flexibele non-woven geluiddemper heeft een aansluitdiameter van 80 mm, een lengte van 500 mm en is voorzien van afgewerkte uiteinden (manchetten) aan beide kanten. Hierdoor is de geluiddemper eenvoudig aan te sluiten op bijvoorbeeld een spirobuis of ventilator. De aansluiting aan beide kanten hebben een buismaat en gaan dus over hulpstukken. De binnenslang van de flexibele geluiddemper bestaat uit non-woven polypropyleen. Daarnaast heeft de flexibele geluiddemper een aluminium laminaat buitenmantel. Specificaties: * Binnenslang: Non-woven polypropyleen doek * Glaswoldeken 25mm, 16kg/m3 * Buitenmantel: Alu/poly laminaat * R-waarde glaswol:0.65 m2 K/W (ASTM C177-76) * Uiterlijk: aluminium * Temperatuur bereik: -30°C tot 140°C * Werkdruk: max +2500 Pa * Luchtsnelheid: max 25 m/s * Buigradius 0.54 x Ø + 25mm * Diameterbereik: 82 – 315 mm
  "
880,Intelectro HEPA 13 Filter - Geschikt voor Intelectro Air Purifier - Filtert 99.97% - Wit - Levering Sneller dan Aangegeven!,,Intelectro,,,,"64,95",,https://www.bol.com/nl/nl/p/intelectro-hepa-13-filter-geschikt-voor-intelectro-air-purifier-filtert-99-97-wit-levering-sneller-dan-aangegeven/9300000152398074/,0,"
 Maak kennis met de ultieme oplossing voor het zuiveren van de lucht in jouw huis - de vervangende filter voor de Intelectro luchtreiniger! Met onze H13 HEPA-filter, speciaal ontworpen voor de Intelectro Luchtreiniger, behoud je de efficiëntie van je luchtreiniger en creëer je een gezonde en schone leefomgeving voor jou en je dierbaren.   Wat maakt onze vervangende filter zo bijzonder? Laten we beginnen met de efficiëntie van de filtratie. Dankzij de 3 krachtige filterlagen kan onze HEPA-filter maar liefst 99,97% van het stof, pollen, allergenen, gassen, bacteriën en virussen uit de lucht filteren. Dit betekent dat je kunt genieten van zuivere en verfrissende lucht, vrij van schadelijke deeltjes die allergieën en ademhalingsproblemen kunnen veroorzaken.   Het vervangen van de filter is een eenvoudig proces dat je zelf kunt doen. Draai de onderste afdekking in de tegenovergestelde richting om deze te ontgrendelen. Verwijder de gebruikte filter uit de luchtreiniger en haal de plastic zak van de nieuwe filter. Plaats de nieuwe filter in het apparaat en draai de onderste afdekking met de klok mee om deze weer te vergrendelen. Het is zo simpel als dat!   Om ervoor te zorgen dat je altijd kunt genieten van optimale luchtkwaliteit, raden we aan om de luchtfilter elke 3-6 maanden te vervangen. Om je hieraan te herinneren, licht het vervangingslampje rood op wanneer de filter 2000 uur heeft gewerkt. Zo hoef je je nooit meer zorgen te maken over het moment van vervanging.   Vergeet niet om bij het vervangen van de filter de plastic zak van de nieuwe filter te verwijderen. Op die manier ben je verzekerd van een optimale prestatie van je luchtreiniger en geniet je altijd van frisse en gezonde lucht.   Kortom, met onze vervangende filter voor de Intelectro luchtreiniger investeer je in de gezondheid en het welzijn van jou en je gezin. Wacht niet langer en maak vandaag nog je luchtreiniger weer zo goed als nieuw!     Goed nieuws! Wij kunnen jouw bestelling sneller leveren dan aanvankelijk aangegeven. Onze toegewijde team werkt nauw samen met onze verzendpartners om ervoor te zorgen dat jouw bestelling zo snel mogelijk bij jou thuis wordt afgeleverd. Je kunt dus sneller dan verwacht genieten van jouw nieuwe aankoop. Bestel nu en profiteer van onze snelle leveringstijden! 
"
881,DEC kunststof toevoer/afvoer ventilatie ventiel met klemveren spierwit RAL9010 Ø 150 mm - DAV150,,DEC INTERNATIONAL,,,,"15,95",Op voorraad,https://www.bol.com/nl/nl/p/dec-kunststof-toevoer-afvoer-ventilatie-ventiel-met-klemveren-spierwit-ral9010-o-150-mm-dav150/9300000171429989/,6,"
    Dit prachtig spierwitte ventilatieventiel is een voordelige en nette afwerking voor alle toevoeren en afvoeren van ronde ventilatiekanalen. Het kan dus gebruikt worden als afvoerventiel en als toevoerventiel. Met de geïntegreerde klemveren monteer je het snel en veilig op een ronde buis (let op de aansluitdiameter) in het plafond of in de wand. Wil je op een flexibele luchtslang monteren? Maak dan gebruik van een montagebus (product/dec-montagebus-t-b-v-150-160-mm-ventilatieventiel/). Omdat het ventiel traploos instelbaar is, kan je heel nauwkeurig de luchtdoorvoer regelen en dankzij de geluidsabsorberende foam wordt geluidsoverlast tot een minimum beperkt.
  "
882,Hama Luchtreiniger 52 Zwart,,Hama,,,,"134,39",,https://www.bol.com/nl/nl/p/hama-basic-luchtreiniger-titaan/9300000036619456/,13,"
Hama Luchtreiniger 52 Zwart  Onbezorgd en vrij doorademen! Luchtreiniger voor betere luchtkwaliteit, een gezond binnenklimaat en meer welzijn. Verwijdert pollen, virussen, bacteriën, haren van huisdieren, huisstof en geuren enz. uit de binnenlucht. Perfect voor allergiepatiënten. Het luchtreinigingsapparaat kan met zijn compacte vorm en het onopvallende design in grijs-metallic optimaal in elke woonstijl worden geïntegreerd. De teksten voor dit artikel zijn automatisch vertaald.   Features  Verwijdert 99,2% alle virussen, pollen, andere allergenen zoals haren van huisdieren, huisstof en schadelijke stoffen tot een grootte van 3 micrometer uit de binnenlucht sterke 4-voudige filters: Meervoudige filtering voor hygiënische binnenlucht door voor-, EPA (E11)- en actief koolfilter met extra koude-catalysatorlaag voor kleine ruimtes: De luchtreiniger levert in ruimtes tot een grootte van 52 m2 een betrouwbaar filterresultaat met een luchtreinigingssnelheid van 200 m3/h geluidsarme werking (50 dB) met slaapmodus (40 dB): Voor een ongestoorde, aangename slaap, ook het display schakelt zich uit, zodat geen lichtbron de slaap hindert lichte en comfortabele bediening: Hoogwaardig LED-touchdisplay met weergave van de luchtkwaliteit, temperatuur en filtervervanging gezonde lucht: De luchtsensor analyseert de lucht in de ruimte en stelt automatisch het benodigde ventilatortoerental voor het verwijderen van deeltjes een hoger reinigingsvermogen met ionen-luchtreiniger: Met de inschakelbare anion-functie verbinden de kleinste deeltjes zich tot grote clusters, Die gemakkelijker kunnen worden gefilterd - voor een zuiver luchtvoorfilter voor het verwijderen van bijv. huisstof en haren van huisdieren uit de lucht epafilter voor het verwijderen van virussen, bacteriën, fijnstof en pollen actieve koolstoffilter met koude-catalysatorlaag verwijdert ook geuren en uitgassen zoals bijv. Formaldehyde , Ideal voor kookgeuren en sigarettenrook display fijnkorrelweergave: Geïnformeerd over de mate van luchtvervuiling, is de normale luchtkwaliteit bereikt, vermindert de sensor het ventilatortoerental kan ook handmatig worden ingesteld Axion-functie: Produceert negatieve ionen (anionen) en lage ozonniveaus, de anionen verbinden zich met de positief geladen vuildeeltjes timer-functie van 1 tot 12 uur temperatuurweergave in graden filtervervanging op het display bediening via LED-touchdisplay of afstandsbediening    Highlights  Verwijdert 99,2% alle virussen, pollen, andere allergenen zoals haren van huisdieren, huisstof en schadelijke stoffen   Timer-functie van 1 tot 12 uur   Temperatuurweergave in graden    Leveromvang  Luchtreiniger Basic 4-voudige filter (bestaande uit voor-, EPA (E11)- en actief koolfilter met koude-katalysator-laag) Afstandsbediening Gebruiksaanwijzing 
"
883,Blaupunkt Uvirus Actieve koolfilter Grijs,,Blaupunkt,,,,"45,49",,https://www.bol.com/nl/nl/p/blaupunkt-uvirus-actieve-koolfilter-grijs/9300000035858829/,5,"
Blaupunkt Uvirus Actieve koolfilter Grijs  Blaupunkt - actief koolfilter voor luchtreiniger UVirus De teksten voor dit artikel zijn automatisch vertaald.   Features      Highlights      Leveromvang  Actief-koolstoffilter    Opmerking  Afb. gelijkend Illustration similar. 
"
884,Rail voor zonnepanelen - 120cm - Aluminium,,ABC-Led,,,,"31,95",Op voorraad,https://www.bol.com/nl/nl/p/rail-voor-zonnepanelen-120cm-aluminium/9300000143182941/,6,"
Rail voor zonnepanelen - 120cm - Aluminium  Rail voor zonnepanelen van 120cm lang.    Deze rail kunt u gebruiken voor het monteren van uw zonnepanelen op uw dak. De rail is 120 centimeter lang en kan daardoor gebruikt worden voor de montage van meerdere zonnepanelen tegelijk. Verder is de rail gemaakt van aluminium, wat een lange levensduur en bestendigheid tegen slecht weer en vocht garandeert. De rail werkt perfect samen met het andere aansluitmateriaal dat we aanbieden, zoals eindklemmen, aardingsklemmen en middenklemmen dankzij de uitsparingen in de rail. Deze is 25mm breed aan beide kanten.   specificaties   Rail voor zonnepanelen Lengte: 120mm Materiaal: Aluminium Werkt perfect samen met ander aansluitmateriaal uit ons aanbod Breedte uitsparing: 25mm   
"
885,Airco ombouw hout - wit - 116 x 56 x 78 cm (BxDxH),,Plus Danmark,,,,"349,-",,https://www.bol.com/nl/nl/p/airco-ombouw-hout-wit-116-x-56-x-78-cm/9300000100996604/,2,"
    Plus airco ombouw geïmpregneerd hout en wit gebeitst in RAL 9010. Met deze houten ombouw zorg je ervoor dat de airco unit uit het zicht wordt geplaatst. Tevens is deze daarmee beter beschermt tegen weer en wind. Deze airco ombouw wordt geleverd als bouwpakket, deels voorgemonteerd, met bijgeleverde schroeven verder af te monteren.      Afmetingen van de airco ombouw  Buitenmaten:  Breedte 116 cm Diepte 56 cm  Hoogte 78 cm  Binnenmaten:  Breedte 95,5 cm Diepte 51,5 cm  Hoogte 57/70 cm   
"
886,Stormkraag Ø 200mm,,Europlast,,,,"42,95",Op voorraad,https://www.bol.com/nl/nl/p/stormkraag-o-200mm/9300000171430790/,0,"
    Met deze gegalvaniseerde stormkraag heb je een ideale en uiterst duurzame oplossing voor het waterdicht afwerken van een dakdoorgang. Hierdoor komt er geen (regen-)water in je luchtkanaal en/of ventilatiesysteem. Deze stormkraag sluit je naadloos aan op een spirobuis met een diameter van 200 mm.
  "
887,1X Venta Hygiënemiddel voor Luchtbevochtiger 500ml,,,,,,"29,95",,https://www.bol.com/nl/nl/p/1x-venta-hygienemiddel-voor-luchtbevochtiger-500ml/9300000136137875/,0,"
 Het Venta-hygiënemiddel heeft twee hoofdfuncties: het verandert (1) de hardheid van het water dusdanig dat er geen korstjes kunnen ontstaan door kalkafzet. Pure aanslag kan om de 10 à 14 dagen door eenvoudig afspoelen verwijderd worden. Het ondersteunt (2) het verdampingsproces doordat het de parelvorming van het water op het kunststof verhindert en er zo voor zorgt dat de stapel lamellen geheel bevochtigd wordt. Belangrijk: de ingrediënten van het Venta-hygiënemiddel verdampen niet. Zij blijven in het apparaat achter totdat zij bij het reinigen weggegooid worden (ongeveer om de 10 à 14 dagen). Er moet dagelijks alleen vers water toegevoegd worden - dit reactiveert de ingrediënten van het Venta-hygiënemiddel. Voeg na iedere reiniging een dosis Venta-hygiënemiddel toe aan het schone water voor een gegarandeerd perfecte werking van de airwasher. Eén flesje is ongeveer voldoende voor een winterseizoen (5 maanden).   Hygiënemiddel voor luchtbevochtiger Om de 14 dagen dient bij het verversen van het water bij de Venta-Airwasher een dosering in het water te worden gedaan Voor dosering zie maatstreepjes op etiket 500 ml inhoud 
"
888,Vornado MD1-0050DIR HEPA-filter 14,,Vornado,,,,"53,99",,https://www.bol.com/nl/nl/p/vornado-md1-0050dir-hepa-filter-14/9300000044704194/,6,"
Vornado MD1-0050DIR HEPA-filter 14  Reserve-filter HEPA 14, geschikt voor luchtreiniger AC-350, gecombineerd met Vornado Carbon-filter (EAN 4250679502916). De Vornado-reiniger kan alleen met originele HEPA 14- en carbon-filters topprestaties bereiken. Vornado HEPA 14-filter is speciaal voor de AC350 gekalibreerd. Dit filter verwijdert meer dan 99,995 % in de lucht aanwezige allergenen (tot een deeltjesgrootte van 0,3 micron), waaronder pollen, bacteriën, stof, kattenharen, Hondenhaar en nog veel meer. De teksten voor dit artikel zijn automatisch vertaald.   Features  Echte HEPA 14-filters vangen meer dan 99,995% van de schadelijke stoffen een vervangingsinterval is afhankelijk van de lucht-luchtvervuiling en het algemene loopvermogen van de luchtreiniger eenvoudig filter vervangen - de AC350 luchtreiniger beschikt over een filterwisselindicator.    Highlights  Nauwkeurige True HEPA-kalibratie   Eenvoudige filtervervanging   Aanbevolen tot 30 m2 ruimte    Leveromvang  1 x HEPA14 filter. 
"
889,Ozon Generator - Ozon Luchtreiniger - Ozongenerator luchtreiniger - Ozon Apparaat - 600 mg/h,,Merkloos,,,,"207,95",,https://www.bol.com/nl/nl/p/ozon-generator-ozon-luchtreiniger-ozongenerator-luchtreiniger-ozon-apparaat-600-mg-h/9300000162800017/,5,"
   Ozongenerator voor meerdere toepassingen: deze ozonreiniger kan thuis en op kantoor worden gebruikt. De actieve ozon die door de generator wordt gegenereerd, kan niet alleen worden gebruikt voor het wassen van fruit, groenten en vlees, het desinfecteren van tandenborstels, borden en speelgoed, maar ook voor het verwijderen van onaangename geuren uit kamers en huisdieren.     Grote ozonemissie: deze huishoudelijke ozongenerator met een ozonopbrengst van 600 mg / uur is geschikt voor dagelijks gebruik. Voorzie 2 buizen en 2 diffusorstenen. De diffuserstenen helpen om ozon snel in het water te verdelen.     Ozongenerator met timer: uitgerust met een LCD-scherm, elke keer dat u de "" + "" - knop aanraakt, neemt de ozontimer met 5 minuten toe, maximaal tot 60 minuten. U kunt de tijd van de ozonreiniger naar behoefte aanpassen. Gedetailleerde instructies zijn te vinden in de handleiding.     Anion luchtreiniger: de verbeterde luchtreiniger heeft een negatieve ionenfunctie, is geschikt voor het verwijderen van pollen, stof, rook en andere schadelijke deeltjes in de lucht en voorkomt statische elektriciteit.     【Gemakkelijk te gebruiken en te installeren】Grootte:20*20*5cm, netto gewicht: 0.62 kg, kan vlak worden gelegd en muur opgezette, eenvoudige en elegante verschijning. Het compacte formaat is eenvoudig te installeren en mee te nemen. Het kan worden gebruikt in keukens, woonkamers, huisdierenkamers, badkamers, kasten en aquaria. Het product is prachtig verpakt en een goed cadeau voor familie en vrienden. Wij verstrekken 1 jaargarantie.   
"
890,Spirobuis Ø 315 mm 150cm,,Europlast,,,,"46,95",Op voorraad,https://www.bol.com/nl/nl/p/spirobuis-o-315-mm-150cm/9300000171430087/,0,"
    Spirobuizen zijn de basis van je luchtkanalen. Ga daarom voor kwaliteitsbuizen. Onze buizen zijn vervaardigd uit hoogwaardig gegalvaniseerd staal, waardoor ze een zeer lange levensduur hebben. De buis is spiraal geklist met staalband, wat bijdraagt aan een lage luchtweerstand en een soepele doorstroom. Deze buis heeft een diameter van 315 mm en een lengte van 1.5 meter. Eenvoudig in te korten met een slijptol of ijzerzaag.
  "
891,PARKSIDE® Persluchtslanghaspel - Geschikt voor gangbare persluchtapparaten met standaardkoppeling,,,,,,"49,99",Op voorraad,https://www.bol.com/nl/nl/p/parkside-persluchtslanghaspel-geschikt-voor-gangbare-persluchtapparaten-met-standaardkoppeling/9300000062020150/,0,"
 Geschikt voor gangbare persluchtapparaten met standaardkoppelingWerkdruk: max. 16 bar (bij 23 °C) / max. 11 bar (bij 60 °C)Lengte: 20 m 
 ✓ Hoge kwaliteit persluchtslang✓ Verhoogde stabiliteit door versterkte trommelschijven 
Productbeschrijving

Deze persluchtslanghaspel met slang is geschikt voor alle gangbare persluchtapparaten
De geweven persluchtslang heeft een maximale werkdruk tot 16 bar (bij 23 °C)
Het beugelframe is gemaakt van een gepoedercoat stalen buis en heeft een slanggeleiding

Afmetingen
 Haspel: 27,5 x 22 x 34 cm (l x b x h) 
 Lengte: 20 meter 
 Diameter slang, buiten: Ø11,3 mm; binnen: Ø6,3 mm 
Gewicht
 3,1 kg 
"
892,Cli-Mate Fan Smart Controller 6.5 AMP met Temperatuur Sensor,,Cli-mate,,,,"109,95",Op voorraad,https://www.bol.com/nl/nl/p/cli-mate-fan-smart-controller-6-5-amp-met-temperatuur-sensor/9300000151789247/,0,"
 CLI-MATE SC 6.5 SMART CONTROLLER 6.5A   De Cli-Mate Fan Controller 6.5AMP SC serie is een slimme temperatuur gestuurde regelaar geschikt om aangesloten ventilatorboxen aan te sturen in afzuigsystemen voor bijvoorbeeld professionele keukens of als onderdeel van een luchtbehandelingssysteem.   De controller regelt uitstekend in 3 stappen de aanzuig- of perscapaciteit. Zo heeft u de volledige controle over de hoeveelheid lucht die wordt aangevoerd en/of afgevoerd.   De Cli-Mate regelaar bestaat uit een IP gekwalificeerde behuizing, met daarin enkele elektronische chips inclusief door de fabriek ingestelde software. Om de installatie te vereenvoudigen, is de regelaar voorzien van montagebeugels en ophangpunten.   Voordelen   3 stappen, automatisch op temperatuur; zeer eenvoudige bediening met 2 draaiknoppen; externe temperatuursensor; inclusief montagebeugels; 6.5 Ampère.   Specificaties   Artikelnummer fabrikant: SC 6.5; temperatuurbereik: 0-40 ºC; voedingsspanning: 1-fase 220/240V – 50Hz; beschermklasse: IP44; afmetingen: 12 x 6 x 5 cm; garantie: 12 maanden vanaf installatie. 
"
893,DEC kunststof toevoer/afvoer ventilatie ventiel met klemveren spierwit RAL9010 Ø 125 mm - DAV125,,DEC INTERNATIONAL,,,,"11,95",Op voorraad,https://www.bol.com/nl/nl/p/dec-kunststof-toevoer-afvoer-ventilatie-ventiel-met-klemveren-spierwit-ral9010-o-125-mm-dav125/9300000171430009/,6,"
    Dit prachtig spierwitte ventilatieventiel is een voordelige en nette afwerking voor alle toevoeren en afvoeren van ronde ventilatiekanalen. Het kan dus gebruikt worden als afvoerventiel en als toevoerventiel. Met de geïntegreerde klemveren monteer je het snel en veilig op een ronde buis (let op de aansluitdiameter) in het plafond of in de wand. Wil je op een flexibele luchtslang monteren? Maak dan gebruik van een montagebus (product/dec-montagebus-t-b-v-125-mm-ventilatieventiel/). Omdat het ventiel traploos instelbaar is, kan je heel nauwkeurig de luchtdoorvoer regelen en dankzij de geluidsabsorberende foam wordt geluidsoverlast tot een minimum beperkt.
  "
894,Eindklem voor zonnepanelen - 32mm - RVS,,ABC-Led,,,,"10,95",Op voorraad,https://www.bol.com/nl/nl/p/eindklem-voor-zonnepanelen-32mm-rvs/9300000143183250/,4,"
Eindklem voor zonnepanelen - RVS Afsluitklem voor uw zonnepanelen   Deze klem kunt u gebruiken om uw zonnepanelen vast te zetten. De klem dient namelijk bevestigd te worden aan de rail, en u kunt dan tussen de eindklem en de rail een aardingsklemmetje plaatsen voor de aarding van de installatie. Deze eindklem is voor zonnepanelen van 32mm dik, en gemaakt van hoogwaardig roestvrij staal. Dankzij de meegeleverde inbusbout is de montage zeer eenvoudig.   specificaties  Eindklem Voor zonnepanelen installaties Wordt gebruikt om het zonnepaneel vast te zetten op de rail  Geschikt voor zonnepanelen van 32mm dik  Materiaal: roestvrij staal (RVS) Wordt geleverd met inbusbout en klem Eenvoudig te monteren  Wordt per stuk verkocht   
"
895,Spiro-SAFE Terugslagklep Ø 100 mm,,Europlast,,,,"23,95",Op voorraad,https://www.bol.com/nl/nl/p/spiro-safe-terugslagklep-o-100-mm/9300000171430235/,3,"
    Op zoek naar een terugslagklep met waar de kwaliteit van afspat? En die ook nog eens aantrekkelijk geprijsd is? Zoek niet verder. Wij hebben hier een prachtig staaltje terugslagklep met een diameter van 100 mm uit gegalvaniseerd staal, met SAFE-afdichtingsrubber: een verrijking voor elk luchtkanaal. Ook wel bekend als vlinderklep zorg je er met dit product voor dat lucht niet kan terugstromen in het kanaal. Handig!
  "
896,"Ozon Generator - Ozon Luchtreiniger - Ozongenerator luchtreiniger - Ozon Apparaat - 6,000 mg/h",,Merkloos,,,,"192,95",,https://www.bol.com/nl/nl/p/ozon-generator-ozon-luchtreiniger-ozongenerator-luchtreiniger-ozon-apparaat-6-000-mg-h/9300000162799345/,6,"
   Krachtig: de maximale ozonproductie per uur is 6000 mg/ u. de industriële stalen behuizing maakt deze luchtreiniger gemakkelijk te onderhouden. Geen filter voor reiniging, extreem laag energieverbruik. Produceert ozongas voor de hele ruimte en reinigt de lucht in elke hoek volledig     Timer van 2 uur en ""HOLD"": de timer kan tot 120 minuten worden ingesteld of u kunt de instelling ""HOLD"" gebruiken om continu ozon te produceren. De tijd kan worden ingesteld afhankelijk van de grootte van de kamer en de geurintensiteit.     Eenvoudig te bedienen: zet gewoon de schakelaar aan en stel de ozonproductietijd in en verlaat het gebied. Alle ozongeneratoren mogen alleen in onbezette gebieden worden gebruikt. Open de deur en het raam voor ventilatie gedurende ongeveer 30 minuten. en laat mensen of dieren niet in de buurt komen.     De beste deodoranthelper: ozon komt door de machine in de lucht vrij, de O3 kleeft aan geuren en andere schadelijke stoffen en vernietigt de celwanden op moleculair niveau. Daarom heeft het niet alleen geen filter nodig, maar kan het ook schadelijke stoffen verwijderen en ozon in zuurstof verminderen, zonder milieuvervuiling te veroorzaken.     Effectieve geur: ozon verwijdert en neutraliseert geuren van rook, keuken, huisdieren en andere algemene geuren. Dit maakt de ozonmachine bijzonder nuttig voor nieuwe woningen, keukens, voertuigen, dierenwinkels, hotels, restaurants, garages. De ozonmachine heeft internationale FCC en CE-certificatie overgegaan, is veilig te werken.   
"
897,Bosch Air 4000 Filter voor luchtreinigers,,Bosch Thermotechniek,,,,"54,99",Op voorraad,https://www.bol.com/nl/nl/p/bosch-air-4000-filter-voor-luchtreinigers/9300000129735043/,8,"
Bosch Home Comfort 7733701945 Air 4000 filter Reservefilter  Het voorfilter zorgt voor de reiniging van de lucht van gewone stofdeeltjes en het HEPA H13-filter filtert bovendien ultrafijne deeltjes tot 0,3 micrometer (bijvoorbeeld rookdeeltjes) uit de lucht, waardoor het bijzonder geschikt is voor mensen met allergieën. Het extra ingebouwde geurneutraliserende actieve koolfilter verwijdert betrouwbaar onaangename geuren in huis – of het nu in de keuken, slaapkamer of een andere ruimte is. De filterstatus van de luchtreiniger wordt voortdurend linksboven op het digitale display weergegeven. Zo weet u altijd hoe lang het filter nog in staat zal zijn om uw lucht vrij van pollen, stof, rookdeeltjes, haren van huisdieren en schadelijke stoffen te houden. Vooral voor allergiepatiënten is dit een nuttige functie.   Features      Highlights  3-in-1-filter voor een optimale luchtreiniging   Verwijdert 99,9% van alle schadelijke stoffen en stofdeeltjes uit de lucht   Ideaal voor allergiepatiënten     Leveromvang  1 reservefilter voor luchtreiniger Bosch Air 4000    Opmerking  Dankzij de onderhoudsindicatie weet u precies wanneer de teller voor de filterlevensduur van de luchtreiniger 0% bereikt en u hem moet vervangen. U wordt gewaarschuwd door een melding op het display. Illustration similar. 
"
898,Fernox Express inhibitor test f1,,Fernox,,,,"29,-",,https://www.bol.com/nl/nl/p/fernox-express-inhibitor-test-f1/9300000128868798/,2,"
 Fernoc F1 toegevoegd aan je installatie? doe dan deze test! 
 
 De Express Inhibitor Test zorgt voor een snelle analyse ter plaatse van de concentratie van alle Fernox Protectors, en andere remmers gebaseerd op molybdaat, in het water van centrale verwarmingssystemen. Het is gemakkelijk en intuïtief in gebruik en het is een simpele testmethode om de aanwezigheid van remmers in het systeem vast te stellen. Door de concentratie van remmer te testen, kan worden voldaan aan de lokale regelgeving en beste praktijken, en kan vereist zijn om te voldoen aan de ketelgaranties. 
 Een geslaagde of mislukte test wordt bevestigd aan de hand van de kleur van de teststrips vergeleken met de kleurenkaart op de flacon. In het geval van een mislukt resultaat moet u corrigerende maatregelen nemen door gewoon meer remmer toe te voegen en de test opnieuw uit te voeren om een geslaagd resultaat te bevestigen. 

Ter plaatse snel en eenvoudig de remmer-concentratie testen
Één teststrip per systeem. Elke flacon bevat 50 teststrips
Geschikt voor alle remmers gebaseerd op molybdaat
Eenvoudig naleving van lokale regelgeving en beste praktijken.
Er kunnen onmiddellijk herstelmaatregelen worden genomen om het systeem volledig te beschermen
Hiermee kan voldaan worden aan de ketelgaranties.

 
 Gebruiksaanwijzingen: 
 1. Neem een monster van het systeemwater dat representatief is voor het hele systeem (laat het water enkele seconden weglopen voordat u het monster neemt) 
 2. Dompel de strip 1 seconde in het water van het systeem en dan verwijderen 
 3. Vergelijk met kleurenkaart binnen 10 seconden 
 4. Selecteer de kleur die het meest overeenkomt met de kleur die wordt waargenomen op de teststrip om te bevestigen dat het systeem volledig beschermd is tegen corrosie en kalkaanslag 
 
 De strips worden geleverd in een flacon met 50 strips. De teststrips zijn niet gevaarlijk maar moeten uit de buurt van kinderen gehouden worden. 
"
899,Ulsonix Ulsonix UV-module AIRCLEAN UV 12V,,Ulsonix,,,,"13,99",,https://www.bol.com/nl/nl/p/ulsonix-ulsonix-uv-module-airclean-uv-12v/9300000031522581/,7,"
UV-Module AIRCLEAN UV 12V De UV module AIRCLEAN UV 12V is een vervangende lamp speciaal gemaakt voor Ulsonix ozon generatoren. De UV-lamp kan snel en eenvoudig in het apparaat worden geïnstalleerd en verhoogt het desinfecterende effect van ozon. Een functionerend UV-licht is absoluut noodzakelijk voor het optimaal functioneren van de AIRCLEAN 7G, 10G, 15G en AIRCLEAN 20G ozon-apparaten. Product hoogtepunten  Voor kiemverwijdering Compatibel met AIRCLEAN 7G, 10G, 15G en 20G UV-golflengte: 254 Nm Spanning: 12 V Lamp lengte: 118 mm   Naast de geurneutralisatie van ozon, optimaliseert het geïntegreerde UV-licht het desinfecterende effect van ozon. Door de UV-straling worden micro-organismen bijzonder effectief afgebroken, waardoor verschillende ziektekiemen en bacteriën in de lucht, zoals streptokokken, permanent worden geëlimineerd. De 135 mm lange UV-module zendt ultraviolet licht uit met een golflengte van 254 Nm. De hoogwaardige module zorgt zo voor een duurzaam luchtsteriliteitsproces binnen enkele seconden. Intense straling moet met uiterste zorg worden behandeld, aangezien directe blootstelling aan UV-straling de huid en ogen kan beschadigen.
"
900,SMSCom Hybrid Controller Fan- MK2 - 2A - Snelheidsregelaar voor ventilator met thermostaat - Zonder brom of zoemend geluid,,SMSCOM,,,,"210,-",,https://www.bol.com/nl/nl/p/smscom-hybrid-controller-fan-mk2-2a-snelheidsregelaar-voor-ventilator-met-thermostaat-zonder-brom-of-zoemend-geluid/9300000100352710/,2,"
 Wil je een afzuiger of ventilator kunnen regelen zonder brom of gezoem dan heb je een stappen of frequentie regelaar nodig. Deze werken iets anders dan de standaard regelaars waardoor je een zeer stille ventilator verkrijgt. Vooral in de nacht kan een geluid die je overdag minder goed opmerkt wel storend worden.De Hybrid Controller MK2 maakt gebruik van een software gestuurde technologie, gecombineerd met een mechanisch 5 stappen-systeem voor de snelheidsregeling van de ventilatoren. Hij is ontworpen om een constante kamertemperatuur te behouden en de luchtstroom te allen tijde onder controle te houden. De aanwezigheid van een zware 5 stappen-transformator maakt de Hybrid Controller MK2 de meest betrouwbare en stille controller in de markt die ervoor zorgt dat uw ventilator niet zoemt of bromt. Door de toevoeging van de PRO software met lichtsensor zal de Hybrid Controller MK2 ook ‘s nachts de luchtvochtigheid in uw ruimte onder controle houden. PRO-functieDe controller weet precies wanneer het nacht is en houdt dan extra rekening met de luchtvochtigheid. Zodra de lichtsensor decteert dat de ruimte donker is, wordt het nachtprogramma gestart. Tijdens dit programma zuigt de Hybrid Controller ieder uur de ruimte af zonder de temperatuur te beïnvloeden. Dit voorkomt een opeenhoping van vochtige lucht en het onstaan van schimmels. Aan het knipperende LED-lampje 'Humidity' kunt u zien dat het nachtprogramma actief is.Als het licht is, wordt de PRO-functie uitgeschakeld. Vanaf dat moment regelt de controller de afzuiging weer op de normale manier. Het nachtprogramma is van belang omdat condens vooral in de nacht optreed door een lagere temperatuur in vergelijking met overdag.Specificaties   Regelt de ventilatorsnelheid; 5 stappen; SMSCOM Hybride technologie; Niet zoemend; Automatisch met thermostaat; Plug-en-play; Maximum capaciteit 2A; 5 jaar garantie. Wordt geleverd met licht sensor voor de PRO Functie   Gebruiksaanwijzing   Sluit uw ventilatoren correct aan op de blauwe stopcontacten (kleine fan = IN/grote fan = OUT); Stel de gewenste MINIMUM ventilatorsnelheid in met knop 1 (bijv. 30%); Stel de gewenste temperatuur in met knop 2 (bijv. 25 °C); Stel de gewenste MAXIMALE ventilatorsnelheid in met knop 3 (bijv. 95%); Plaats de temperatuursensor in uw ruimte. Let op, niet in directe luchtstroom of direct onder een lichtbron; Plaats de lichtsensor in uw ruimte, gericht op de lichtbron, verwijder het kapje nog niet!; Sluit nu de Hybrid Controller aan op het lichtnet. Uiteraard kunt u ook maar 1 ventilator aansluiten, sluit deze dan aan op ""FAN AIR OUT"".   Vergeet niet het kapje van de lichtsensor te verwijderen om de PRO-functie te kunnen activeren!Let op: Te langzaam draaiende ventilatoren zorgen voor teveel geluid, te weinig verversing én het risico op defecte ventilatoren. Dus zorg er daarom voor dat de minimale stand niet te laag staat ingesteld. 
"
901,Spiro-SAFE deksel Ø 125 mm voor buis en slang,,Europlast,,,,"9,95",Op voorraad,https://www.bol.com/nl/nl/p/spiro-safe-deksel-o-125-mm-voor-buis-en-slang/9300000171430260/,0,"
    Dit spiro deksel met SAFE-afdichtingsrubber is speciaal ontworpen voor het afsluiten van ronde ventilatiekanalen. Daarmee is het bijzonder geschikt voor het luchtdicht (klasse D) afsluiten van spirobuizen. Het afsluitstuk heeft een diameter van 125 mm en is gemaakt uit gegalvaniseerd staal, wat het donders duurzaam maakt.
  "
902,Spiro-SAFE Regelklep handbediend Ø 200 mm,,Europlast,,,,"27,95",Op voorraad,https://www.bol.com/nl/nl/p/spiro-safe-regelklep-handbediend-o-200-mm/9300000171430276/,3,"
    Deze spiro regelklep met handbediening is de ideale oplossing als je zelf de luchttoevoer in een luchtkanaal wilt instellen. De klep is hiertoe voorzien van een blad, dat op elke gewenste positie vastgezet kan worden. Zo stel je de luchtdoorlaat in een spirobuis heel precies in. Geschikt voor montage op een ronde buis met een diameter van 200 mm. Dankzij de SAFE-techniek is de klep eenvoudig te monteren en heeft de aansluiting nagenoeg geen drukverlies.
  "
903,Ruck ETAMASTER kunststof buisventilator met EC motor en pwm sturing 460m3 Ø 125mm – EM 125L EC 02,,Ruck,,,,"133,95",Op voorraad,https://www.bol.com/nl/nl/p/ruck-etamaster-kunststof-buisventilator-met-ec-motor-en-pwm-sturing-460m3-o-125mm-em-125l-ec-02/9300000171430077/,8,"
    Ruck ETAMASTER kunststof buisventilator met EC motor en pwm sturing 460m3 Ø 125mm – EM 125L EC 02 De Ruck ETAMASTER buisventilator (EM EC-serie) heeft een energiezuinige EC-motor, deze gelijkstroommotor is te bedienen met een traploze toerentalregeling. De Etamaster buisventilator van Ruck kan direct gemonteerd worden op een buis, echter raden wij de bijbehorende Ruck verbindingsmachet aan om trillingen en geluid door het kanaal te reduceren. LET OP! Deze buisventilator kan alleen geregeld worden met pulsbreedtemodulator MTP 50 (PWM/PBM). De Etamaster heeft een ingebouwde thermische schakelaar om doorbranding te voorkomen. Daarbij is de buisventilator uitgevoerd met een Mixed-Flow waaier met stator, waardoor de ventilator bij een hoog debiet nog steeds een laag geluidsniveau zal produceren. De EM EC-serie is leverbaar met een capaciteit van 410 m3/h tot maximaal 5700 m3/h en hebben respectievelijk een diameter van 100 mm tot maximaal 400 mm. Ruck ventilatoren GmbH, is een toonaangevend Duits bedrijf met meer dan 25 jaar ervaring. Zij zijn marktleider op het gebied van energiezuinige Etamaster buisventilatoren met gelijkstroommotor (EC-motor). Met meer dan 300 enthousiaste medewerkers werken zij dagelijks samen aan nieuwe ontwikkelingen en technieken. Het bedrijf zorgt voor waarborging van de kwaliteit om een uitstekend product af te kunnen leveren met de laatste gestelde ERP (Energy Related Product) eisen. * Interne elektronische temperatuurbewaking * Plastic behuizing * Geïntegreerde elektronica * EC-motor * Traploze toerentalregeling * Mixed-Flow waaier met stator Tip! Wilt u een geluidsdichte verbinding? Kies dan voor een verbindingsmachet (product/ruck-verbindingsmachet-2-stuks-o-125mm-vm-125/).
  "
904,Spirobuis Ø 80 mm 150cm,,Europlast,,,,"13,95",Op voorraad,https://www.bol.com/nl/nl/p/spirobuis-o-80-mm-150cm/9300000171430099/,0,"
    Spirobuizen zijn de basis van je luchtkanalen. Ga daarom voor kwaliteitsbuizen. Onze buizen zijn vervaardigd uit hoogwaardig gegalvaniseerd staal, waardoor ze een zeer lange levensduur hebben. De buis is spiraal geklist met staalband, wat bijdraagt aan een lage luchtweerstand en een soepele doorstroom. Deze buis heeft een diameter van 80 mm en een lengte van 1,5 meter. Eenvoudig in te korten met een slijptol of ijzerzaag.
  "
905,Aludec Ø 152mm aluminium afzuigslang - 10 meter,,DEC INTERNATIONAL,,,,"33,95",Op voorraad,https://www.bol.com/nl/nl/p/aludec-o-152mm-aluminium-afzuigslang-10-meter/9300000171429836/,0,"
    Aludec Ø 152mm aluminium afzuigslang - 10 meter De Aludec ventilatieslang is een flexibe laminaatslang van DEC INTERNATIONAL. De slang bestaat uit 3 lagen aluminium à 7 micron en 2 lagen polyester à 12 micron waarin een aluminium draad is verwerkt met een afstand van 36mm. De slangen zijn zeer stevig doordat de verschillende lagen polyester en aluminium elkaar volledig overlappen. Door deze zogenaamde “Sandwich constructie” kan het ventilatiesysteem in het geval van brand langer functioneren. De standaardlengte van de gelamineerde slang is 10 meter. Daarnaast is Aludec flexibele ventilatieslang gemakkelijk te bevestigen aan ronde en ovale aansluitstukken. Specificaties • Materiaal: aluminium • Temperatuurbestendig: -30°C tot +140°C • Werkdruk: max. +2500 Pa • Luchtsnelheid: max. 30 m/s • Lengte: 10 m • Totale dikte: 45 micron (zonder lijm) • Draadafstand: 36 mm
  "
906,"Fintek aktivo filter FA18 voor Carrier - Toshiba airco's, beter dan het origineel zijn deze electrostatische en geurverdrijvende filters, eenvoudig zelf te vervangen",,Fintek,,,,"43,50",,https://www.bol.com/nl/nl/p/fintek-aktivo-filter-fa18-voor-carrier-toshiba-airco-s-beter-dan-het-origineel-zijn-deze-electrostatische-en-geurverdrijvende-filters-eenvoudig-zelf-te-vervangen/9300000063231664/,4,"
    Fintek Aktivo FA18 tbv Carrier - Toshiba airco's
 Een schoon filter verbetert de prestaties van uw airconditioner en verbetert het comfort. 
Compatibele modellen:

CARRIER: XPOWER 42PQW-S INVERTER
TOSHIBA: RAS 07-10-13 YK(H) - ES - MULTI - RAS 10-13 YKV - E RAS 10-13

Verpakkingsinhoud:

1 elektrostatisch filter
1 geurverdrijvingsfilter

Maak uw airco schoon met de actieve filters van Fintek
 Heb je je ooit afgevraagd waarom de belangrijkste fabrikanten van airconditioners elektrostatische filters plaatsen in hun topmodellen? Eenvoudig. Denk maar aan het feit dat we deuren en ramen gesloten moeten houden om een kamer te koelen of te verwarmen met een airconditioner. Zelfs als onze huizen schoon zijn, betekent dit niet dat er geen verontreinigende stoffen en allergenen van verschillende soorten in verschillende hoeveelheden aanwezig zijn: tot 250 soorten schimmels (aspergillus, cladosporium), microben en actinomyceten (bacteriën die lijken op microscopisch kleine schimmels) kunnen de lucht verontreinigen die we inademen. 
 In twintig jaar tijd heeft het energiebesparende en thermische isolatiebeleid van gebouwen de ventilatie van de kamers gehalveerd, waardoor de kwaliteit van de lucht aanzienlijk achteruit is gegaan. De luchtstromen van ons binnenklimaat houden schadelijke stoffen in circulatie, waardoor de kans exponentieel toeneemt dat ze worden ingeademd door degenen die in de kamers verblijven. 
 Om deze reden worden filters gebruikt die als doel hebben om de onzuiverheden die aanwezig zijn in de geklimatiseerde kamers bij elke luchtstroom door de airconditioner op te vangen. Het is dan ook belangrijk om een juiste periodieke reiniging van het aircosysteem uit te voeren. Niet alleen het reinigen van het interne gedeelte van het aircosysteem is hierbij belangrijk, ook het vervangen van de gebruikte elektrostatische en overige filters zijn geen overbodige luxe. Onze gezondheid hangt mede af van de kwaliteit van de lucht die we inademen! 
Aktivo elektrostatisch filter met Aemina
 Aktivo elektrostatisch filter met Aemina. Deze technologie is uniek in zijn soort: een antimicrobiële stof (quaternair ammonium) wordt gehecht aan een silaan (siliconenderivaat dat de eigenschappen van een oppervlak permanent verandert) om een organofunctioneel silaan te verkrijgen, d.w.z. een molecuul dat actief is tegen micro-organismen. In direct contact met micro-organismen werkt AEMINA als een ""vernietiger"", waardoor de normale cycli van micro-organismen worden onderbroken en de cel wordt gedood. Het effect wordt veroorzaakt door twee krachten: de eerste door de alifatische keten die de lipiden van het membraan aantrekt, de tweede door de positieve lading van het stikstofatoom die de negatieve lading van de microbe tegenwerkt. Het eerste is dus te vergelijken met een zwaard, het tweede met een elektrodenconstructie. Het voordeel is dat het effect na verloop van tijd niet afneemt en ook niet op raakt. Bijkomend groot voordeel is dat er ook niets van in het milieu terechtkomt. 
De antibacteriële technologie van AEMINA is uniek omdat het:

waterbestendig is
langdurige bescherming biedt
blijft actief, zelfs op de langere termijn
in vergelijking met conventionele antibacteriële middelen heeft het geen afnemende werking
wordt niet aangetast door micro-organismen
wordt niet vrijgegeven in het milieu.

 Fintek's missie, gespecialiseerd in airconditioners en filters, is altijd geweest om een betere kwaliteit van leven te bieden dankzij geavanceerde technologieën die constant zorgen voor schone lucht in elke omgeving. 
"
907,Stadler Form - Fragrance globe - Geur: Vanille - Geurverspreider - Aroma,,Stadler Form,,,,"9,90",,https://www.bol.com/nl/nl/p/stadler-form-fragrance-globe-geur-vanille-geurverspreider-aroma/9300000059304319/,0,"
    De unieke geurballen bestaan ​​uit aromaparels die intensief met een aroma zijn doordrenkt en vervolgens zijn samengesmolten. Ze verspreiden hun geur tot wel 4 weken in Stadler Form geurverspreiders Lina, Nina en Tina. Zorg dat je hele woonkamer of slaapkamer fris ruikt met je favoriete geur. Uniek systeemWanneer de binnenlucht door de aromaparels stroomt die intensief met aroma zijn doordrenkt en vervolgens zijn samengesmolten, komt er een frisse geur de ruimte in. Stadler Form heeft zes verschillende geuren waaruit je kunt kiezen.Specificaties- Geschikt voor geurverspreiders Lina, Nina en Tina van Stadler Form- De geurballen zijn verkrijgbaar in 6 verschillende soorten, elk met een eigen geur en kleur.- Voor een gemakkelijke geur in de kamer- Geeft tot 4 weken aroma afStadler FormWe willen de wereld verbeteren met luchtbehandeling. Daarom ontwikkelen we bij Stadler Form gewilde huishoudelijke apparaten met een buitengewoon design. Onze producten zijn gemakkelijk en intuïtief in gebruik en zorgen voor een efficiënt stroom verbruik. We willen elegante en waardevolle toevoegingen van het interieur creëren die jouw welzijn verbeteren.
  "
908,DEC metalen afvoer ventilatie ventiel met montagebus spierwit RAL9010 Ø 160 mm – DVS160,,DEC INTERNATIONAL,,,,"19,95",Op voorraad,https://www.bol.com/nl/nl/p/dec-metalen-afvoer-ventilatie-ventiel-met-montagebus-spierwit-ral9010-o-160-mm-dvs160/9300000171429997/,7,"
    Dit DEC metalen afvoerventiel is bijzonder geschikt als ventiel bij de afzuiging van lucht uit ruimten. Dankzij de geïntegreerde montagebus is het ventiel eenvoudig te monteren op flexibele ventilatieslangen in wanden en plafonds. Het ventiel is traploos instelbaar tot een maximaal vermogen van 50 m³/h. Ideaal dus voor uiteenlopende ventilatietoepassingen!
  "
909,Spiro-SAFE Broekstuk Ø 200 - 200 - 200 mm,,Europlast,,,,"47,95",Op voorraad,https://www.bol.com/nl/nl/p/spiro-safe-broekstuk-o-200-200-200-mm/9300000171430302/,0,"
    Lucht- of ventilatiekanaal splitsen? Doe het eenvoudig en slim met een broekstuk. Dit broekstuk is gemaakt uit glad gegalvaniseerd staal, waardoor je zeker bent van een hoge duurzaamheid en een vlotte luchtcirculatie. De SAFE-verbinding garandeert een eenvoudige aansluiting en een minimaal drukverlies. Dit spiro hulpstuk bestaat uit een kanaal met een diameter van 200 mm en twee vertakkingen met een diameter van 200 mm die haaks op elkaar staan (dus 45°). Meer weten? Bekijk dan de specificaties.
  "
910,Sonoconnect Ø 127mm akoestisch geïsoleerde afzuigslang - 10 meter,,,,,,"49,95",Op voorraad,https://www.bol.com/nl/nl/p/sonoconnect-o-127mm-akoestisch-geisoleerde-afzuigslang-10-meter/9300000171430815/,2,"
    De Sonoconnect is een flexibele slang met bijzonder goede thermische en akoestische isolatie. Het is de favoriete keuze van menig vakman en doe-het-zelver die een stevige en brandveilige slang nodig heeft, die ook nog eens goed isoleert. Hij is bijvoorbeeld een ideaal onderdeel van airco’s en verwarmingssystemen die stil en met minimaal warmteverlies hun werk moeten doen. Je bestelt de slang met een diameter van 127 mm per compacte verpakking van 10 meter. De slang is makkelijk op maat te snijden of knippen.
  "
911,Bosch Air 6000 Filter voor luchtreinigers,,Bosch Thermotechniek,,,,"99,99",Op voorraad,https://www.bol.com/nl/nl/p/bosch-air-6000-filter-voor-luchtreinigers/9300000129735050/,6,"
Bosch Home Comfort Air 6000 filter Reservefilter  Het voorfilter zorgt voor de reiniging van de lucht van gewone stofdeeltjes en het HEPA H13-filter filtert bovendien ultrafijne deeltjes tot 0,3 micrometer (bijvoorbeeld rookdeeltjes) uit de lucht, waardoor het bijzonder geschikt is voor mensen met allergieën. Het extra bacteriefilter werkt effectief tegen bacteriën en virussen, terwijl het geurneutraliserende actieve koolfilter betrouwbaar onaangename geuren in huis verwijdert – of het nu in de keuken, slaapkamer of een andere ruimte is. De filterstatus van de luchtreiniger wordt voortdurend linksboven op het digitale display weergegeven. Zo weet u altijd hoe lang het filter nog in staat zal zijn om uw lucht vrij van pollen, stof, rookdeeltjes, haren van huisdieren en schadelijke stoffen te houden. Vooral voor allergiepatiënten is dit een nuttige functie.   Features      Highlights  4-in-1-filter voor een optimale luchtreiniging   Verwijdert 99,9% van alle schadelijke stoffen en stofdeeltjes in de lucht   Ideaal voor allergiepatiënten     Leveromvang  1 reservefilter voor luchtreiniger Bosch Air 6000    Opmerking  Dankzij de onderhoudsindicatie weet u precies wanneer de teller voor de filterlevensduur van de luchtreiniger 0% bereikt en u hem moet vervangen. U wordt gewaarschuwd door een melding op het display. Illustration similar. 
"
912,ulsonix Ozongenerator - 600 mg / h - 3 filters - 27 W,,Ulsonix,,,,"65,-",,https://www.bol.com/nl/nl/p/ulsonix-ozongenerator-600-mg-h-3-filters-27-w/9300000032306078/,13,"
Ozongenerator en luchtreiniger met 3-filtersysteem De industriële luchtreiniger AIRCLEAN 600B van ulsonix helpt u sterke geuren in besloten ruimtes effectief te neutraliseren. Het verbetert ook de luchtkwaliteit aanzienlijk met zijn drietraps filtersysteem. Dit maakt de ozongenerator ideaal voor het verwijderen van sigaretten- of dierengeuren uit ruimtes in de hotelindustrie, kantoorruimtes of het interieur van voertuigen en boten. Product hoogtepunten  600 mg / h 27 W Timer 3 filtersysteem Gecoat staal   Het luchtzuiveringssysteem produceert ozon met een snelheid van 600 mg / h, instelbaar in vier fasen, waardoor het snel en effectief slechte geuren kan verwijderen. De ozonsterilisator kan 1, 2, 3, 4 of 6 uur werken met behulp van de timer. De ozon-luchtreiniger is uitgerust met een effectieve keramische plaat voor een gelijkmatige ozonproductie. Het apparaat heeft ook drie filters om de algehele luchtkwaliteit te verbeteren, zelfs tijdens ozonzuivering. Een voorfilter zorgt voor een ruwe reiniging van de inlaatlucht. Fijnere deeltjes worden effectief verwijderd met het actieve koolfilter. En tot slot zet het foto katalytisch filter schadelijke stoffen om in water en kooldioxide. Dit zorgt voor een uitgebreide luchtreiniging, die verder gaat dan een eenvoudige geurverwijdering.
"
913,ProfiCare PC-LR 3083 - Luchtreiniger 60 m² -  Wit,,Profi-Care,,,,"99,95",Op voorraad,https://www.bol.com/nl/nl/p/proficare-pc-lr-3083-luchtreiniger-60-m-wit/9300000047395099/,13,"
ProfiCare PC-LR 3083 Luchtreiniger met 4-voudig filtersysteem, APDsensor, 3 bedrijfsmodi, sensor touch-bediening en via Wifi en gratis app regelbaar. Voor ruimtes tot 60 m², kleur wit.
De meeste van ons brengen gewoonlijk een groot deel van het leven binnenshuis door. Op kantoor, thuis op de bank of 's nachts in de slaapkamer. Vooral voor allergiepatiënten zijn beperkingen in het welzijn of zelfs de gezondheid niet uitgesloten. Zuivere lucht is een basisvoorwaarde voor een gelukkig, gezond leven.Met de comfort-luchtreiniger PC-LR 3083 van ProfiCare kunt u de lucht in ruimtes tot 60 m2 effectief filteren en deze van onzuiverheden zoals stof, virussen of bacteriën bevrijden. De luchtreiniging gebeurt door een 4-voudig filtersysteem (voorfilter, HEPA-filter, actief koolfilter, katalysator-filter). Een extra ionenfunctie zorgt voor frisse, elektrostatisch neutrale lucht.De APD-sensor (Air Pollution Detection) zorgt voor een permanente controle van de lucht en een kleurweergave van de luchtkwaliteit (groen-goed, geel-tevredenstellend, rood-slecht).Een eenvoudig gebruik is dankzij de sensor Touch-bediening gegarandeerd. Kies uit 3 bedrijfsmodi het juiste voor u en uw welzijn. Een multifunctionele afstandsbediening wordt meegeleverd.Eigenschappen:

Comfort-luchtreiniger voor een aangenaam binnenklimaat incl. 4-voudig filtersysteem, ionenfunctie en APD-sensor
Luchtzuivering voor ruimtes tot 60 m² *) zonder chemische toevoegingen
WiFi-bediening - comfortabele bediening in uw huis WiFi1⁾ of via internet wanneer u onderweg bent
Extra functies via smartphone en tablet 
Download uw eigen app; u ontvangt niet alleen informatie over uw luchtkwaliteit, maar kunt ook alle functies rechtstreeks via de app bedienen
4-weg filtersysteem:

Niveau 1: voorfilter (wasbaar) - voor grove deeltjes zoals haar, dierlijk haar, huiddeeltjes
Niveau 2: HEPA-filter - voor fijne deeltjes zoals: stof, pollen, rook, nicotine - filtert tot 99,95% allergenen / zwevende stoffen en diverse bacteriën + virussen uit de ruimtelucht
Niveau 3: Actief koolfilter - bindt en neutraliseert geuren zoals: Nicotinegeur, voedselgeur enz.
Niveau 4: Katalytisch filter - neutraliseert schadelijke omgevingsgassen zoals: formaldehyde, benzeen, ammoniak, nicotine


APD-sensor (detectie luchtvervuiling) - permanente controle, kleur en digitale weergave van de luchtkwaliteit (realtime weergave)

groen: goed
geel: bevredigend
rood: onvoldoende


Schakelbare ionenfunctie: voor frisse, elektrostatisch neutrale lucht - de elektrische ionisatie van de lucht zorgt ervoor dat stofdeeltjes elektrostatisch worden geladen. Als gevolg hiervan vormen ze samen grotere deeltjes en komen ze betrouwbaarder vast te zitten in het HEPA-filter
3 bedrijfsmodi: Slaapmodus / energiebesparende modus: fluisterstille werking met gedimd bedieningspaneel voor minimaal stroomverbruik en automatisch
4 ventilatorsnelheden
Sensor-aanraakbediening
12-uurs timer
Stille werking
Kinderslot
Eenvoudige filterwissel door verwisselbare compacte filtercassette
incl. multifunctionele afstandsbediening en batterijen (2x 1,5 V AAA)
100-240 V, 50/60 Hz, 0,8 A

"
914,Spiro-SAFE vlakke aftakking Ø 80 mm,,Europlast,,,,"9,95",Op voorraad,https://www.bol.com/nl/nl/p/spiro-safe-vlakke-aftakking-o-80-mm/9300000171430121/,0,"
    Deze spiro flens gebruik je als aansluitstuk bij het aansluiten van ventilatiebuizen, luchtbuizen en luchtslangen op vlakke delen, zoals wand, plafond en vloer. Het onderdeel staat ook wel bekend als een vlak zadelstuk. Deze flens is voorzien van een SAFE-afdichtingsrubber, is vervaardigd uit hoogwaardig gegalvaniseerd staal, heeft een brede rand en een diameter van 80 mm.
  "
915,Soler & Palau kunststof buisventilator 890m3 Ø 200mm - TD 800/200N,,Soler & Palau,,,,"466,95",Op voorraad,https://www.bol.com/nl/nl/p/s-en-p-buisventilator/9200000072857721/,2,"
    Soler & Palau kunststof buisventilator 890m3 Ø 200mm - TD 800/200N De TD-mixvent compacte buisventilatoren zijn gemaakt van stevige kunststof (van model 160 tot 800) of met stalen behuizing en afgewerkt met een degelijke epoxy-polyester coating (van de modellen 1000 tot 6000). Dankzij het Unique ontwerp van de montagebeugel kan het motorhuis geplaatst of verwijderd worden zonder de kanalen te verwijderen. * Model 160-2000: isolatieklasse B, met kogellagers en thermische overbelastingsbeveiliging.IP 44 Standaard twee-toeren motor regelbaar. * Spanning: enkelfase 230V-50/60Hz. * Eenvoudig onderhoud: Het unieke ontwerp van de montagesteun zorgt ervoor dat u het ventilatorhuis kunt verwijderen zonder de kanalen te hoeven demonteren. Tip! Wilt u een geluidsdichte verbinding? Kies dan voor een verbindingsmachet (product/ruck-verbindingsmachet-2-stuks-o-200mm-vm-200/).
  "
916,Covie - Groen - Desktop verwarming - Slaapkamer verwarming - Heater - Warme lucht - Kamerverwarmer - 220V,,Covie,,,,"59,95",,https://www.bol.com/nl/nl/p/covie-groen-desktop-verwarming-slaapkamer-verwarming-heater-warme-lucht-kamerverwarmer-220v/9300000168720782/,7,"
 Kenmerken:   1. snelle verwarming: het warmt snel op bij het openen.   2. hoge thermische efficiëntie: dubbelzijdige luchtinlaat, versnellen warmte conversie; Cycle verwarming, genieten van het hele huis.   3. intelligent: Intelligente constante temperatuur zonder te drogen.   4. vermenselijkt ontwerp: Anti verbranding ontwerp, zorgzaam en zorgzaam.   5. veiligheid: bescherming tegen oververhitting, veilig en geruststellend.     Specificaties:   Nominaal vermogen: 500   Verwarmingsmethode: elektrische verwarmingsdraad   Timing functie: Geen timing   Artikelnummer: N7   Operatiemodus: mechanisch   Nominale spanning: 220   Type verwarmingstoestel: verwarming   Toepasselijk gebied: 11 Bruys (inbegrepen) -20 (inbegrepen)   Certificatie type: 26639742197   Shell-proces: PP + vlamvertragend materiaal   Lawaai: onder 36dB (met inbegrip van)   Extra functie: Vlamvertragend   Vermogen: 500W   Functie: Verwarming  WAT ZIJN DE GROOTSTE VOORDELEN VAN ELEKTRISCH VERWARMEN?  Elektrisch verwarmen brengt verschillende voordelen met zich mee, zoals;   Elektrische verwarming kan gemakkelijk in elke kamer apart ingesteld worden, zodat we bepaalde zones kunnen verwarmen, terwijl we de ongebruikte ruimtes niet nodeloos opwarmen. Wanneer we de installatiekosten van een centraal verwarmingssysteem op gas of olie vergelijken met de installatiekosten van elektrische verwarming, blijkt het laatste veel Daarbij komt nog dat de effectieve installatie van een gas- of oliesysteem veel complexer is, wanneer men het in een afgewerkte woning wil plaatsen. Het falen van één verwarmingselement zal niet leiden tot een totale storing van het systeem. De meeste elektrisch verwarmde huizen rekenen n.l. op zelfstandig opererende units, dus je zit nooit in de kou! Een elektrische verwarming verwarmt een ruimte doorgaans sneller op dan een verwarmingstoestel op aardgas. Een elektrische verwarming heeft een ingebouwde weerstand die de vloeistof in de radiator snel opwarmt. Ook bij het uitzetten van de elektrisch verwarming koelt de ruimte sneller af. Je hebt dus veel meer controle over de temperatuur van de radiator. Ideaal voor die lange, koude winteravonden! Een ander voordeel is de minimale plek dat een elektrische radiator opneemt. Grote boilers nemen erg veel ruimte in beslag. Voor mensen met een klein huis of appartementen, betekent dat de installatie ervan soms niet mogelijk is. Met een elektrische verwarming heb je dit probleem niet. Elektrische radiatoren zijn veilig – wanneer je elektrische radiatoren plaatst, loop je nooit het risico op een CO-vergiftiging. Het verwarmingselement van de elektrische verwarming is 100% veilig, omdat er geen gas aan te pas komt. Elektrische radiatoren kunnen worden geïnstalleerd zonder al te veel breek– of hakwerk – en /of grote aanpassingen uit te voeren. Je kunt ze gewoon aan de muur ophangen en zo kun je meteen genieten van de hoge warmteafgifte. Elektrisch verwarmen is voordeling mits je een slimme radiator koopt en/of je gebruikt maakt van zonne-energie d.m.v zonnepanelen op het dak. 
"
917,Stadler Form - Roger little - H14 Filter,,Stadler Form,,,,"65,-",,https://www.bol.com/nl/nl/p/stadler-form-roger-little-h14-filter/9300000036203831/,2,"
    De Dual Filter™ is een combinatie van een H14 HEPA filter en een actieve koolstoffilter. De HEPA H14 filter filtert virussen, bacteriën, fijnstof en pollen uit de lucht. De actieve koolstoffilter absorbeert gassen. Vergeleken met de H12 HEPA filter filtert de H14 HEPA filter meer deeltjes uit lucht. De Dual Filter™ moet elke 8-12 maanden vervangen worden. Voor de Roger Big zijn twee Dual Filters™ nodig
  "
918,Cornwall Electronics Digital Temperature Controller - Digitale Thermostaat,,CornwallElectronics,,,,"45,95",,https://www.bol.com/nl/nl/p/cornwall-electronics-digital-temperature-controller-digitale-thermostaat/9300000054933702/,2,"
    De Cornwall Digital Temperature Controller stelt ons in staat om zowel verwarmings- als koelsystemen op een veilige en efficiënte manier te regelen, volgens de behoeften van de gebruiker.Bij gebruik van de Cornwall digitale temperatuurregelaar met verwarmingssystemen, schakelt de unit over op elektrische stroom wanneer deze temperaturen detecteert onder het eerder geselecteerde instelpunt. Zo kunnen we een kachel op de controller aansluiten en een temperatuur van bijvoorbeeld 20 ° invoeren.Wanneer de controller vervolgens detecteert dat de temperatuur van de omgeving of kamer lager wordt dan 20º, geeft hij automatisch plaats aan de voeding en zet de kachel aan om te voorkomen dat de temperatuur onder het instelpunt komt.In het tweede geval, bij gebruik van een koelsysteem, zal de regeleenheid voor elektrische stroom zorgen wanneer deze temperaturen boven het instelpunt detecteert.In dit geval is hij aangesloten op een uitgang van een luchtafvoerventilator, en door een instelpunt van bijvoorbeeld 25° te kiezen, schakelt de controller de afvoerventilator automatisch in wanneer de temperatuur boven de 25ºC komt en stopt deze niet totdat de ingestelde temperatuur is bereikt.Technische gegevens van de Cornwall digitale temperatuurregelaar:

Spanning: 230V / 50Hz
Bedrijfstemperatuur: 0ºC tot 40ºC
Nauwkeurigheid: + - 1 º C
Belasting (max.): 16A - 3.680 W

"
919,Europlast kunststof gevelrooster met terugslagklep 190 x 190mm bruin Ø 125 mm - ND12FVB,,Europlast,,,,"21,95",Op voorraad,https://www.bol.com/nl/nl/p/europlast-kunststof-gevelrooster-met-terugslagklep-190-x-190mm-bruin-o-125-mm-nd12fvb/9300000171430035/,3,"
    Dit gevelrooster uit kunststof is speciaal ontworpen voor de afvoer van lucht en het voorkomen van tegengestelde luchtstromen. Daardoor is het ideaal voor gebruik bij mechanische ventilatiesystemen en afvoerinstallaties die niet permanent draaien. Het ingenieuze ontwerp met terugslagklep blokkeert de luchtstroom wanneer er sprake is van onderdruk in het kanaal. Bij overdruk, dus wanneer je installatie draait, opent de klep vanzelf en kan de lucht soepel afgevoerd worden. Je monteert dit fraaie roostertje eenvoudig op een ronde ventilatiebuis. Let daarbij op de aansluitdiameter!
  "
920,Svent kunststof buisventilator met temperatuur regelaar 280m3 Ø 125mm – TT125U,,Svent,,,,"143,95",Op voorraad,https://www.bol.com/nl/nl/p/svent-kunststof-buisventilator-met-temperatuur-regelaar-280m3-o-125mm-tt125u/9300000171430477/,3,"
    Svent kunststof buisventilator met temperatuur regelaar 280m3 Ø 125mm – TT125U * Buisventilator met kunststof behuizing * Geïntegreerde thermische motorbeveiliging. * Zowel horizontaal als verticaal te monteren. * De behuizing en het ventilatorwiel zijn gemaakt van weerstandsbestendig ABS-kunststof. * Temperatuursensor ingebouwd in kanaalstroom. * Naarmate de ingestelde temperatuur is overschreden zal de ventilator op vol vermogen werken, indien de temperatuur onder de ingestelde waarde zal komen draait de ventilator op de ingestelde snelheid. Tip! Wilt u een geluidsdichte verbinding? Kies dan voor een verbindingsmachet (product/ruck-verbindingsmachet-2-stuks-o-125mm-vm-125/).
  "
921,Cli-Mate Fan Controller 4 AMP met Temperatuur Sensor,,Cli-mate,,,,"62,95",Op voorraad,https://www.bol.com/nl/nl/p/cli-mate-fan-controller-4-amp-met-temperatuur-sensor/9300000111123879/,1,"
 Cli Mate Fan Controller 4 Ampere   De CLI-MATE® Fan Controller met thermostaat regelt 
"
922,TROTEC PAE 35 verdampingsfilter,,Trotec,,,,"19,95",,https://www.bol.com/nl/nl/p/trotec-pae-35-verdampingsfilter/9300000095671425/,2,"
 PAE 35 verdampingsfilter 
 Verdampingsfilter voor de Trotec Aircooler PAE 35 HEPA.De structuur van het filter zorgt voor een aangename verdampingskoeling. 
 Let op: specificaties kunnen zonder opgave van redenen in het belang van een lopende productverbetering door de fabrikant worden gewijzigd. 
 Aan de afbeeldingen van producten en eventueel getoonde specificaties of keurmerken kunnen geen rechten worden ontleend 
"
923,"AEG Decor Kit voor AX5/AX7 Electrolux AKITW2, Decoratieset, Doos",,Electrolux,,,,"48,-",Op voorraad,https://www.bol.com/nl/nl/p/electrolux-akitw2-decoratieset-doos/9300000139410784/,11,"
    Electrolux AKITW2. Aantal per verpakking: 1 stuk(s), Type verpakking: Doos
  "
924,Stadler Form - Fragrance globe - Geur: Rozenhout - Geurverspreider - Aroma,,Stadler Form,,"2,0",1,"9,90",Op voorraad,https://www.bol.com/nl/nl/p/stadler-form-fragrance-globe-geur-rozenhout-geurverspreider-aroma/9300000059304322/,0,"
    De unieke geurballen bestaan ​​uit aromaparels die intensief met een aroma zijn doordrenkt en vervolgens zijn samengesmolten. Ze verspreiden hun geur tot wel 4 weken in Stadler Form geurverspreiders Lina, Nina en Tina. Zorg dat je hele woonkamer of slaapkamer fris ruikt met je favoriete geur. Uniek systeemWanneer de binnenlucht door de aromaparels stroomt die intensief met aroma zijn doordrenkt en vervolgens zijn samengesmolten, komt er een frisse geur de ruimte in. Stadler Form heeft zes verschillende geuren waaruit je kunt kiezen.Specificaties- Geschikt voor geurverspreiders Lina, Nina en Tina van Stadler Form- De geurballen zijn verkrijgbaar in 6 verschillende soorten, elk met een eigen geur en kleur.- Voor een gemakkelijke geur in de kamer- Geeft tot 4 weken aroma afStadler FormWe willen de wereld verbeteren met luchtbehandeling. Daarom ontwikkelen we bij Stadler Form gewilde huishoudelijke apparaten met een buitengewoon design. Onze producten zijn gemakkelijk en intuïtief in gebruik en zorgen voor een efficiënt stroom verbruik. We willen elegante en waardevolle toevoegingen van het interieur creëren die jouw welzijn verbeteren.
  "
925,"SMSCOM - Twincontroller Mk2 4,5 EU - klimaatcontroller",,SMSCOM,,,,"84,50",,https://www.bol.com/nl/nl/p/smscom-twincontroller-mk2-4-5-eu-klimaatcontroller/9300000020669496/,2,"
 De SMSCOM Twincontroller MK2 is een zeer compacte, maar toch zeer complete ventilatie controller voor 2 ventilatoren van totaal maximaal 4,5 Ampère. De Twincontroller kan eenvoudig met slechts drie draaiknoppen (gewenste temperatuur, minimale snelheid en maximale snelheid) ingesteld worden. 
 De SMSCOM Twincontroller MK2 is elektronisch geregeld en zorgt op een eenvoudige wijze voor een nauwkeurige temperatuursturing. De SMSCOM Twincontroller MK2 regelt traploos de juiste snelheid van uw ventilatoren en behoudt de juiste temperatuur. De Twincontroller MK2 heeft voor de IN en UIT ventilator een eigen stopcontact. 
 Kenmerken: 

Elektronische, nauwkeurige klimaatbeersing;
Eenvoudige bediening door middel van 3 draaiknoppen (Gewenste temperatuur, Minimale snelheid, Maximale snelheid);
Maximaal belastbaar tot 4.5A / 1000 watt;
5 Meter NTC Temperatuur sensor inbegrepen;
Reserve zekering inbegrepen;
Software gestuurd;
5 Jaar garantie.

 Gebruik: 

Sluit uw Ventilatoren correct aan op de blauwe stopcontacten (Kleine Fan=IN / Grote Fan=OUT);
Stel de gewenste MINIMUM ventilatorsnelheid in met knop 1 (bijv. 30%);
Stel de gewenste temperatuur in met knop2 (bijv. 25°C);
Stel de gewenste MAXIMALE ventilatorsnelheid in met knop 3 (bijv. 95%);
Plaats de Temperatuursensor in uw ruimte;
Let op, niet in directe luchtstroom of direct onder een lichtbron;
Sluit nu Twincontroller MK2 aan op het lichtnet.

 Uiteraard kunt u ook maar 1 ventilator aansluiten, sluit deze dan aan op ‘’FAN AIR OUT’’. De Twincontroller MK2 zal de ventilatoren traploos aansturen en de ingestelde temperatuur blijven zoeken. 
 Bij het aansluiten zal de TwinController de eerste 5 minuten de ruimte scannen voor de beste sturing van de ventilatoren (gedurende deze tijd zullen de ventilators harden en zachter gaan draaien). Na dit scanproces weet de TwinController altijd de perfecte snelheid om de ventilatoren aan te sturen voor een constante temperatuur. 
 Let op: Te langzaam draaiende ventilatoren zorgen voor teveel geluid, te weinig verversing én het risico op het defect van de ventilatoren. Dus zorg ervoor dat de minimale stand niet te laag ingesteld staat. 
"
926,Zuurstofbril High Flow 15lpm - Neusbril - Zuurstofbril,,Droh,,,,"17,95",Op voorraad,https://www.bol.com/nl/nl/p/zuurstofbril-high-flow-15lpm-neusbril-zuurstofbril/9300000124693592/,0,"
 Neusbril, ook wel zuurstofbril of zuurstofkatheter genoemd. Deze zuurstofbril is een ""high flow"" stille zuurstofbril voor gebruik tot en met 15 liter per minuut. Bij gebruik ervaart u vrijwel geen geluid. Zo ondervindt u tijdens uw zuurstoftherapie geen hinder. Door de lengte van 2,1 meter van deze zuurstofbril zit de slang nooit in de weg tijdens de zuurstoftherapie en kunt u onbezorgd op pas. 
PRODUCTSPECIFICATIES

merk: DROH neusbril high flow;
lengte neusbril: 2,1 meter;
max. flow 15 liter per minuut;
de slang knikt niet, heeft hierdoor een langere levensduur;
licht gebogen prong voor extra comfort;
verpakkingseenheid: 1 stuk.

"
927,ulsonix Keramische plaat - 5.000 mg/u,,Ulsonix,,,,"26,99",,https://www.bol.com/nl/nl/p/ulsonix-keramische-plaat-5-000-mg-u/9300000032306007/,2,"
Keramische plaat - 5.000 mg/u De AIRCLEAN PLATE 5.0 is een reserveonderdeel speciaal gemaakt voor Ulsonix ozon generatoren. Het is raadzaam om regelmatig de keramische platen te vervangen voor een optimale efficiëntie van ozonapparaten. De eenvoudig te installeren panelen zijn compatibel met de eigen AIRCLEAN 10G, 15G, 20G en 20G-eco generatoren. Product hoogtepunten  Ozonproduktion: 5.000 mg/h kompatibel mit AIRCLEAN 10G, 15G, kompatibel mit AIRCLEAN 20G und 20G-ECO Material: Keramik   De hoogwaardige keramische plaat produceert 5.000 mg ozon per uur en garandeert constant uitstekende resultaten, zelfs bij veelvuldig gebruik. Het reactieve ozon neutraliseert onaangename geuren van verschillende oorsprong door de moleculen ervan af te breken. Op deze manier worden zelfs bacteriën en ziektekiemen met succes bestreden. Opmerking over de levenscyclus: voor het meest effectieve gebruik van de ozongeneratoren wordt aanbevolen dat de keramische platen:
"
928,Starre aluminium ventilatieslang Ø 100mm 3 meter,,Europlast,,,,"22,95",Op voorraad,https://www.bol.com/nl/nl/p/starre-aluminium-ventilatieslang-o-100mm-3-meter/9300000171429879/,0,"
    Starre aluminium ventilatieslang diameter 100 mm lengte 3 meter
  "
929,Hama 00186440 Reservefilter,,Hama,,,,"63,01",,https://www.bol.com/nl/nl/p/hama-3in1-smart-reservefilter/9300000045049579/,2,"
Hama 00186440 Reservefilter  3-in-1 combifilter voor luchtreiniger „Smart” Uitvoering: Filtercombinatie van 3 achter elkaar geplaatste, speciale afzonderlijke elementen om de vele ruimtebelastingen te verminderen en te elimineren sterke 3-voudige filters: Meervoudige filtering voor hygiënische binnenlucht door voor-, HEPA (H13)- en actief koolfilter bestaande uit voor-, HEPA(H13) - en actief koolfilter in cilindervorm voorfilter: Groefdeelfiltering van grotere deeltjes zoals schuur, haar en stof HEPA (H13-filter) van fijn vezelmateriaal: Vangt de kleinste deeltjes tot een grootte tussen 0,1 tot 0,3 μm op (bijv. bacteriën 0,6 tot 1,0 μm, fijnstof 0,1 - 10 μm, pollen 10 - 100 μm) voor een efficiënte luchtreiniging (afscheiderwiel) van 99,95 % actief koolfilter: Filtert formaldehyde, benzeen, andere gassen en onaangename geuren. Actieve kool heeft een uitstekend absorptievermogen - hij kan deodoreren, ontvochtigen, bindt gedeeltelijk virussen en werkt steriliserend De teksten voor dit artikel zijn automatisch vertaald. Technische spec.: Afmeting, hoogte: 165 mm · Afmeting, Ø: 215 mm Omvang levering: 3-in-1 combifilter Opmerkingen: Zuig het voorfilter om de 1 tot 2 maanden met een stofzuiger schoon om de opgezogen verontreinigingen te verwijderen. Aanbevolen vervangingsinterval van het gehele combifilter: Ten minste om de 12 maanden, afhankelijk van de gebruiksgraad van het apparaat.   Features  Filtercombinatie van 3 achter elkaar geplaatste, speciale afzonderlijke elementen om de vele ruimtebelastingen te verminderen en te elimineren sterke 3-voudige filters: Meervoudige filtering voor hygiënische binnenlucht door voor-, HEPA (H13)- en actief koolfilter bestaande uit voor-, HEPA(H13) - en actief koolfilter in cilindervorm voorfilter: Groefdeelfiltering van grotere deeltjes zoals schuur, haar en stof HEPA (H13-filter) van fijn vezelmateriaal: Vangt de kleinste deeltjes tot een grootte tussen 0,1 tot 0,3 μm op (bijv. bacteriën 0,6 tot 1,0 μm, fijnstof 0,1 - 10 μm, pollen 10 - 100 μm) voor een efficiënte luchtreiniging (afscheiderwiel) van 99,95 % actief koolfilter: Filtert formaldehyde, benzeen, andere gassen en onaangename geuren. Actieve kool heeft een uitstekend absorptievermogen - hij kan deodoreren, ontvochtigen, bindt gedeeltelijk virussen en werkt steriliserend De teksten voor dit artikel zijn automatisch vertaald.    Highlights      Leveromvang  3-in-1 combifilter    Opmerking  Zuig het voorfilter om de 1 tot 2 maanden met een stofzuiger schoon om de opgezogen verontreinigingen te verwijderen.Aanbevolen vervangingsinterval van het gehele combifilter: Ten minste om de 12 maanden, afhankelijk van de gebruiksgraad van het apparaat. Illustration similar. 
"
930,Europlast kunststof ventilatierooster rond wit met grill Ø 125mm - NGA125,,,,,,"14,95",Op voorraad,https://www.bol.com/nl/nl/p/europlast-kunststof-ventilatierooster-rond-wit-met-grill-o-125mm-nga125/9300000171429968/,3,"
    Met dit krachtige ventilatierooster van het merk Europlast weet je zeker dat je jouw ventilatiekanalen tiptop afwerkt. Het rooster kan gebruikt worden voor het plafond en voor in de wand en is eenvoudig te monteren op een spirobuis (luchtbehandeling/spiro-materiaal/spirobuis/). De grill beschermt je luchtkanaal tegen vuil en insecten. Dankzij de fabricage uit hoogwaardig brandvertragend kunststof voldoet dit rooster bovendien aan alle hedendaagse normen voor ventilatie. Verkrijgbaar in diverse kleuren en afmetingen.
  "
931,Zonnepaneel steun - 10 tot 15° - 156cm - Kantelbaar - Per stuk,,ABC-Led,,,,"138,95",Op voorraad,https://www.bol.com/nl/nl/p/zonnepaneel-steun-10-tot-15-156cm-kantelbaar-per-stuk/9300000153413177/,4,"
Zonnepaneel steun - 10 tot 15° - 156cm - Kantelbaar - Per stuk Montagesysteem voor uw zonnepanelen.   Dit systeem is perfect voor montage van zonnepanelen op een plat dak. Deze rails zorgen er namelijk voor dat u de zonnepanelen in een hoek kunt monteren, zodat u optimaal rendement behaalt met uw zonnepanelen. De set wordt daarnaast geleverd met montageklemmen, zodat u het systeem eenvoudig op de gewenste plek kunt monteren. Verder zijn de rails verstelbaar in hoek, zodat u de rails op elk oppervlak kunt monteren. De rails zijn gemaakt van RVS, en worden per stuk geleverd.    Let op: voor een werkende installatie gebaseerd op deze steun, heeft u er minimaal 2 nodig om een installatie te kunnen maken. Mocht u dan vervolgens uw installatie uit willen breiden, dan kunt u de steun per stuk bestellen.   specificaties  Montagesysteem voor uw eigen solar installatie Voor montage op een plat dak Driehoekvormige rails, voor schuine montage van uw zonnepanelen  Zo behaalt u optimaal rendement    Materiaal: RVS  Lengte: 156cm Wordt geleverd per set van 2 stuks!  
"
932,Thermometer Hygrometer Medium Garden Highpro,,Garden High pro,,,,"25,95",Op voorraad,https://www.bol.com/nl/nl/p/thermometer-hygrometer-medium-garden-highpro/9200000077531282/,2,"
    - Externe sensor 1,5 meter.- Binnen/Buiten temperatuur meting.- Temperatuurbereik 0° c - 50° c.- LV bereik : 25% - 90%.- Min/max aanduiding.- Inclusief 1 x AAA batterij.
  "
933,Lanaform New Vapolux Vervangingsfilter,,Lanaform,,,,"7,20",,https://www.bol.com/nl/nl/p/lanaform-new-vapolux-vervangingsfilter/9200000062009810/,2,"
    Deze vervangingsfilter is speciaal voor de New Vapolux luchtbevochtiger.
  "
934,Soler & Palau kunststof buisventilator met timer 250m3 Ø 100mm - TD 250/100 T,,Soler & Palau,,,,"302,95",Op voorraad,https://www.bol.com/nl/nl/p/s-en-p-buisventilator/9200000072852364/,2,"
    Soler & Palau kunststof buisventilator met timer 250m3 Ø 100mm - TD 250/100 T De TD-mixvent compacte buisventilatoren zijn gemaakt van stevige kunststof (van model 160 tot 800) of met stalen behuizing en afgewerkt met een degelijke epoxy-polyester coating (van de modellen 1000 tot 6000). Dankzij het Unique ontwerp van de montagebeugel kan het motorhuis geplaatst of verwijderd worden zonder de kanalen te verwijderen. * Model 160-2000: isolatieklasse B, met kogellagers en thermische overbelastingsbeveiliging.IP 44 Standaard twee-toeren motor regelbaar. * Spanning: enkelfase 230V-50/60Hz. * Eenvoudig onderhoud: Het unieke ontwerp van de montagesteun zorgt ervoor dat u het ventilatorhuis kunt verwijderen zonder de kanalen te hoeven demonteren. * De TD-250/100T is uitgerust met een naloop timer, instelbaar tussen 1 en 30 minuten, en motor met één snelheid, niet geschikt voor snelheidsregulering. Tip! Wilt u een geluidsdichte verbinding? Kies dan voor een verbindingsmachet (product/ruck-verbindingsmachet-2-stuks-o-100mm-vm-100/).
  "
935,Spiro-SAFE Regelklep handbediend Ø 100mm,,Europlast,,,,"22,95",Op voorraad,https://www.bol.com/nl/nl/p/spiro-safe-regelklep-handbediend-o-100mm/9300000171430261/,3,"
    Deze spiro regelklep met handbediening is de ideale oplossing als je zelf de luchttoevoer in een luchtkanaal wilt instellen. De klep is hiertoe voorzien van een blad, dat op elke gewenste positie vastgezet kan worden. Zo stel je de luchtdoorlaat in een spirobuis heel precies in. Geschikt voor montage op een ronde buis met een diameter van 100 mm. Dankzij de SAFE-techniek is de klep eenvoudig te monteren en heeft de aansluiting nagenoeg geen drukverlies.
  "
936,Europlast aluminium plintrooster wit 500 x 40mm - RA450,,Europlast,,,,"19,95",Op voorraad,https://www.bol.com/nl/nl/p/europlast-aluminium-plintrooster-wit-500-x-40mm-ra450/9300000171429944/,4,"
    Ventilatie is van onschatbare waarde. Bewegende lucht zorgt ervoor dat ongezonde stoffen, vieze geuren, bacteriën en virussen snel verspreiden en de ruimte verlaten. Zo houd je binnenruimten gezond, fris en aangenaam! Met dit prachtige aluminium plintrooster ventileer je effectief en in stijl. Plaats het in de keuken, in een deur, in deurlijsten of bijvoorbeeld in het dakbeschot, en je hebt verder nergens omkijken meer naar! Tip: let erop dat je de goede maat hebt (anders past ie namelijk niet). Zie hiervoor de technische tekening bij de afbeeldingen van het product. De afmetingen die bij de letters horen zijn bij deze maat als volgt: * Maat A: 40mm * Maat B: 500mm * Maat C: 1.5mm * Maat D: 24mm * Maat E: 470mm
  "
937,"Ozon Generator - Ozon Luchtreiniger - Ozongenerator luchtreiniger - Ozon Apparaat - 40,000 mg/h",,Merkloos,,,,"532,95",,https://www.bol.com/nl/nl/p/ozon-generator-ozon-luchtreiniger-ozongenerator-luchtreiniger-ozon-apparaat-40-000-mg-h/9300000162800868/,6,"
   2022 laatste bijgewerkte ontwerp: totale 40.000 mg (luchtmodus) + 500 mg (buismodus) ozonemissie. Er zijn 2 controllers voor de luchtmodus en elke controller geeft 20.000 mg ozon uit. De luchtmodus is geschikt voor grote ruimtes. Met 2 lange buizen (2m & 5M) voor buismodus. De tube mode is geschikt voor kleinere ruimtes zoals auto ' s, schoenendozen, kasten. En ook voor water, fruit en groenten.     Ingebouwde boosterpomp: een ingebouwde boosterpomp voor buismodus zorgt ervoor dat de ozon sneller uit de buis wordt getransporteerd om tijd te besparen, en de ozon is meer geconcentreerd om een beter effect te bereiken. We zijn ook uitgerust met een connector om gewicht toe te voegen om de positie van de buis vast te stellen. 2 buizen van verschillende lengtes kunnen in verschillende omgevingen worden toegepast om aan uw behoeften te voldoen.     2-uurs timer of"" hold "" - modus: er zijn 3 timers voor 20.000 mg, 20.000 mg en 500 mg. De timer is maximaal 2 uur. De tijd is verstreken, de machine stopt automatisch met werken. In de ""Hold"" - modus werkt de ozonmachine totdat u deze handmatig uitschakelt. Voor een langere levensduur van de machine raden we echter niet aan om de machine langdurig continu te laten werken.     Verbeterde OZONPLAAT & sterke ventilator: de betere technologie van de honingraatlossing verhoogt het gebied van de ozonafgifte met 20%, sterkere ozonconcentratie en beter effect. De krachtige kogellagerventilator reinigt met een hogere snelheid dan conventionele ventilatoren. 7-blade ventilatoren kunnen de ozon snel in elke hoek loslaten.     Gebruik voor alle gelegenheden: De ozongenerators kunnen slechte geuren van huizen, bureaus, keukens, scholen, hotels, kelders en auto ' s, enz.deodoriseren. Waarschuwing: gebruik alleen in niet-bewoonde kamers. En gelieve te ventileren minstens 30 minuten nadat de machine het werk heeft gebeëindigd, dan kunnen de mensen en de dieren ingaan. Deze ozonmachine heeft internationale CE-certificatie en RoHS-registratie overgegaan en is veilig te gebruiken.   
"
938,"Ozon Generator - Ozon Luchtreiniger - Ozongenerator luchtreiniger - Ozon Apparaat - 10,000 mg/h",,Merkloos,,,,"215,95",,https://www.bol.com/nl/nl/p/ozon-generator-ozon-luchtreiniger-ozongenerator-luchtreiniger-ozon-apparaat-10-000-mg-h/9300000162799716/,7,"
   Krachtige ozonopwekking met afstandsbediening: de maximale ozonopbrengst per uur is 10000 mg. Het keurt huidige mobiele technologie goed in vergelijking met kleinere outputeenheden, heeft onze ozongenerator een effect. U kunt de ozonmachine ook op afstand uitschakelen zonder de kamer in te gaan om hem uit te schakelen.     2-uurs timer standby: u kunt de reinigingstijd instellen op 2 uur of de wachtmodus. De tijd kan worden aangepast aan de grootte van de kamer en de intensiteit van de geur die moet worden geëlimineerd. Tijdens de operatie mogen uw familieleden of huisdieren niet in de kamer blijven. Wacht na het schoonmaken 30 tot 60 minuten voordat u terugkeert naar de reinigingsruimte en open de deur en het raam om de ventilatie te behouden.     Geen filter vereist: onze Ozongenerator Luchtreiniger maakt gebruik van hoogspanningsionisatie om wat luchtzuurstof te ontleden en te polymeriseren tot ozon. Ozon komt vrij uit de machine in de lucht, O3 hecht zich aan geuren en andere verontreinigende stoffen en vernietigt celwanden op moleculair niveau. Daarom is niet alleen geen filter nodig, maar het kan ook verontreinigende stoffen verwijderen en ozon tot zuurstof reduceren zonder vervuiling te veroorzaken.     Krachtige geurverwijdering: onze ozonmachine is zeer geschikt voor privéwoningen, bureaus, huisdierengebieden, kelders, restaurants, Auto ' s, enz. Het kan bijna elke geur van sigaretten of sigaren, huisdieren, verf of reiniging, stof, water, koken en andere luchtgeuren bevatten.     Milieubescherming ontwerp: de draagbare ozonluchtreiniger is gemakkelijk te onderhouden en uitgerust met geïsoleerde rubberen handgrepen. Dankzij het compacte en lichtgewicht ontwerp kunt u bijna het extreem lage energieverbruik thuis gebruiken, ozongas genereren om de hele kloof te vullen en de lucht volledig te reinigen. De ozongenerator ha   
"
939,Stadler Form - Fragrance globe - Geur: witte Amber - Geurverspreider - Aroma,,Stadler Form,,,,"9,90",,https://www.bol.com/nl/nl/p/stadler-form-fragrance-globe-geur-witte-amber-geurverspreider-aroma/9300000059304321/,0,"
    De unieke geurballen bestaan ​​uit aromaparels die intensief met een aroma zijn doordrenkt en vervolgens zijn samengesmolten. Ze verspreiden hun geur tot wel 4 weken in Stadler Form geurverspreiders Lina, Nina en Tina. Zorg dat je hele woonkamer of slaapkamer fris ruikt met je favoriete geur. Uniek systeemWanneer de binnenlucht door de aromaparels stroomt die intensief met aroma zijn doordrenkt en vervolgens zijn samengesmolten, komt er een frisse geur de ruimte in. Stadler Form heeft zes verschillende geuren waaruit je kunt kiezen.Specificaties- Geschikt voor geurverspreiders Lina, Nina en Tina van Stadler Form- De geurballen zijn verkrijgbaar in 6 verschillende soorten, elk met een eigen geur en kleur.- Voor een gemakkelijke geur in de kamer- Geeft tot 4 weken aroma afStadler FormWe willen de wereld verbeteren met luchtbehandeling. Daarom ontwikkelen we bij Stadler Form gewilde huishoudelijke apparaten met een buitengewoon design. Onze producten zijn gemakkelijk en intuïtief in gebruik en zorgen voor een efficiënt stroom verbruik. We willen elegante en waardevolle toevoegingen van het interieur creëren die jouw welzijn verbeteren.
  "
940,4 inch roestvrijstalen ontluchtingsdop,,Merkloos,,,,"19,95",Op voorraad,https://www.bol.com/nl/nl/p/4-inch-roestvrijstalen-ontluchtingsdop/9300000125976478/,7,"
 Aanbevolen SUS 304 roestvrij staal materiaal; Sterke anti-corrosie, niet giftig. Vliegenhorgaas voorkomt effectief dat anti-insecten binnendringen. U-vorm met afvoerkanalen speciaal ontwerp, waterdicht en regenbestendig. Licht verfoppervlak om regen, stof en roest te weerstaan, duurzamer. Gesp installatie maakt een betere verbinding tussen de ventilatie en de muur. 
"
941,Ulsonix Ultrasoon reiniger – 1.5 liter,,Ulsonix,,,,"119,-",,https://www.bol.com/nl/nl/p/ulsonix-ultrasoon-reiniger-1-5-liter/9300000027658489/,13,"
Ultrasoon reiniger – 1,5 liter De ultrasoon reiniger Proclean 2.0M van Ulsonix maakt het zeer grondig en fijn reinigen van munten, brillen, sieraden en verschillende gereedschappen mogelijk. De machine heeft een stabiele en betrouwbare constructie en een kwalitatief hoogwaardig reinigingsreservoir. De behuizing en de uitneembare mand zijn gemaakt van roestvrijstaal. Pootjes van rubber zorgen voor extra stabiliteit. Het apparaat is aan de voorzijde voorzien van twee wielen, waarmee zowel de temperatuur als schoonmaaktijd kunnen worden ingesteld. Aan de binnenzijde bevindt zich een 2/3-markering, zodat je kunt zien hoeveel vloeistof er is toegevoegd. Dankzij de frequentie van 40 Hz en het ultrasoon vermogen van 60 watt is het resultaat verbluffend. Product hoogtepunten  ECO Capaciteit: 1,5 liter Ultrasoon vermogen: 60 watt Werkingsfrequentie: 40 kHz Verwarming: 60 watt 
"
942,"Ozon Generator - Ozon Luchtreiniger - Ozongenerator luchtreiniger - Ozon Apparaat - 20,000 mg/h",,Merkloos,,,,"365,95",,https://www.bol.com/nl/nl/p/ozon-generator-ozon-luchtreiniger-ozongenerator-luchtreiniger-ozon-apparaat-20-000-mg-h/9300000162743998/,6,"
   Krachtige prestaties: het maximale ozonvermogen per uur is 20.000 mg / u. de industriële stalen behuizing maakt deze reiniger eenvoudig te reinigen. Geen filter voor reiniging. Extreem laag energieverbruik. Het produceert ozongas om de hele ruimte te vullen en de lucht in elke hoek volledig te reinigen     2-uurs timer-instelling & ""HOLD"": de timer-knop kan tot 120 minuten worden ingesteld of u kunt de"" HOLD "" - instelling gebruiken om continu ozon te produceren. De tijd kan worden aangepast aan de grootte van de kamer en de intensiteit van de te verwijderen geur.     Eenvoudig te bedienen: Schakel eenvoudig de schakelaar in en stel de ozonproductietijd in en verlaat het gebied. Alle ozongeneratoren mogen alleen in onbezette gebieden worden gebruikt. Open de deur en het raam naar Ca. 30 minuten. en laat geen mensen of huisdieren in de buurt komen.     De beste deodorant: ozon komt vrij uit de machine in de lucht, O3 hecht zich aan geuren en andere schadelijke stoffen en vernietigt celwanden op moleculair niveau. Daarom is niet alleen geen filter nodig, maar kan het ook schadelijke stoffen verwijderen en ozon tot zuurstof reduceren zonder milieuvervuiling te veroorzaken.     Effectieve deodorisatie: ozon verwijdert en neutraliseert geuren van rook, koken, huisdieren en andere algemene geuren. Dit maakt de ozonmachine bijzonder nuttig voor nieuwe woningen, keukens, voertuigen, dierenwinkels, hotels, restaurants, garages. De aldious ozonmachine heeft internationale FCC en CE-certificatie overgegaan en is veilig te gebruiken.   
"
943,TROTEC Thermohygrometer BC25 incl. hitte-index (HI) en gevoelstemperatuur (WGBT) indicator,,Trotec,,,,"39,95",,https://www.bol.com/nl/nl/p/trotec-thermohygrometer-bc25-incl-hitte-index-en-gevoelstemperatuur-indicator/9200000072197996/,6,"
 Thermohygrometer BC25Met de alarmfuncties van de BC25 voor hitte-index en gevoelstemperatuur, kan hittestress preventief worden voorkomen en kunnen de grenzen van de belastbaarheid bij hoge temperaturen worden vastgelegd. Het grote en comfortabel af te lezen LCD-display, evenals de functies uitschakelautomaat, minimale en maximale waarde, AVG, evenals HOLD, complementeren de uitgebreide uitrusting van dit innovatieve meetapparaat.   De BC25 bepaalt met een gevoelig sensorsysteem behalve de normale klimaatparameters, zoals luchttemperatuur, relatieve luchtvochtigheid, dauwpunt, evenals natteboltemperatuur, ook de 'hitte-index' (HI) en de 'gevoelstemperatuur' (WBGT-index). De hitte-index en de zogenaamde Wet Bulb Globe Temperature geven uitsluitsel over de gevoelstemperatuur op basis van de gemeten luchttemperatuur, evenals de relatieve luchtvochtigheid en meer parameters, zoals de warmtestraling.   Voordelen in de praktijk:   Bepaling van de klimaatparameters °C/°F, % r.v., dauwpunt, natteboltemperatuur, hitte-index (HI), gevoelstemperatuur (WBGT) Alarmfunctie voor hitte-index (HI) en gevoelstemperatuur (WBGT) Groot en comfortabel afleesbaar LCD-display Uitschakelautomaat Max/min/AVG-functie Meetwaarde-houdfunctie Optimale prijs-prestatieverhouding     Let op: de specificaties kunnen zonder opgave van redenen in het belang van een lopende productverbetering door de fabrikant worden gewijzigd.   Aan de afbeeldingen van producten en eventueel getoonde specificaties of keurmerken kunnen geen rechten worden ontleend 
"
944,De'Longhi filterset luchtreiniger AC75,Nieuw artikel,De'Longhi,,"4,5",2,"49,23",,https://www.bol.com/nl/nl/p/de-longhi-filterset-voor-luchtreiniger-ac75/9200000010391327/,7,"
    Houd uw lucht schoon en geniet van meer comfort met de Luchtreiniger AC75 filterset van De'Longhi. Deze filterset is geschikt voor de Luchtreiniger AC75 en bestaat uit een HEPA filter en een actieve carbon filter.
  "
945,Medisana - Geurolie - Sinaasappel,,Medisana,,"3,8",6,"16,13",,https://www.bol.com/nl/nl/p/medisana-geurolie-sinaasappel/9200000053022691/,5,"
    De medisana geurolie met sinaasappelgeur (10ml) is geschikt voor aroma diffusers en luchtbevochtigers.Kijk  hier  voor alle informatie over Medisana.
  "
946,Sensede IFC-120 Reservefilter,,Sensede,,,,"37,49",,https://www.bol.com/nl/nl/p/sensede-ifc-120-reservefilter/9300000053112032/,3,"
Sensede IFC-120 Reservefilter  Reservefilter voor luchtreiniger ACD-600FD Conrad-artikelnummer 2390363. De teksten voor dit artikel zijn automatisch vertaald.   Features      Highlights      Leveromvang  HEPA-filter 
"
947,Hama Luchtreiniger 21 m² Zwart,,Hama,,,,"187,87",,https://www.bol.com/nl/nl/p/hama-smart-luchtreiniger-zwart/9300000035734900/,11,"
Hama Luchtreiniger 21 m² Zwart  Onbezorgd en vrij doorademen! En dat alles heel Smart via app- en spraakbesturing: Luchtreiniger voor een betere luchtkwaliteit, een gezond binnenklimaat en meer welzijn - verwijdert pollen, virussen, bacteriën, haren van huisdieren, huisstof en geuren enz. uit de binnenlucht. Met de Hama Smart Home-app bestuurt u overal de luchtreiniger en heeft u altijd de controle over uw binnenlucht. Amazon Alexa of Google Assistant: Met spraakbesturing comfortabel de luchtreiniger bedienen of via app andere slimme apparaten daarmee combineren, bijv. verwarmingsbesturing. Perfect voor allergiepatiënten en co: Luchtfilter verwijdert 99,95% van alle virussen, pollen, andere allergenen zoals haren van huisdieren, huisstof en schadelijke stoffen tot een grootte van 0,3 μm uit de lucht in de ruimte. Amazon Alexa Hiervoor moet de zogenaamde Alexa-Skill „Hama Smart Solution” in de Alexa-app worden geactiveerd. Hier wordt dan de gebruikersaccount van de Hama Smart Home-app met Alexa verbonden. Dit maakt het mogelijk om de apparaten via spraakbesturing te besturen (in-/uitschakelen) Google Assistant Hiervoor moet de „Hama Smart Solution”-service in de Google Home-app worden geactiveerd. Hier wordt dan de gebruikersaccount van de Hama Smart Home-app met Google verbonden. Dit maakt het mogelijk om de apparaten via spraakbesturing te besturen (in-/uitschakelen). De teksten voor dit artikel zijn automatisch vertaald.   Features  Verwijdert 99,95% van alle virussen, pollen, andere allergenen zoals haren van huisdieren, huisstof en schadelijke stoffen tot een grootte van 0,3 micrometer uit de lucht in de ruimte met de Hama Smart Home-app bestuurt u vanaf elke locatie de luchtreiniger compatibel met Amazon Alexa of Google Assistant sterke 3-voudige filter: Meervoudige filtering voor hygiënische binnenlucht door voor-, HEPA (H13)- en actief koolfilter voor elke woonruimte: De luchtreiniger levert in ruimtes tot een grootte van 65 m2 een betrouwbaar filterresultaat met een luchtreinigingssnelheid van 250 m3/h gezonde lucht: De luchtsensor analyseert de lucht in de ruimte en stelt automatisch het benodigde ventilatortoerental voor de verwijdering van deeltjes in een ons luchtreinigingsapparaat werkt helemaal zonder gateway (hub): U hebt geen extra apparaat nodig en bespaart extra kosten, omdat de luchtreiniger een WiFi-directe verbinding met de router maakt voorfilter voor het verwijderen van bijv. Huisstof en haren van huisdieren uit de lucht van de ruimte Hepafilter voor het verwijderen van virussen, bacteriën, fijnstof en pollen actief koolfilter verwijdert ook geuren en uitgassen zoals bijv. Formaldehyde, Ideal voor kokgeuren en sigarettenrook ventilatortoerental, ook handmatig instelbaar allergiepatiënten profiteren van de besturing onderweg: Allergenen al verwijderd, voordat u thuis komt via de app kunt u de luchtkwaliteit in real-time bewaken met uw in WiFi geïntegreerde apparaten kunt u groepen maken of 
"
948,TFA horloge 30.5005.02,,TFA Dostmann,,,,"20,57",Op voorraad,https://www.bol.com/nl/nl/p/tfa-horloge-30-5005-02/9200000083521505/,3,"
    info van verpakking: 1 stukInformatie over het product:gelijktijdige weergave van interne temperatuur -10C tot + 60C en relatieve vochtigheid 10-99%, geheugen voor min / max waarden, met opvouwbare tafelstandaard, B52xH39xT15mm, incl. batterijPL-AT-nr.: 473 110Kleur: witLevering: 1x LR44
  "
949,ulsonix Ozongenerator - 20.000 mg/h - 205 Watt - digitaal,,Ulsonix,,,,"229,-",,https://www.bol.com/nl/nl/p/ulsonix-ozongenerator-20-000-mg-h-205-watt-digitaal/9200000129807343/,18,"
Ozongenerator - 20.000 mg/h - 205 Watt - digitaal De AIRCLEAN 20G-ECO ozongenerator van Ulsonix is ​​speciaal ontworpen voor professionele luchtbehandeling in gesloten ruimtes. Met de zeer efficiënte generator kan zelfs intense geurverontreiniging snel en effectief worden geneutraliseerd. Het krachtige ozonapparaat gaat verschillende soorten luchtverontreiniging tegen, het reinigt bijvoorbeeld van allergenen, schadelijke schimmelsporen, onaangename geuren van dieren of sigaretten. Daarnaast is de generator ook geschikt voor commercieel gebruik zoals autowerkplaatsen, voor binnenlucht- en gebouwrenovaties, in afval- en sanitaire ruimtes of in de hotelbranche. Product hoogtepunten  Ozonproductie: 20.000 mg / uur Luchtcirculatie: 170 m³ / uur Geïntegreerd UV-licht Vermogen: 205 W. Timerfunctie tot 24 uur   De AIRCLEAN 20G-ECO maakt indruk met zijn efficiënte ozonproductie van 20.000 mg / uur. De constante ozonproductie wordt gegarandeerd door de in de generator geïntegreerde UV-lamp. De ingebouwde ventilator zorgt voor een gelijkmatige verdeling van de ozon in de kamer met een krachtige luchtcirculatie van 170 m³ / h. Het luchtfilter dat aan de achterkant van de behuizing is bevestigd, vormt een aanvulling op de hoogwaardige luchtcirculatie door bescherming te bieden tegen vervuiling van de technologie en de levensduur van de ozongenerator te ondersteunen. Het luchtfilter kan indien nodig eenvoudig en zonder gereedschap worden vervangen.
"
950,Brink Afpro - DF250/185x525 - WTW-filterset - Filterklasse ISO Coarse 50% - 5 sets,,AFPRO Filters,,,,"48,95",,https://www.bol.com/nl/nl/p/brink-afpro-df250-185x525-wtw-filterset-filterklasse-iso-coarse-50-5-sets/9300000163231061/,0,"
 Inhoud 5 sets van 2 filters    Filters t.b.v. warmteterugwinunit Brink Afpro DF250/185x525 
"
951,Ulsonix Ultrasoon reiniger - 10 liter - 180 W - Eco,,Ulsonix,,,,"319,-",,https://www.bol.com/nl/nl/p/ulsonix-ultrasoon-reiniger-10-liter-180-w-eco/9300000027952103/,17,"
Ultrasoon reiniger - 10 liter - 180 W - Eco De kostenefficiënte ultrasoon reiniger PROCLEAN 10.0M ECO van Ulsonix wordt gebruikt voor de professionele schoonmaak in medische praktijken en ziekenhuizen, laboratoria, maar ook in tattoo-studio's, juweliers- en horlogezaken en bij optiekers. Dus met name op plekken waar zeer gevoelige instrumenten, filigraan-gereedschappen of mechanische en/of elektronische onderdelen moeten worden gereinigd. Ook in de privé sector wordt het energiebesparende 10-liter ultrasoon reinigingsapparaat bij voorkeur gebruikt voor het schoonmaken van sieraden, edelstenen, munten of brillen. Product hoogtepunten  Basic Eco Capaciteit: 10 l Ultrasoon vermogen: 180 W Geluidsfrequentie: 40 kHz Timer: 0 - 60 min / permanente werking   De te reinigen onderdelen worden grondig vrijgemaakt van de kleinste vuilpartikels. Twee ultrasone signalen genereren een ultrasone frequentie van 40 kilohertz met een output van 180 watt, die ook de gebieden die moeilijk te bereiken zijn, zorgvuldig en effectief reinigt. En dat zelfs op plaatsen waar het menselijke oog geen vuilresten kan detecteren. De ultrasoon reiniger van de Eco-serie wordt gekenmerkt door een bijzonder energiebesparend ontwerp. Het verminderde energieverbruik, evenals de bijzonder langdurige componenten, zorgen voor een kosteneffectief en duurzaam gebruik van het apparaat.
"
952,ulsonix Ultrasoon reiniger - 3 liter - ontgassen - vegen - pulse,,Ulsonix,,,,"279,-",,https://www.bol.com/nl/nl/p/ulsonix-ultrasoon-reiniger-3-liter-ontgassen-vegen-pulse/9300000027952105/,13,"
Ultrasoon reiniger - 3 liter - ontgassen - vegen - pulse Elke plaats waar zeer gevoelige instrumenten, filigraangereedschap of mechanische of elektronische onderdelen grondig moeten worden gereinigd van vuil, de Ultrasonic Cleaner PROCLEAN 3.0 van Ulsonix is ​​onmisbaar. Of het nu in medische praktijken, laboratoria evenals in tattoo-studio's, voor juweliers, horlogemakers en opticiens , of bij u thuis, het reinigt betrouwbaar sieraden, edelstenen, munten, bestek, zonnebrillen en brillen. Product hoogtepunten  Degas / Sweep / Pulse / Geheugen Snel Capaciteit: 3/L Ultrasone output 160 W Geluidsfrequentie: 37 kHz Timer: 0 - 60 minuten   De ultrasone reiniger heeft 2 geluidsgenerators en bereikt een ultrasoon vermogen van 160 watt. Dit zorgt voor een gelijkmatige, krachtige verdeling van de geluidsgolven  met uitstekende reinigingsresultaten. Het apparaat heeft een sterk verwarmingsvermogen van 200 watt. De ultrasone reinigingscontainer heeft een inhoud van 3 liter. U kunt water of reinigingsvloeistof gebruiken. Met de extra ontgassings- en veegfuncties zorgt u voor eersteklas resultaten door de reinigingsprocessen van de ultrasone reiniger individueel in te stellen. De functie ontgassen verwijdert gassen die in de reinigingsoplossing zijn gebonden, waardoor het reinigende effect van de ultrasone reiniger kan worden beperkt. De sweep-functie zorgt voor een effectievere verdeling van de ultrasone frequentie en het reinigende effect kan dienovereenkomstig worden verhoogd. De pulsfunctie verhoogt de golffrequentie tot 120 procent om zelfs hardnekkig vuil los te schudden.
"
953,Stadler Form - Fragrance globe - Geur: zwart Orchidee - Geurverspreider - Aroma,,Stadler Form,,"2,0",1,"9,90",Op voorraad,https://www.bol.com/nl/nl/p/stadler-form-fragrance-globe-geur-zwart-orchidee-geurverspreider-aroma/9300000059304325/,0,"
    De unieke geurballen bestaan ​​uit aromaparels die intensief met een aroma zijn doordrenkt en vervolgens zijn samengesmolten. Ze verspreiden hun geur tot wel 4 weken in Stadler Form geurverspreiders Lina, Nina en Tina. Zorg dat je hele woonkamer of slaapkamer fris ruikt met je favoriete geur. Uniek systeemWanneer de binnenlucht door de aromaparels stroomt die intensief met aroma zijn doordrenkt en vervolgens zijn samengesmolten, komt er een frisse geur de ruimte in. Stadler Form heeft zes verschillende geuren waaruit je kunt kiezen.Specificaties- Geschikt voor geurverspreiders Lina, Nina en Tina van Stadler Form- De geurballen zijn verkrijgbaar in 6 verschillende soorten, elk met een eigen geur en kleur.- Voor een gemakkelijke geur in de kamer- Geeft tot 4 weken aroma afStadler FormWe willen de wereld verbeteren met luchtbehandeling. Daarom ontwikkelen we bij Stadler Form gewilde huishoudelijke apparaten met een buitengewoon design. Onze producten zijn gemakkelijk en intuïtief in gebruik en zorgen voor een efficiënt stroom verbruik. We willen elegante en waardevolle toevoegingen van het interieur creëren die jouw welzijn verbeteren.
  "
954,Ventilatieslang ⌀300 mm x lengte 10 M,,TETRA Tools,,,,"114,95",Op voorraad,https://www.bol.com/nl/nl/p/ventilatieslang-300-mm-x-lengte-10-m/9200000115155153/,5,"
    Ventilatieslang ⌀300 mm x lengte 10 MDe toe- of afvoerslang is geschikt voor mobiele ventilatoren. Deze afzuigslang is geschikt voor dampen en gassen af te voeren. Ook is het mogelijk om meerdere slangen aan elkaar te koppelen. De diameter van de slang is 300 mm en de lengte is 10 meter. De ventilator slang is geschikt voor op de Typhoon kunststof buisventilator en de TETRA TEF 321 elektrische verplaatsbare ventilator. De slang is eenvoudig op de ventilator aan te sluiten door middel van een touwtje. Door het flexibele materiaal is het gemakkelijk om de oranje slang neer te leggen in de gewenste positie.
  "
955,Ulsonix Ultrasoon reiniger - 0.7 liter - Basic,,Ulsonix,,,,"79,-",,https://www.bol.com/nl/nl/p/ulsonix-ultrasoon-reiniger-0-7-liter-basic/9300000029040216/,9,"
Ultrasoon reiniger - 0,7 liter - Basic De ultrasoon reiniger Proclean 0.7 WH maakt indruk met zijn intuïtieve hantering en compact design. Hij is ideaal voor kleinere voorwerpen zoals munten, juwelen, brillen, kammen of laboratoriumartikelen. Hij is bedoeld voor professioneel gebruik in de werkplaats of het laboratorium, evenals voor het gebruik in huis. Het apparaat verwijdert grondig en zachtjes vuil, zelfs op plaatsen die moeilijk handmatig zijn te bereiken. De reinigingsvloeistof hoeft niet te worden verwarmd voor de reiniging. Product hoogtepunten  BASIC Capaciteit: 0,7 l Ultrasoon-vermogen: 60 W Geluidsniveau: 40 kHz Timer: 0 - 60 min / continu werking   De stabiele behuizing, de verwijderbare mand en het deksel van de ultrasoon reiniger zijn gemaakt van hoogwaardig, schoon roestvrij staal. De container van 15 x 8,6 x 6,5 cm is ontworpen voor kleine voorwerpen en heeft een capaciteit van 0,7 liter. Het lage gewicht en de compacte vorm maakt hem gemakkelijk om te transporteren. Vier rubberen voetjes zorgen voor een veilige stand en bescherming tegen trillingen. De reiniging is eenvoudig uit te voeren. De vervuilde voorwerpen worden in een reinigingsmand in de minstens tot 2/3 met water gevulde container gehangen. Nu kan het reinigingsproces worden gestart met afgesloten deksel. Meer is niet nodig voor de voorbereiding. Indien gewenst kunt u een reinigingsmiddel toevoegen aan het water.
"
956,ulsonix Ozongenerator - 15.000 mg/h - 160 Watt - digitaal,,Ulsonix,,,,"229,-",,https://www.bol.com/nl/nl/p/ulsonix-ozongenerator-15-000-mg-h-160-watt-digitaal/9200000129807339/,12,"
Ozongenerator - 15.000 mg/h - 160 Watt - digitaal De AIRCLEAN 15G ozongenerator van Ulsonix is ​​speciaal ontworpen voor professionele luchtbehandeling in gesloten ruimtes. Met de zeer efficiënte generator kan zelfs intense geurverontreiniging snel en effectief worden geneutraliseerd. Het krachtige ozonapparaat gaat verschillende soorten luchtverontreiniging tegen, het reinigt bijvoorbeeld van allergenen, schadelijke schimmelsporen, onaangename geuren van dieren of sigaretten. Daarnaast is de generator ook geschikt voor commercieel gebruik zoals autowerkplaatsen, voor binnenlucht- en gebouwrenovaties, in afval- en sanitaire ruimtes of in de hotelbranche. Product hoogtepunten  Ozonproductie: 15.000 mg / uur Luchtcirculatie: 170 m³ / uur Geïntegreerd UV-licht Vermogen: 160 W. Timerfunctie tot 24 uur   De AIRCLEAN 15G maakt indruk met zijn efficiënte ozonproductie van 15.000 mg / uur. De constante ozonproductie wordt gegarandeerd door de in de generator geïntegreerde UV-lamp. De ingebouwde ventilator zorgt voor een gelijkmatige verdeling van de ozon in de kamer met een krachtige luchtcirculatie van 170 m³ / h. Het luchtfilter dat aan de achterkant van de behuizing is bevestigd, vormt een aanvulling op de hoogwaardige luchtcirculatie door bescherming te bieden tegen vervuiling van de technologie en de levensduur van de ozongenerator te ondersteunen. Het luchtfilter kan indien nodig eenvoudig en zonder gereedschap worden vervangen.
"
957,Stadler Form - Roger + Roger big - Prefilter - Zwart,Nieuw artikel,Stadler Form,,,,"22,90",,https://www.bol.com/nl/nl/p/stadler-form-roger-roger-big-prefilter-zwart/9300000036203832/,2,"
    Deze Prefilter voor de Roger Little filters hardnekkige verontreinigde stoffen zoals stofdeeltjes uit de lucht. De Prefilter beschermt ook de Dual Filter™ en verlengt de levensduur. Geïntergreerde antimicrobiologische bescherming is gegarandeerd voor op z'n minst 20 wasbeurten. Voor de Roger big zijn twee prefilters nodig.
  "
958,Anti-vochtigheid Massó Secadry Kledinghanger 400 gr,,MASSO,,,,"21,18",,https://www.bol.com/nl/nl/p/anti-vochtigheid-masso-secadry-kledinghanger-400-gr/9300000139044208/,0,"
    Als u graag voor elk detail van uw huis zorgt en op de hoogte bent van producten die uw leven aangenamer maken, koopt dan Anti-vochtigheid Massó Secadry Kledinghanger 400 gr voor de beste prijs.   Vermogen: 400 gr Aanbevolen gebruik: Kast Eigenschappen: Vochtregelaar Aroma: Lavendel Soort:  Anti-vochtigheid Kledinghanger  
"
959,Patentverloopnippel 1/2bu-3/8bu(2),,Ironside,,,,"9,-",,https://www.bol.com/nl/nl/p/patentverloopnippel-1-2bu-3-8bu/9300000143018502/,2,"
    Staal vernikkeld. Geschikt voor luchtkoppelingen.
  "
960,Medisana Aroma 10 ml wilde bessen,,Medisana,,,,"14,50",Op voorraad,https://www.bol.com/nl/nl/p/medisana-aroma-10-ml-wilde-bessen/9200000053022689/,3,"
    Medisana geurolie met wilde bessengeur (10ml) is geschikt voor aroma diffusers en luchtbevochtigers.Kijk  hier  voor alle informatie over Medisana.
  "
961,Sygonix SY-4996234 Reserve UV-lamp,,Sygonix,,,,"13,44",,https://www.bol.com/nl/nl/p/sygonix-sy-4996234-reserve-uv-lamp/9300000156440201/,3,"
Sygonix SY-4996234 Reserve UV-lamp  UVC-reservelamp voor luchtreiniger (2452220) De teksten voor dit artikel zijn automatisch vertaald. Technische spec.: Duurzaamheid / milieuvriendelijkheid: Plasticvrije verpakking · Vermogen: 3 W   Features      Highlights  UVC-reservelamp voor Sygonix VK-6082AUV UV-C-luchtreiniger    Leveromvang  null 
"
962,Stadler Form - Roger little - H12 Filter,,Stadler Form,Stadler Form Roger,,,"49,-",,https://www.bol.com/nl/nl/p/stadler-form-roger-little-h12-filter/9200000095851730/,2,"
    De Dual Filter™ is een combinatie van een H14 HEPA filter en een actieve koolstoffilter. De HEPA H14 filter filtert virussen, bacteriën, fijnstof en pollen uit de lucht. De actieve koolstoffilter absorbeert gassen. Vergeleken met de H12 HEPA filter filtert de H14 HEPA filter meer deeltjes uit lucht. De Dual Filter™ moet elke 8-12 maanden vervangen worden. Voor de Roger Big zijn twee Dual Filters™ nodig
  "
963,Covie - Wit - Desktop verwarming - Slaapkamer verwarming - Heater - Warme lucht - Kamerverwarmer - 220V,,Covie,,,,"59,95",,https://www.bol.com/nl/nl/p/covie-wit-desktop-verwarming-slaapkamer-verwarming-heater-warme-lucht-kamerverwarmer-220v/9300000168731032/,6,"
    Productbeschrijving  Kenmerken:   1. snelle verwarming: het warmt snel op bij het openen.   2. hoge thermische efficiëntie: dubbelzijdige luchtinlaat, versnellen warmte conversie; Cycle verwarming, genieten van het hele huis.   3. intelligent: Intelligente constante temperatuur zonder te drogen.   4. vermenselijkt ontwerp: Anti verbranding ontwerp, zorgzaam en zorgzaam.   5. veiligheid: bescherming tegen oververhitting, veilig en geruststellend.     Specificaties:   Nominaal vermogen: 500   Verwarmingsmethode: elektrische verwarmingsdraad   Timing functie: Geen timing   Artikelnummer: N7   Operatiemodus: mechanisch   Nominale spanning: 220   Type verwarmingstoestel: verwarming   Toepasselijk gebied: 11 Bruys (inbegrepen) -20 (inbegrepen)   Certificatie type: 26639742197   Shell-proces: PP + vlamvertragend materiaal   Lawaai: onder 36dB (met inbegrip van)   Extra functie: Vlamvertragend   Vermogen: 500W   Functie: Verwarming  WAT ZIJN DE GROOTSTE VOORDELEN VAN ELEKTRISCH VERWARMEN?  Elektrisch verwarmen brengt verschillende voordelen met zich mee, zoals;   Elektrische verwarming kan gemakkelijk in elke kamer apart ingesteld worden, zodat we bepaalde zones kunnen verwarmen, terwijl we de ongebruikte ruimtes niet nodeloos opwarmen. Wanneer we de installatiekosten van een centraal verwarmingssysteem op gas of olie vergelijken met de installatiekosten van elektrische verwarming, blijkt het laatste veel Daarbij komt nog dat de effectieve installatie van een gas- of oliesysteem veel complexer is, wanneer men het in een afgewerkte woning wil plaatsen. Het falen van één verwarmingselement zal niet leiden tot een totale storing van het systeem. De meeste elektrisch verwarmde huizen rekenen n.l. op zelfstandig opererende units, dus je zit nooit in de kou! Een elektrische verwarming verwarmt een ruimte doorgaans sneller op dan een verwarmingstoestel op aardgas. Een elektrische verwarming heeft een ingebouwde weerstand die de vloeistof in de radiator snel opwarmt. Ook bij het uitzetten van de elektrisch verwarming koelt de ruimte sneller af. Je hebt dus veel meer controle over de temperatuur van de radiator. Ideaal voor die lange, koude winteravonden! Een ander voordeel is de minimale plek dat een elektrische radiator opneemt. Grote boilers nemen erg veel ruimte in beslag. Voor mensen met een klein huis of appartementen, betekent dat de installatie ervan soms niet mogelijk is. Met een elektrische verwarming heb je dit probleem niet. Elektrische radiatoren zijn veilig – wanneer je elektrische radiatoren plaatst, loop je nooit het risico op een CO-vergiftiging. Het verwarmingselement van de elektrische verwarming is 100% veilig, omdat er geen gas aan te pas komt. Elektrische radiatoren kunnen worden geïnstalleerd zonder al te veel breek– of hakwerk – en /of grote aanpassingen uit te voeren. Je kunt ze gewoon aan de muur ophangen en zo kun je meteen genieten van de hoge warmteafgifte. Elektrisch verwarmen is voordeling mits je een slimme radiator koopt en/of je gebruikt maakt van zonne-energie d.m.v zonnepanelen op het dak. 
"
964,Covie - Geel - Desktop verwarming - Slaapkamer verwarming - Heater - Warme lucht - Kamerverwarmer - 220V,,Covie,,,,"59,95",,https://www.bol.com/nl/nl/p/covie-geel-desktop-verwarming-slaapkamer-verwarming-heater-warme-lucht-kamerverwarmer-220v/9300000168731094/,6,"
    Productbeschrijving  Kenmerken:   1. snelle verwarming: het warmt snel op bij het openen.   2. hoge thermische efficiëntie: dubbelzijdige luchtinlaat, versnellen warmte conversie; Cycle verwarming, genieten van het hele huis.   3. intelligent: Intelligente constante temperatuur zonder te drogen.   4. vermenselijkt ontwerp: Anti verbranding ontwerp, zorgzaam en zorgzaam.   5. veiligheid: bescherming tegen oververhitting, veilig en geruststellend.     Specificaties:   Nominaal vermogen: 500   Verwarmingsmethode: elektrische verwarmingsdraad   Timing functie: Geen timing   Artikelnummer: N7   Operatiemodus: mechanisch   Nominale spanning: 220   Type verwarmingstoestel: verwarming   Toepasselijk gebied: 11 Bruys (inbegrepen) -20 (inbegrepen)   Certificatie type: 26639742197   Shell-proces: PP + vlamvertragend materiaal   Lawaai: onder 36dB (met inbegrip van)   Extra functie: Vlamvertragend   Vermogen: 500W   Functie: Verwarming  WAT ZIJN DE GROOTSTE VOORDELEN VAN ELEKTRISCH VERWARMEN?  Elektrisch verwarmen brengt verschillende voordelen met zich mee, zoals;   Elektrische verwarming kan gemakkelijk in elke kamer apart ingesteld worden, zodat we bepaalde zones kunnen verwarmen, terwijl we de ongebruikte ruimtes niet nodeloos opwarmen. Wanneer we de installatiekosten van een centraal verwarmingssysteem op gas of olie vergelijken met de installatiekosten van elektrische verwarming, blijkt het laatste veel Daarbij komt nog dat de effectieve installatie van een gas- of oliesysteem veel complexer is, wanneer men het in een afgewerkte woning wil plaatsen. Het falen van één verwarmingselement zal niet leiden tot een totale storing van het systeem. De meeste elektrisch verwarmde huizen rekenen n.l. op zelfstandig opererende units, dus je zit nooit in de kou! Een elektrische verwarming verwarmt een ruimte doorgaans sneller op dan een verwarmingstoestel op aardgas. Een elektrische verwarming heeft een ingebouwde weerstand die de vloeistof in de radiator snel opwarmt. Ook bij het uitzetten van de elektrisch verwarming koelt de ruimte sneller af. Je hebt dus veel meer controle over de temperatuur van de radiator. Ideaal voor die lange, koude winteravonden! Een ander voordeel is de minimale plek dat een elektrische radiator opneemt. Grote boilers nemen erg veel ruimte in beslag. Voor mensen met een klein huis of appartementen, betekent dat de installatie ervan soms niet mogelijk is. Met een elektrische verwarming heb je dit probleem niet. Elektrische radiatoren zijn veilig – wanneer je elektrische radiatoren plaatst, loop je nooit het risico op een CO-vergiftiging. Het verwarmingselement van de elektrische verwarming is 100% veilig, omdat er geen gas aan te pas komt. Elektrische radiatoren kunnen worden geïnstalleerd zonder al te veel breek– of hakwerk – en /of grote aanpassingen uit te voeren. Je kunt ze gewoon aan de muur ophangen en zo kun je meteen genieten van de hoge warmteafgifte. Elektrisch verwarmen is voordeling mits je een slimme radiator koopt en/of je gebruikt maakt van zonne-energie d.m.v zonnepanelen op het dak. 
"
965,Ulsonix Ultrasoon reiniger - 3 liter - 80 W - Memory Quick Eco,,Ulsonix,,,,"179,-",,https://www.bol.com/nl/nl/p/ulsonix-ultrasoon-reiniger-3-liter-80-w-memory-quick-eco/9300000027658405/,15,"
Ultrasoon reiniger - 3 liter - 80 W - Memory Quick Eco De ultrasoon reiniger PROCLEAN 3.0 Eco werkt met twee modulators en bereikt daarmee een ultrasoon vermogen van 80 watt. Dit zorgt voor een gelijkmatige, krachtige verspreiding van het ultrasoon geluid met uitstekende reinigingsresultaten. Het verwarmingsvermogen bedraagt een sterke 155 watt. In de grote ultrasone reinigingstank met een capaciteit van drie liter, kan water of reinigingsvloeistof worden gebruikt. Product hoogtepunten  Memory Quick Eco Capaciteit: 3 L Ultrasoon vermogen: 80 W Ultrasone frequentie: 40 kHz Timer: 0 - 60 min   De Eco-serie werd specifiek ontworpen en gebouwd vanuit een economisch oogpunt. Ondanks het hoge vermogen, besparen deze ultrasoon reinigers energie en verminderen ze slijtage, wat bijdraagt tot een lange levensduur. Hierdoor kunnen de bedrijfskosten voor het ultrasoon reinigen worden verminderd, met name bij professioneel gebruik. Met de Memory Quick functie wordt het werken met de ultrasoon reiniger eenvoudiger omdat u het reinigingsproces op elk moment kunt onderbreken of kunt terugvallen op vooraf ingestelde tijden. In het geval van een onderbreking, kunt u het reinigingsproces controleren of de gereinigde delen vervangen. Daarna wordt het reinigen eenvoudig en naadloos voortgezet. Na het voltooien van een reinigingsproces, kan de Memory Quick toets worden gebruikt om de laatste instelling op te roepen en te starten. Een nieuwe tijdinstelling is niet nodig.
"
966,Blaupunkt Uvirus Reservefilter,,Blaupunkt,,,,"28,49",,https://www.bol.com/nl/nl/p/blaupunkt-uvirus-reservefilter/9300000036511067/,6,"
Blaupunkt Uvirus Reservefilter  Blaupunkt - voorfilter voor luchtreiniger UVirus De teksten voor dit artikel zijn automatisch vertaald.   Features      Highlights      Leveromvang  Voorfilter    Opmerking  Afb. gelijkend Illustration similar. 
"
967,Stadler Form - Roger + Roger big - H14 Filter,,Stadler Form,,,,"79,-",,https://www.bol.com/nl/nl/p/stadler-form-roger-roger-big-h14-filter/9300000036203830/,2,"
    De Dual Filter™ is een combinatie van een H14 HEPA filter en een actieve koolstoffilter. De HEPA H14 filter filtert virussen, bacteriën, fijnstof en pollen uit de lucht. De actieve koolstoffilter absorbeert gassen. Vergeleken met de H12 HEPA filter filtert de H14 HEPA filter meer deeltjes uit lucht. De Dual Filter™ moet elke 8-12 maanden vervangen worden. Voor de Roger Big zijn twee Dual Filters™ nodig
  "
968,Digitale Thermo en Hygrometer - TH103,,ABC-Led,,,,"16,95",Op voorraad,https://www.bol.com/nl/nl/p/digitale-thermo-en-hygrometer-th103/9200000115125627/,2,"
Digitale Thermo en Hygrometer - TH103
 
Gelijktijdige weergave van de lucht vochtigheid en temperatuur
 Onze Digitale Thermometer en Hygrometer meet de luchtvochtigheid en de temperatuur.De meter werkt uitstekend binnen, maar ook buitens huis. 
 De meter weergeeft de hoogst en laagst gemeten temperatuur van de dag.En daarnaast weergeeft de digitale meter de luchtvochtigheidswaarde die gedurende dag zijn opgenomen 
 Daarnaast krijgt u een blij gezichtje te zien wanneer alle waarden prima in orde zijn. 
Specificaties

Digitaal
Thermo meter
Hygrometer
Voeding: 1x knoopcel AG13/LR44

"
969,Ulsonix Ultrasoon reiniger - 2 liter - 60 W - Memory Quick Eco,,Ulsonix,,,,"119,-",,https://www.bol.com/nl/nl/p/ulsonix-ultrasoon-reiniger-2-liter-60-w-memory-quick-eco/9300000029040240/,10,"
Ultrasoon reiniger - 2 liter - 60 W - Memory Quick Eco De ultrasoon reiniger PROCLEAN 2.0 Eco werkt met een modulator en bereikt daarmee een ultrasoon vermogen van 60 watt. Dit zorgt voor een gelijkmatige, krachtige verspreiding van het ultrasoon geluid met uitstekende reinigingsresultaten. Het verwarmingsvermogen bedraagt een sterke 50 watt. In de grote ultrasone reinigingstank met een capaciteit van twee liter, kan water of reinigingsvloeistof worden gebruikt. Product hoogtepunten  Memory Quick Eco Capaciteit: 2 L Ultrasoon vermogen: 60 W Ultrasone frequentie: 40 kHz Timer: 0 - 60 min   De Eco-serie werd specifiek ontworpen en gebouwd vanuit een economisch oogpunt. Ondanks het hoge vermogen, besparen deze ultrasoon reinigers energie en verminderen ze slijtage, wat bijdraagt tot een lange levensduur. Hierdoor kunnen de bedrijfskosten voor het ultrasoon reinigen worden verminderd, met name bij professioneel gebruik. Met de Memory Quick functie wordt het werken met de ultrasoon reiniger eenvoudiger, omdat u het reinigingsproces op elk moment kunt onderbreken of kunt terugvallen op vooraf ingestelde tijden. In het geval van een onderbreking, kunt u het reinigingsproces controleren of de gereinigde delen vervangen. Daarna wordt het reinigen eenvoudig en naadloos voortgezet. Na het voltooien van een reinigingsproces, kan de Memory Quick toets worden gebruikt om de laatste instelling op te roepen en te starten. Een nieuwe tijdinstelling is niet nodig.
"
970,Ecovacs Airbot Z1 - Lucht Kwaliteitsmonitor,,Ecovacs,,,,"99,-",,https://www.bol.com/nl/nl/p/ecovacs-airbot-z1-lucht-kwaliteitsmonitor/9300000140107551/,0,"
 De Ecovacs Airbot Z1 Luchtkwaliteitsmonitor is een innovatief apparaat dat ontworpen is om de luchtkwaliteit in uw huis te meten en te monitoren. Het is een compact en draagbaar apparaat dat gemakkelijk kan worden geïnstalleerd en gebruikt. De monitor is specifiek ontworpen om een oppervlakte van 50m² te meten en kan maximaal uitgebreid worden tot 5 stuks voor een grotere oppervlakte.   De monitor meet de concentratie van stof, pollen, rook, koolmonoxide en stikstofdioxide in de lucht en geeft de resultaten weer via een helder OLED-scherm. Het heeft ook een alarmfunctie die waarschuwt voor hoge concentraties van deze stoffen in de lucht.   Met de Ecovacs Airbot Z1 Luchtkwaliteitsmonitor kunt u gemakkelijk de luchtkwaliteit in uw huis volgen en eventuele problemen snel identificeren en oplossen. Het helpt u bij het creëren van een gezonde en comfortabele leefomgeving voor u en uw gezin.   In samenvatting de Ecovacs Airbot Z1 Luchtkwaliteitsmonitor is een efficiënt en gemakkelijk te gebruiken apparaat dat helpt bij het volgen en verbeteren van de luchtkwaliteit in uw huis. Elk apparaat is ontworpen om 50m² te meten en kan maximaal uitgebreid worden tot 5 stuks voor grotere oppervlakten. 
"
971,Ulsonix Ultrasone reiniger - 2 liter - Snel geheugen,,Ulsonix,,,,"119,-",,https://www.bol.com/nl/nl/p/ulsonix-ultrasone-reiniger-2-liter-snel-geheugen/9300000027236084/,13,"
Ultrasone reiniger - 2 liter - Snel geheugen De Ultrasonic Cleaner PROCLEAN 2.0 van Ulsonix is ​​onmisbaar. Hij is onmisbaar voor elke plaats waar zeer gevoelige instrumenten, filigraangereedschap of mechanische of elektronische onderdelen grondig moeten worden gereinigd van vuil. Of het nu in medische praktijken, laboratoria evenals in tattoo-studio's, voor juweliers, horlogemakers en opticiens is of bij u thuis, het reinigt betrouwbaar sieraden, edelstenen, munten, bestek, zonnebrillen en brillen. Product hoogtepunten  Geheugen snel Capaciteit: 2L Ultrasone kracht: 60 W Geluidsfrequentie: 40 kHz Timer: 0 - 60 minuten   De Memory Quick-functie vereenvoudigt de werking van de ultrasone reiniger, omdat u het reinigingsproces op elk gewenst moment kunt onderbreken of vooraf ingestelde tijden kunt gebruiken. In geval van een onderbreking kunt u het reinigingsproces controleren of de gereinigde onderdelen vervangen. Het reinigen gaat dan gewoon door. Na het voltooien van een reinigingsproces kan de Memory Quick-toets de laatste tijdinstelling oproepen en starten. U hoeft de tijd niet opnieuw in te stellen. Met het overzichtelijke digitale bedieningspaneel kan de reinigingstijd tussen 0 en 60 minuten naadloos worden aangepast. Het verwarmingsvermogen van deze ultrasone reiniger kan worden geregeld van 0 tot 80 ° C voor een nauwkeurige coördinatie van het reinigingsproces.
"
972,Ulsonix Ultrasoon reiniger - 30 l - 600 Watt,,Ulsonix,,,,"419,-",,https://www.bol.com/nl/nl/p/ulsonix-ultrasoon-reiniger-30-l-600-watt/9300000027476457/,11,"
Ultrasoon reiniger van Ulsonix Ultrasoon reiniger is een onmisbaar hulpmiddel bij het reinigen van diverse gereedschappen en onderdelen. Cavitatie – een proces waarbij door middel van ultrasone geluidsgolven kleine vacuümbelletjes ontstaan die op de oppervlakte van ondergedompelde stukken imploderen – verwijdert verontreinigingen van oliën en smeermiddelen. Het product is een ideale oplossing voor de automobielindustrie, garages, laboratoria en tandartspraktijken omdat het voorwerpen contactloos en veilig reinigt. De Proclean 30.0S ultrasoon reiniger is niet geschikt voor het reinigen van aluminium onderdelen. Product hoogtepunten  Praktisch – degas-functie Efficiënt – de ultrasoon generator van 600 Watt en een dompelverwarmer van 500 Watt Makkelijk te bedienen – bedieningspaneel met knoppen en een LCD-beeldscherm Ruim – reservoir van 30 l Robuuste constructie – in roestvrij staal uitgevoerd   De capaciteit van 30 l en een duidelijk bedieningspaneel met een LED-beeldscherm zorgen ervoor dat het product zeer praktisch is. Het apparaat beschikt over een aantal extra functionaliteiten zoals de timer-functie die gebruikt kan worden om de reinigingstijd in te stellen (binnen een bereik van 0-99 minuten; een cyclus duurt max. 1 uur) of de afvoerklep om het reservoir makkelijk leeg te maken. Dankzij zijn ergonomisch design en de uitvoering in het robuuste roestvrij staal, is de PROCLEAN 3.2S ultrasoon reiniger goed geschikt voor langdurig gebruik en kan ook in heel kleine ruimtes worden ingezet. Met de twee handvatten is het apparaat makkelijk te transporteren en de rubberen poten zorgen ervoor dat de ultrasoon reiniger niet glijdt en beschermen de oppervlakte waarop de machine staat tegen krassen. Het deksel helpt de reinigingstemperatuur te behouden en beschermt de binnenruimte tegen vuil en andere externe factoren.
"
973,Ulsonix Ultrasoon reiniger - 3.2 l - 120 Watt - degas-functie,,Ulsonix,,,,"169,-",,https://www.bol.com/nl/nl/p/ulsonix-ultrasoon-reiniger-3-2-l-120-watt-degas-functie/9300000029040304/,8,"
Ultrasoon reiniger 3,2 l Ultrasoon reiniger van de Duitse producent Ulsonix is een goede oplossing voor autoreparatiebedrijven waar motor onderdelen nauwkeurig en professioneel gereinigd moeten worden. Het apparaat kan gebruikt worden om diverse onderdelen die geen elektrische aansluitingen hebben te reinigen, bijv. zuigers, cilinderkoppen of kleppen. Een cavitatieproces die in deze ultrasoon reiniger plaatsvindt, ontvet en verwijderd vervuiling van moeilijk te bereiken plekken. Product hoogtepunten  Degas-functie Vermogen van 120 Watt LCD-beeldscherm 3,2 l Roestvrij staal   Dankzij het totaalvermogen van 120 Watt en frequentie van 40 kHz is het apparaat ontzettend efficiënt. Deze eigenschappen en een dompelverwarmer van 100 Watt die de reinigingsmiddel tot maximaal 80°C verwarmt, zorgen ervoor dat de ultrasoon reiniger zeer goed en nauwkeurig reinigt. Reservoir van 3,2 l is zeer ruim. Bovendien kan men door middel van de degas-functie de reiniger ontgassen en daardoor zijn efficiëntie nog verbeteren. Makkelijke bediening komt op het instellen van de tijd (0-60 minuten) en de temperatuur (max. 80°C) neer. Het apparaat wordt met behulp van de knoppen en het LED-beeldscherm bediend. Dankzij zijn ergonomisch design, kan de PROCLEAN 3.2S ultrasoon reiniger ook in heel kleine ruimtes gebruikt worden. Reinigen in ultrasoon reiniger is veilig omdat het volledig contactloos is.
"
974,Ulsonix Ultrasoon reiniger – 0.7 liter - Memory Quick,,Ulsonix,,,,"149,-",,https://www.bol.com/nl/nl/p/ulsonix-ultrasoon-reiniger-0-7-liter-memory-quick/9300000029040488/,17,"
Ultrasoon reiniger – 0,7 liter - Memory Quick De professionele ultrasoon reiniger Proclean 0.7 van Ulsonix is ​​ontworpen voor professioneel gebruik en onderscheidt zich door zijn hoge reinigingsfrequentie. Deze frequentie zorgt ervoor dat geluidsgolven zich door het water met reinigingsmiddel bewegen. Hierdoor kunnen zelfs de kleinste vuildeeltjes worden verwijderd. Product hoogtepunten  MEMORY QUICK Capaciteit: 0,7 liter Ultrasoon vermogen: 60 watt Geluidsfrequentie: 50 kHz Timer: 0 - 60 min   De deksel is gemaakt van roestvrij staal en vermindert zodoende ruis. Daarnaast zorgt de deksel ervoor dat de reinigingsvloeistof versneld opwarmt. Het reservoir is ook vervaardigd uit RVS en beschikt over een 2/3-markeringslijn. Hierdoor is de hoeveelheid vloeistof in de tank makkelijk te bepalen. In de meegeleverde mand kunnen de te reinigen producten worden geplaatst. Via het controlepaneel kunnen de temperatuur en timer worden ingesteld. Deze informeert je over de resterende reinigingstijd, het actieve ultrasoon reinigen en de opwarmtijd. De ultrasoon reiniger heeft een start/pauze-knop met geheugenfunctie. De actuele temperatuur en de wenstemperatuur worden in graden Celsius aangegeven. Zo is de temperatuur van de reinigingsvloeistof altijd in een oogopslag te zien. Het krachtige verwarmingselement bevindt zich aan de achterzijde van de machine. Uiteraard is de reiniger te allen tijde te gebruiken met en zonder deksel. Het tijdloze design past in iedere omgeving. Het apparaat is op verschillende plekken inzetbaar en kan makkelijk worden meegenomen. Deze reiniger heeft een ingangsspanning van 230 V, levert 60 watt ultrasoon vermogen en onderscheidt zich door zijn robuuste constructie en hoge betrouwbaarheid. Hij is intuïtief en zeer eenvoudig te bedienen. Koop deze gunstige machine vandaag nog!
"
975,Combiconnect Flexibele Luchtslang Ø 127 mm 10 Meter,,Air Connections,,,,"28,95",Op voorraad,https://www.bol.com/nl/nl/p/combiconnect-flexibele-luchtslang-o-127-mm-10-meter/9300000076183853/,2,"
 Combiconnect bestaat uit een zwarte gewapende kunststof buitenlaag en aluminium aan de binnenzijde en is geschikt voor toepassingen in mechanische ventilatiesystemen, machine afzuigingen en andere 
"
976,Ulsonix Ultrasoon reiniger - 28 liter - 480 W - Memory Quick Eco,,Ulsonix,,,,"549,-",,https://www.bol.com/nl/nl/p/ulsonix-ultrasoon-reiniger-28-liter-480-w-memory-quick-eco/9300000027543698/,14,"
Ultrasoon reiniger - 28 liter - 480 W - Memory Quick Eco De ultrasoon reiniger PROCLEAN 28.0 Eco werkt met zes modulators en bereikt daarmee een ultrasoon vermogen van 480 watt. Dit zorgt voor een gelijkmatige, krachtige verspreiding van het ultrasoon geluid met uitstekende reinigingsresultaten. Het verwarmingsvermogen bedraagt een sterke 500 watt. In de grote ultrasone reinigingstank met een capaciteit van 28 liter, kan water of reinigingsvloeistof worden gebruikt. Product hoogtepunten  Memory Quick Eco Capaciteit: 28 L Ultrasoon vermogen: 480 W Ultrasone frequentie: 40 kHz Timer: 0 - 60 min   De Eco-serie werd specifiek ontworpen en gebouwd vanuit een economisch oogpunt. Ondanks het hoge vermogen, besparen deze ultrasoon reinigers energie en verminderen ze slijtage, wat bijdraagt tot een lange levensduur. Hierdoor kunnen de bedrijfskosten voor het ultrasoon reinigen worden verminderd, met name bij professioneel gebruik. Met de Memory Quick functie wordt het werken met de ultrasoon reiniger eenvoudiger omdat u het reinigingsproces op elk moment kunt onderbreken of kunt terugvallen op vooraf ingestelde tijden. In het geval van een onderbreking, kunt u het reinigingsproces controleren of de gereinigde delen vervangen. Daarna wordt het reinigen eenvoudig en naadloos voortgezet. Na het voltooien van een reinigingsproces, kan de Memory Quick toets worden gebruikt om de laatste instelling op te roepen en te starten. Een nieuwe tijdinstelling is niet nodig.
"
977,Ulsonix Ultrasoon reiniger - 3 liter - 80 W - Basic Eco,,Ulsonix,,,,"199,-",,https://www.bol.com/nl/nl/p/ulsonix-ultrasoon-reiniger-3-liter-80-w-basic-eco/9300000024165452/,17,"
Ultrasoon reiniger - 3 liter - 80 W - Basic Eco De kosteneffectieve ultrasoon reiniger PROCLEAN 3.0M ECO van Ulsonix wordt gebruikt voor de professionele reiniging in medische praktijken en ziekenhuizen, laboratoria, maar ook door tattoo-studio's, juweliers, horlogemakers en opticiens. Hij wordt met name gebruikt waar zeer gevoelige instrumenten, filigraangereedschappen of mechanische of elektronische onderdelen worden gebruikt, die grondig moeten worden gereinigd. Zelfs in de privésector wordt het energiebesparende ultrasoon reinigingsapparaat met een capaciteit van 3 liter bij voorkeur gebruikt voor het reinigen van sieraden, edelstenen, munten of glazen. Product hoogtepunten  Basic Eco Capaciteit: 3 L Ultrasoon vermogen: 80 W Ultrasone frequentie: 40 kHz Timer: 0 - 60 min / continu werking   De ultrasone reiniging verloopt zo zacht dat zelfs de meest hoogwaardige oppervlakken van de te reinigen voorwerpen niet worden beschadigd. Tijdens het proces worden verontreinigingen uit de voorwerpen verwijderd door middel van een wrijvingsloos ultrasoon geluid en water, evenals reinigingsvloeistof. Het opnieuw aankleven van de vuildeeltjes tijdens het reinigingsproces wordt bij deze methode uitgesloten. De te reinigen onderdelen worden, zelfs van de kleinste verontreinigingen, grondig gereinigd. Een modulator met een vermogen van 80 watt genereert een ultrasone frequentie van 40 kilohertz, die ook op moeilijk bereikbare plaatsen voorzichtig en effectief reinigt. Zelfs daar waar het menselijk oog geen vuil kan detecteren.
"
978,Ulsonix Ultrasoon reiniger - 28 liter - 480 W - Basic Eco,,Ulsonix,,,,"479,-",,https://www.bol.com/nl/nl/p/ulsonix-ultrasoon-reiniger-28-liter-480-w-basic-eco/9300000027952090/,17,"
Ultrasoon reiniger - 28 liter - 480 W - Basic Eco De kostenefficiënte ultrasoon reiniger PROCLEAN 28.0M ECO van Ulsonix wordt gebruikt voor de professionele schoonmaak in medische praktijken en ziekenhuizen, laboratoria, maar ook in tattoo-studio's, juweliers- en horlogezaken en bij optiekers. Dus met name op plekken waar zeer gevoelige instrumenten, filigraan-gereedschappen of mechanische en/of elektronische onderdelen moeten worden gereinigd. Ook in de privé sector wordt het energiebesparende 28-liter ultrasoon reinigingsapparaat bij voorkeur gebruikt voor het schoonmaken van sieraden, edelstenen, munten of brillen. Product hoogtepunten  Basic Eco Capaciteit: 28 l Ultrasoon vermogen: 480 W Geluidsfrequentie: 40 kHz Timer: 0 - 60 min / permanente werking   Di te reinigen onderdelen worden grondig vrijgemaakt van de kleinste vuilpartikels. Zes ultrasone signalen genereren een ultrasone frequentie van 40 kilohertz met een output van 480 watt, die ook de gebieden die moeilijk te bereiken zijn, zorgvuldig en effectief reinigt. En dat zelfs op plaatsen waar het menselijke oog geen vuilresten kan detecteren. D ultrasoon reiniger van de Eco-serie wordt gekenmerkt door een bijzonder energiebesparend ontwerp. Het verminderde energieverbruik, evenals de bijzonder langdurige componenten, zorgen voor een kosteneffectief en duurzaam gebruik van het apparaat.
"
979,TOOLCRAFT Reservefilter,,TOOLCRAFT,,,,"14,49",,https://www.bol.com/nl/nl/p/toolcraft-reservefilter/9300000119903835/,3,"
TOOLCRAFT Reservefilter  Het vervangende sponsfilter voor nat- en droogzuiger nr. 2481578   Features      Highlights  Filter kan worden gereinigd    Leveromvang  Schuimstof filter 
"
980,ulsonix Ultrasoon reiniger - 2 liter - ontgassen - vegen,,Ulsonix,,,,"159,-",,https://www.bol.com/nl/nl/p/ulsonix-ultrasoon-reiniger-2-liter-ontgassen-vegen/9300000027952118/,13,"
Ultrasoon reiniger - 2 liter - ontgassen - vegen Elke plaats waar zeer gevoelige instrumenten, filigraangereedschap of mechanische of elektronische onderdelen grondig moeten worden gereinigd van vuil, de Ultrasonic Cleaner PROCLEAN 2.0 van Ulsonix is ​​onmisbaar. Of het nu in medische praktijken, laboratoria evenals in tattoo-studio's, voor juweliers, horlogemakers en opticiens, of bij u thuis, het reinigt betrouwbaar sieraden, edelstenen, munten, bestek, zonnebrillen en brillen. Product hoogtepunten  Degas / Sweep / Geheugen Snel Capaciteit: 2/L Ultrasone kracht: Max. 80 W Geluidsfrequentie: 37 kHz Timer: 0 - 30 minuten   De ultrasone reiniger heeft 1 geluidsgenerators en bereikt een ultrasoon vermogen van 80 watt. Dit zorgt voor een gelijkmatige, krachtige verdeling van de geluidsgolven  met uitstekende reinigingsresultaten. Het apparaat heeft een sterk verwarmingsvermogen van 60 watt. De ultrasone reinigingscontainer heeft een inhoud van 2 liter. U kunt water of reinigingsvloeistof gebruiken. Met de extra ontgassings- en veegfuncties zorgt u voor eersteklas resultaten door de reinigingsprocessen van de ultrasone reiniger individueel in te stellen. De functie ontgassen verwijdert gassen die in de reinigingsoplossing zijn gebonden, waardoor het reinigende effect van de ultrasone reiniger kan worden beperkt. De sweep-functie zorgt voor een effectievere verdeling van de ultrasone frequentie en het reinigende effect kan dienovereenkomstig worden verhoogd.
"
981,Ulsonix Ultrasoon reiniger - 6.5 l - 180 Watt,,Ulsonix,,,,"219,-",,https://www.bol.com/nl/nl/p/ulsonix-ultrasoon-reiniger-6-5-l-180-watt/9300000029040307/,11,"
Ultrasoon reiniger 6,5 l Ultrasoon reiniger van de Duitse producent Ulsonix is een goede oplossing voor autoreparatiebedrijven waar motoronderdelen nauwkeurig en professioneel gereinigd moeten worden. Het apparaat kan gebruikt worden om diverse onderdelen die geen elektrische aansluitingen hebben te reinigen, bijv. zuigers, cilinderkoppen of kleppen. Het cavitatieproces dat in deze ultrasoon reiniger plaatsvindt, ontvet en verwijderd vervuiling van moeilijk te bereiken plekken. Product hoogtepunten  Efficiëntie – 3 ultrasoon generatoren van 3 x 60 Watt Vermogen – dompelverwarmer van 300 Watt Capaciteit – reservoir van 6,5 l Bestendigheid – in roestvrij staal uitgevoerd Makkelijke bediening – de timer-functie en de mogelijkheid om de temperatuur in te stellen   Makkelijke bediening komt op het instellen van de tijd (0-60 minuten) en de temperatuur (max. 80°C) met behulp van de draaiknoppen neer. Dankzij zijn ergonomisch design, kan de PROCLEAN 6.5MS ultrasoon reiniger ook in heel kleine ruimtes gebruikt worden. Reinigen in ultrasoon reiniger is veilig omdat het volledig contactloos is (met aluminium als uitzondering). Bijzondere bestendigheid van het product van Ulsonix is aan het stevige roestvrij staal te danken waarin de behuizing en de belangrijkste onderdelen van de machine – reservoir, korf en deksel – uitgevoerd zijn. Rubberen poten waarmee de reiniger uitgerust is zorgen ervoor dat de machine niet glijdt, reduceren de trillingen en beschermen de oppervlakte waarop de machine staat tegen krassen. Dankzij de afvoerklep kan het reservoir makkelijk leeg worden gemaakt en de praktische handgrepen zorgen ervoor dat het verplaatsen en transporteren van het product heel makkelijk is.
"
982,ulsonix Ultrasoon reiniger - 15 l - 360 Watt,,Ulsonix,,,,"419,-",,https://www.bol.com/nl/nl/p/ulsonix-ultrasoon-reiniger-15-l-360-watt/9300000027236289/,12,"
Ultrasoon reiniger 15 l Ultrasoon reiniger van de Duitse producent Ulsonix is ideaal geschikt voor medische praktijken, laboratoria, antiekwinkels en reparatiebedrijven omdat hij gereedschappen en mechanische onderdelen uitstekend kan reinigen zonder ze te beschadigen. Een cavitatieproces die in deze ultrasoon reiniger plaatsvindt, ontvet en verwijderd vervuiling van moeilijk te bereiken plekken. Product hoogtepunten  Sterke ultrasoon generator – 6 transducers van een totaalvermogen van 360 Watt en frequentie van 40 kHz Efficiëntie – een dompelverwarmer van 470 Watt warmt het reinigingsmiddel tot 80°C Grote capaciteit – reservoir van 15 l Bestendige constructie – in RVS uitgevoerd Timer om de reinigingstijd in te stellen binnen een bereik van 0-60 minuten en mogelijkheid om de reinigingstijd continu in te stellen   Makkelijke bediening komt op het instellen van de tijd (0-60 minuten) en de temperatuur (max. 80°C) met behulp van de draaiknoppen neer. Daarnaast beschikt de ultrasoon reiniger over de mogelijkheid om de reinigingstijd continu in te stellen zodat het product zonder onderbrekingen gebruikt kan worden. Door dit soort werking kunnen vooral zwaar vervuilde onderdelen of meerdere voorwerpen worden behandeld Bijzondere bestendigheid van het product van Ulsonix is aan de stevige roestvrij staal te danken waarin de behuizing en de belangrijkste onderdelen van de machine – reservoir, korf en deksel – uitgevoerd zijn. Rubberen poten waar de reiniger van voorzien is zorgen ervoor dat de machine niet glijdt, reduceren de trillingen en beschermen de oppervlakte waarop de machine staat tegen krassen. Dankzij de afvoerklep kan het reservoir makkelijk leeg worden gemaakt en de praktische handgrepen zorgen ervoor dat het verplaatsen en transporteren van het product heel makkelijk is.
"
983,Ulsonix Ultrasoon reiniger - 10 l - 240 Watt,,Ulsonix,,,,"329,-",,https://www.bol.com/nl/nl/p/ulsonix-ultrasoon-reiniger-10-l-240-watt/9300000029040332/,11,"
Ultrasoon reiniger van Ulsonix Ultrasoon reiniger is een onmisbaar hulpmiddel bij het reinigen van diverse gereedschappen en onderdelen die geen elektrische aansluitingen hebben. Cavitatie – een proces waarbij door middel van ultrasone geluidsgolven kleine vacuümbelletjes ontstaan die op de oppervlakte van ondergedompelde stukken imploderen – verwijdert verontreinigingen van oliën en smeermiddelen. Het apparaat is professioneel inzetbaar is de auto-industrie en kan gebruikt worden om zuigers, cilinderkoppen, kleppen, motorblokken en dergelijke te reinigen. De Proclean 10.0S ultrasoon reiniger is niet geschikt voor het reinigen van aluminium onderdelen. Product hoogtepunten  Ontgassen Vier ultrasoon generatoren van 240 Watt LCD-beeldscherm Capaciteit van 10 l Roestvrij staal   Het is mogelijk om het apparaat door middel van de degas-functie te ontgassen waardoor de reiniging nog efficiënter wordt. Als men deze functie voor een momentje inschakelt, worden gassen die een negatieve werking op het reinigingsresultaat hebben uit de reinigingsvloeistof verwijderd. Als resultaat wordt het cavitatieproces efficiënter. Vier ultrasoon generatoren beschikken over het totaalvermogen van 240 Watt en frequentie van 40 kHz. Dankzij de dompelverwarmer van 300 Watt kan de temperatuur van 80°C worden bereikt. De capaciteit van 10 l en een duidelijk bedieningspaneel met een LCD-beeldscherm zorgen ervoor dat het product zeer praktisch is. Daarnaast is de reiniger van een timer-functie voorzien die gebruikt kan worden om de reinigingstijd in te stellen (binnen een bereik van 0-99 minuten; een cyclus duurt max. 1 uur). Het reservoir van het apparaat kan makkelijk door middel van een afvoerklep leeg gemaakt worden.
"
984,ulsonix Ultrasoon reiniger - 15 l - ECO,,Ulsonix,,,,"379,-",,https://www.bol.com/nl/nl/p/ulsonix-ultrasoon-reiniger-15-l-eco/9300000028454790/,12,"
Ultrasoon reiniger 15 l Ultrasoon reiniger van de Duitse producent Ulsonix is ideaal geschikt voor medische praktijken, laboratoria, antiekwinkels en reparatiebedrijven omdat hij gereedschappen en mechanische onderdelen uitstekend kan reinigen zonder ze te beschadigen. Een cavitatieproces die in deze ultrasoon reiniger plaatsvindt, ontvet en verwijderd vervuiling van moeilijk te bereiken plekken. Product hoogtepunten  ECO serie – energiebesparend ontwerp Sterke ultrasoon generator – 4 transducers van een totaalvermogen van 240 Watt en frequentie van 40 kHz Efficiëntie – een dompelverwarmer van 470 Watt warmt het reinigingsmiddel tot 80°C Grote capaciteit – reservoir van 15 l Bestendige constructie – in RVS uitgevoerd   Makkelijke bediening komt op het instellen van de tijd (0-60 minuten) en de temperatuur (max. 80°C) met behulp van de draaiknoppen neer. Daarnaast beschikt de ultrasoon reiniger over de mogelijkheid om de reinigingstijd continu in te stellen zodat het product zonder onderbrekingen gebruikt kan worden. Door dit soort werking kunnen vooral zwaar vervuilde onderdelen of meerdere voorwerpen worden behandeld Het product is energie-efficiënt en economisch (reiniger van ECO serie). Bijzondere bestendigheid van het product van Ulsonix is aan de stevige roestvrij staal te danken waarin de behuizing en de belangrijkste onderdelen van de machine – reservoir, korf en deksel – uitgevoerd zijn. Rubberen poten waar de reiniger van voorzien is zorgen ervoor dat de machine niet glijdt, reduceren de trillingen en beschermen de oppervlakte waarop de machine staat tegen krassen. Dankzij de afvoerklep kan het reservoir makkelijk leeg worden gemaakt en de praktische handgrepen zorgen ervoor dat het verplaatsen en transporteren van het product heel makkelijk is.
"
985,Ulsonix Ultrasoon reiniger - 30 l - 600 Watt,,Ulsonix,,,,"549,-",,https://www.bol.com/nl/nl/p/ulsonix-ultrasoon-reiniger-30-l-600-watt/9300000027476472/,11,"
Ultrasoon reiniger 30 l Ultrasoon reiniger van de Duitse producent Ulsonix is een goede oplossing voor autoreparatiebedrijven waar motoronderdelen nauwkeurig en professioneel gereinigd moeten worden. Het apparaat kan gebruikt worden om diverse onderdelen die geen elektrische aansluitingen hebben te reinigen, bijv. zuigers, cilinderkoppen of kleppen. Het cavitatieproces dat in deze ultrasoon reiniger plaatsvindt, ontvet en verwijderd vervuiling van moeilijk te bereiken plekken. Product hoogtepunten  Efficiëntie – 4 ultrasoon generatoren van 10 x 60 Watt Vermogen – dompelverwarmer van 500 Watt Capaciteit – reservoir van 30 l Bestendigheid – in roestvrij staal uitgevoerd Makkelijke bediening – de timer-functie en de mogelijkheid om de temperatuur in te stellen   Makkelijke bediening komt op het instellen van de tijd (0-60 minuten) en de temperatuur (max. 80°C) met behulp van de draaiknoppen neer. Dankzij zijn ergonomisch design, kan de PROCLEAN 30.0MS ultrasoon reiniger ook in heel kleine ruimtes gebruikt worden. Reinigen in ultrasoon reiniger is veilig omdat het volledig contactloos is (met aluminium als uitzondering). Bijzondere bestendigheid van het product van Ulsonix is aan het stevige roestvrij staal te danken waarin de behuizing en de belangrijkste onderdelen van de machine – reservoir, korf en deksel – uitgevoerd zijn. Rubberen poten waarmee de reiniger uitgerust is zorgen ervoor dat de machine niet glijdt, reduceren de trillingen en beschermen de oppervlakte waarop de machine staat tegen krassen. Dankzij de afvoerklep kan het reservoir makkelijk leeg worden gemaakt en de praktische handgrepen zorgen ervoor dat het verplaatsen en transporteren van het product heel makkelijk is.
"
986,Ulsonix Ultrasoon reiniger - 10 l - 240 Watt,,Ulsonix,,,,"269,-",,https://www.bol.com/nl/nl/p/ulsonix-ultrasoon-reiniger-10-l-240-watt/9300000027236165/,11,"
Ultrasoon reiniger 10 l Ultrasoon reiniger van de Duitse producent Ulsonix is een goede oplossing voor autoreparatiebedrijven waar motoronderdelen nauwkeurig en professioneel gereinigd moeten worden. Het apparaat kan gebruikt worden om diverse onderdelen die geen elektrische aansluitingen hebben te reinigen, bijv. zuigers, cilinderkoppen of kleppen. Het cavitatieproces dat in deze ultrasoon reiniger plaatsvindt, ontvet en verwijderd vervuiling van moeilijk te bereiken plekken. Product hoogtepunten  Efficiëntie – 10 ultrasoon generatoren van 10 x 60 Watt Vermogen – dompelverwarmer van 500 Watt Capaciteit – reservoir van 30 l Bestendigheid – in roestvrij staal uitgevoerd Makkelijke bediening – de timer-functie en de mogelijkheid om de temperatuur in te stellen   Makkelijke bediening komt op het instellen van de tijd (0-60 minuten) en de temperatuur (max. 80°C) met behulp van de draaiknoppen neer. Dankzij zijn ergonomisch design, kan de PROCLEAN 10.0MS ultrasoon reiniger ook in heel kleine ruimtes gebruikt worden. Reinigen in ultrasoon reiniger is veilig omdat het volledig contactloos is (met aluminium als uitzondering). Bijzondere bestendigheid van het product van Ulsonix is aan het stevige roestvrij staal te danken waarin de behuizing en de belangrijkste onderdelen van de machine – reservoir, korf en deksel – uitgevoerd zijn. Rubberen poten waarmee de reiniger uitgerust is zorgen ervoor dat de machine niet glijdt, reduceren de trillingen en beschermen de oppervlakte waarop de machine staat tegen krassen. Dankzij de afvoerklep kan het reservoir makkelijk leeg worden gemaakt en de praktische handgrepen zorgen ervoor dat het verplaatsen en transporteren van het product heel makkelijk is.
"
987,"Hepa-Filter W4000, Bartscher 850210",Nieuw artikel,Bartscher,,,,"67,50",,https://www.bol.com/nl/nl/p/hepa-filter-w4000-bartscher-850210/9300000071174820/,4,"
 Het filter met de filterklasse HEPA H13 en een levensduur van 2.200 bedrijfsuren is ontworpen voor de luchtreiniger W4000. 
"
988,Nevoox LF 2010 HF HEPA-filter,,Nevoox,,,,"102,94",,https://www.bol.com/nl/nl/p/nevoox-lf-2010-hf-hepa-filter/9300000039079460/,4,"
Nevoox LF 2010 HF HEPA-filter  Geschikt voor Nevoox luchtreiniger LF 2010, artikel-nr. 2340392. De teksten voor dit artikel zijn automatisch vertaald.   Features      Highlights      Leveromvang  1 stuk HEPA-filter 
"
989,Sanyo ABC-FAH 941A Filter-Combi voor Sanyo Luchtreiniger,,Sanyo,,,,"149,99",,https://www.bol.com/nl/nl/p/sanyo-abc-fah-941a-filter-combi-voor-sanyo-luchtreiniger/9200000095723236/,2,"
    Luchtfilter ABC-FAH941A voor de Sanyo ABC-VW24A. Dit filter moet elke 2 jaar worden vervangen bij gebruik 24 uur per dag en 7 dagen in de week. De levensduur is gebaseerd op 'normale' luchtvervuiling. Bij extreme vervuiling is de levensduur minder lang. Het voorfilter dient altijd geïnstalleerd te zijn.
  "
990,Royal Furniture Care Hygrometer - 3 in 1,,royal furniture care,,,,"15,89",,https://www.bol.com/nl/nl/p/royal-furniture-care-hygrometer-3-in-1/9200000108974993/,2,"
Hygrometer 3 in 1Met de handige Hygrometer van Royal weet jij met een oogopslag wat de luchtvochtigheid, tijd en temperatuur is. Doormiddel van een functie op de display is er ook een mogelijkheid om de luchtvochtigheid terug te kijken. Ook is het zeer makkelijk te gebruiken doormiddel van touchscreen. Ook is het ophangen erg makkelijk aangezien er een magneet op de achterkant zit.  Doormiddel van kleurindificatie kun je zien wat de luchtvochtigheid is.  Hoe belanrijk is goede luchtvochtigheid? Een goede luchtvochtigheid binnenshuis is belangrijk voor de gezondheid. Wanneer de luchtvochtigheid te hoog of te laag is, kan dit leiden tot hoofdpijn, concentratieproblemen en lichamelijke klachten. De luchtvochtigheid in huis is optimaal wanneer deze tussen de 40% en 60% ligt. 
"
991,topo w-magnifly2 maat 38 kleur grijs/oranje,,,,,,"79,-",Op voorraad,https://www.bol.com/nl/nl/p/topo-w-magnifly2-maat-38-kleur-grijs-oranje/9300000168668980/,3,"
 topo w-magnifly2 maat 38 kleur grijs/oranje  
"
992,Stadler Form - Recharge - Etherische Olie - Geurverspreider - Aroma,,Stadler Form,,,,"14,50",,https://www.bol.com/nl/nl/p/stadler-form-recharge-etherische-olie-geurverspreider-aroma/9300000163039087/,5,"
    De etherische olie Recharge heeft een opwekkend en tegelijkertijd kalmerend effect op het lichaam. Deze geurolie heeft een aroma die doet denken aan de Siberische spar, met haar scherpe en houtachtige geur.   Recharge Ontdek de kracht van de natuur met onze essentiële olie Recharge. Ervaar een unieke geur van deze blend van pure essentiële oliën. Recharge combineert de essentiële oliën van spar en pijnboom op meesterlijke wijze, wat resulteert in een prachtige melange die uw interieur met een aangename geur omhult. De pure essentiële oliën van Stadler Form zijn gemaakt van hoogwaardige plantaardige essenties en geproduceerd op een ecologisch verantwoorde manier. Ook zijn de oliën niet getest op dieren en bevatten ze geen synthetische stoffen, pesticiden of parabenen. Verwen uzelf met de krach van Recharge, voor een verfrissende boost in uw dagelijkse leven.  Specificaties Geschikt voor elk type aroma diffuser 100% pure olie Verfrissende houtachtige geur Ook geschikt voor onze luchtbevochtigers en luchtreinigers  Stadler Form We willen de wereld verbeteren met luchtbehandeling. Daarom ontwikkelen we bij Stadler Form gewilde huishoudelijke apparaten met een buitengewoon design. Onze producten zijn gemakkelijk en intuïtief in gebruik en zorgen voor een efficiënt stroomverbruik. We willen elegante en waardevolle toevoegingen van het interieur creëren die jouw welzijn verbeteren.
  "
993,Blaupunkt Blaupunkt Reservefilter,,Blaupunkt,,,,"29,68",,https://www.bol.com/nl/nl/p/blaupunkt-blaupunkt-reservefilter/9300000035858831/,3,"
Blaupunkt Blaupunkt ReservefilterFilter voor luchtreiniger Airing BN 2332255. De teksten voor dit artikel zijn automatisch vertaald.FeaturesDrielaags cilindrisch filter 360° (voorfilter + HEPA + actief koolfilter)HighlightsLeveromvangDrielaags filter (voorfilter + HEPA + actief koolfilter), Gebruiksaanwijzing
"
994,Ecovacs Airbot Z1 - Bevochtigingsfilter,,Ecovacs,,,,"49,-",,https://www.bol.com/nl/nl/p/ecovacs-airbot-z1-bevochtigingsfilter/9300000140109381/,0,"
 De Ecovacs Airbot Z1 Bevochtigingsfilter is een essentieel onderdeel voor de luchtreinigers van Ecovacs. Het filter is speciaal ontworpen om de lucht te reinigen en vochtig te houden terwijl het waterdamp produceert.   Het filter is gemaakt van hoogwaardige materialen die zorgen voor een efficiënte verwijdering van onzuiverheden zoals stof, pollen, bacteriën, en andere allergenen uit de lucht. Het helpt bij het verminderen van de kans op luchtwegproblemen en allergieën.   De Ecovacs Airbot Z1 Bevochtigingsfilter is eenvoudig te installeren en te onderhouden. Het is aan te raden om het filter regelmatig te vervangen om ervoor te zorgen dat de luchtreiniger optimaal presteert. 
"
995,Ventilatieslang ⌀400 mm x lengte 10 M,,TETRA Tools,,,,"119,95",Op voorraad,https://www.bol.com/nl/nl/p/ventilatieslang-400-mm-x-lengte-10-m/9200000114917144/,5,"
    Ventilatieslang ⌀400 mm x lengte 10 MDe toe- of afvoerslang is geschikt voor mobiele ventilatoren. Deze afzuigslang is geschikt voor dampen en gassen af te voeren. Ook is het mogelijk om meerdere slangen aan elkaar te koppelen. De diameter van de slang is 400 mm en de lengte is 10 meter. De ventilator slang is geschikt voor op de Typhoon kunststof buisventilator en de TETRA TEF 443 elektrische verplaatsbare ventilator. De slang is eenvoudig op de ventilator aan te sluiten door middel van een touwtje. Door het flexibele materiaal is het gemakkelijk om de oranje slang neer te leggen in de gewenste positie.
  "
996,Ozon Generator - Ozon Luchtreiniger - Ozongenerator luchtreiniger - Ozon Apparaat,,Merkloos,,,,"124,95",,https://www.bol.com/nl/nl/p/ozon-generator-ozon-luchtreiniger-ozongenerator-luchtreiniger-ozon-apparaat/9300000162751996/,7,"
   Werkzaamheid: breek direct DNA-en RNA-strengen af en sterf snel. De bacteriële capaciteit is 600 keer hoger dan bij antibiotica, 3000 keer hoger dan bij UV-stralen en tienduizenden Chinese plantengeneesmiddelen.     Breed Spectrum: onze luchtreiniger werkt dodelijk op verschillende bacteriën, virussen, schimmels en protozoa tegelijkertijd. Dit heeft geen andere antibiotica, antivirale en desinfectiemiddelen.     Veilige sterilisatie: de LD50-waarde van de acute toxiciteitstest toont niet-toxisch; geen irriterende effecten op huid, slijmvliezen, ogen, cellen enz.     Penetrability: wegens zijn lage molecuulgewicht, heeft het een sterk penetratieeffect in cellen en weefsel en kan snel in cellen en weefsel doordringen om ziekteverwekkers micro-organismen te doden.     Geen resistentie: het werkingsprincipe verschilt van alle antibiotica en antivirale; uiteindelijk zuurstof vormt. Bacteriële virussen hebben geen resistentie en produceren geen resistentie bij langdurig gebruik. Er zit een beschermende film in de luchtreiniger, verwijder deze voor het eerste gebruik.   
"
997,SMSCOM Twincontroller Pro Mk2 7A EU - Met Lichtsensor voor Pro Functie - Snelheidsregelaar voor ventilators met thermostaat - Fan Speed Controller,,SMSCOM,,,,"158,-",,https://www.bol.com/nl/nl/p/smscom-twincontroller-pro-mk2-7a-eu-met-lichtsensor-voor-pro-functie-snelheidsregelaar-voor-ventilators-met-thermostaat-fan-speed-controller/9300000020929701/,4,"
 De SMSCOM TwinController PRO MK2 is een software gestuurde controller met MOTION FLOW. De software zorgt ervoor dat de TwinController de afzuigers op een vast toerental rondom de ingestelde temperatuur laat draaien. Geen pieken en dalen meer. Deze nieuwe techniek resulteert in een gelijkmatiger temperatuurverloop en tegelijkertijd een rustigere werking van uw afzuigers. U bedient de controller met slechts drie draaiknoppen (gewenste temperatuur, minimale snelheid en maximale snelheid). 
 Wat de PRO-versie van de TwinController extra heeft, is naast de geavanceerde software ook de optie om een lichtsensor aan te sluiten. Die combinatie maakt het mogelijk dat ook 's nachts de luchtvochtigheid in uw ruimte onder controle wordt gehouden. De lichtsensor is inbegrepen en wordt bij deze set geleverd. Nog een voordeel is dat u met de TwinController PRO meerdere slaves kunt bedienen met één apparaat, tot maximaal 7 Ampère. Hierdoor hoeft u niet direct al een controller te kopen met een groot vermogen, maar kunt u beginnen met een kleinere twin controller (bijvoorbeeld van 7A) en eventueel later pas uitbreiden. Hierdoor bespaart u kosten! 
 PRO-functieDoor de PRO-functie weet de controller precies wanneer het nacht is en houdt deze extra rekening met een vochtige lucht. Wanneer de lichtsensor decteert dat de ruimte donker is, wordt het nachtprogramma gestart. Tijdens dit programma zuigt de TwinController ieder uur de ruimte af zonder de temperatuur te beïnvloeden. Dit voorkomt een opeenhoping van vochtige lucht en het onstaan van schimmels. Aan het knipperende LED-lampje 'Humidity' kunt u zien dat het nachtprogramma actief is. 
 Zodra het licht is, wordt de PRO-functie uitgeschakeld. Vanaf dat moment regelt de controller de afzuiging weer op de normale manier. Het nachtprogramma is van belang omdat condens vooral in de nacht optreed door een lagere temperatuur in vergelijking met overdag. 
 Specificaties 

Elektronische, nauwkeurige klimaatbeersing;
Eenvoudige bediening door middel van 3 draaiknoppen;
Maximaal belastbaar tot 7A;
5 meter NTC temperatuur sensor inbegrepen;
Reserve zekering inbegrepen;
Mogelijkheid om lichtsensor aan te sluiten;
Software gestuurd;
5 jaar garantie.
Licht sensor bijgeleverd voor Pro-Functie

 Gebruiksaanwijzing 

Sluit uw ventilatoren correct aan op de blauwe stopcontacten (kleine fan = IN/grote fan = OUT);
Stel de gewenste MINIMUM ventilatorsnelheid in met knop 1 (bijv. 30%);
Stel de gewenste temperatuur in met knop 2 (bijv. 25 °C);
Stel de gewenste MAXIMALE ventilatorsnelheid in met knop 3 (bijv. 95%);
Plaats de temperatuursensor in uw ruimte. Let op, niet in directe luchtstroom of direct onder een lichtbron;
Plaats de lichtsensor in uw ruimte, gericht op de lichtbron, verwijder het kapje nog niet!
Sluit nu de TwinController PRO aan op het lichtnet.

 Bij het aansluiten zal de TwinController de eerste 5 minuten de ruimte scannen voor de beste sturing van de ventilatoren (gedurende deze tijd draaien de ventilatoren harder en zachter). Na dit scanproces weet de controller altijd de perfecte snelheid om de ventilatoren aan te sturen voor een constante temperatuur. Uiteraard kunt u ook maar 1 ventilator aansluiten, sluit deze dan aan op ""FAN AIR OUT"". 
 Vergeet niet het kapje van de lichtsensor te verwijderen om de PRO-functie te kunnen activeren! 
 Let op: Te langzaam draaiende ventilatoren zorgen voor teveel geluid, te weinig verversing én het risico op het defect van de ventilatoren. Dus zorg er daarom voor dat de minimale stand niet te laag staat ingesteld. 
"
998,Stadler Form - Roger little - Prefilter - Zwart,,Stadler Form,,,,"21,-",,https://www.bol.com/nl/nl/p/stadler-form-roger-little-prefilter-zwart/9300000036203828/,0,"
    Deze Prefilter voor de Roger Little filtert hardnekkige verontreinigde stoffen zoals stofdeeltjes uit de lucht. De Prefilter beschermt ook de Dual Filter™ en verlengt de levensduur. Geïntergreerde antimicrobiologische bescherming is gegarandeerd voor op z'n mist 20 wasbeurten.
  "
999,SMSCOM - Twincontroller PRO Slave Mk2 7A - Uitbreiding voor Twincontroller Pro 4.5A of 7A,,SMSCOM,,,,"84,50",,https://www.bol.com/nl/nl/p/smscom-twincontroller-pro-slave-mk2-7a-uitbreiding-voor-twincontroller-pro-4-5a-of-7a/9300000020929918/,5,"
    De SMSCOM TwinController PRO Slave MK2 is een uitbreiding van de TwinController PRO MK2. Een voordeel van de PRO-versie van de controller is dat u meerdere slaves kunt bedienen met één apparaat, tot maximaal 7A. Hierdoor hoeft u niet direct al een controller te kopen met een groot vermogen, maar kunt u beginnen met een kleinere twin controller (bijvoorbeeld van 7A) en eventueel later pas uitbreiden. Hierdoor bespaart u kosten!De SMSCOM TwinController PRO MK2 is een software gestuurde controller met MOTION FLOW. De software zorgt ervoor dat de TwinController de afzuigers op een vast toerental rondom de ingestelde temperatuur laat draaien. Geen pieken en dalen meer. Deze nieuwe techniek resulteert in een gelijkmatiger temperatuurverloop en tegelijkertijd een rustigere werking. U bedient de controller met slechts drie draaiknoppen (gewenste temperatuur, minimale snelheid en maximale snelheid).
"
1000,Medisana Aroma 10 ml Citronella,,Medisana,,,,"14,50",Op voorraad,https://www.bol.com/nl/nl/p/medisana-aroma-10-ml-citronella/9200000053022679/,1,"
    De Medisana geurolie met citronellageur (10ml) is geschikt voor aroma diffusers en luchtbevochtigers.Kijk  hier  voor alle informatie over Medisana.
  "
1001,Medisana Aroma 10 ml Citroen,,Medisana,,,,"14,50",Op voorraad,https://www.bol.com/nl/nl/p/medisana-aroma-10-ml-citroen/9200000053022687/,2,"
    De Medisana geurolie met citroengeur (10ml) is geschikt voor aroma diffusers en luchtbevochtigers.Kijk  hier  voor alle informatie over Medisana.
  "
1002,ulsonix Keramische plaat - 3.500 mg/u,,Ulsonix,,,,"15,99",,https://www.bol.com/nl/nl/p/ulsonix-keramische-plaat-3-500-mg-u/9300000032306008/,2,"
Keramische plaat - 3.500 mg/u De AIRCLEAN PLATE 3.5 is een reserveonderdeel speciaal gemaakt voor Ulsonix ozon generatoren. Het is raadzaam om regelmatig de keramische platen te vervangen voor een optimale efficiëntie van ozonapparaten. De eenvoudig te installeren panelen zijn compatibel met de eigen AIRCLEAN 7G-ECO- en AIRCLEAN 7G-generatoren van het merk. Product hoogtepunten  Materiaal: Keramiek Productiedikte: 3.500 mg/u Passend bij AIRCLEAN 7G-ECO Passend bij AIRCLEAN 7G 
"
1003,TROTEC Datalogger DL200D,,Trotec,,,,"549,95",,https://www.bol.com/nl/nl/p/trotec-datalogger-dl200d/9300000076751308/,6,"
    Datalogger voor klimaat-, dauwpunt- en luchtdrukbewaking (°C, % r.v, hPa).Deze gegevenslogger toont realtime-gegevens en registreert gegevens over langere perioden en biedt de mogelijkheid tot vastlegging in een netwerk en is onmisbaar voor nauwkeurige metingen.Praktische voordelen:* Tegen manipulatie beveiligde meetwaarderegistratie en -documentatie* Optimaal voor metingen gedurende lange perioden* Parallelle registratie van maximaal 20 separate meetkanalen* Netwerkfunctie (LAN)* Laag energieverbruik* Flexibele stroomvoorziening via batterij of USB (PoE optioneel, op aanvraag)* Timerfunctie, variabele meetintervallen, alarmfunctie voor elk meetkanaal* Drie regel LCD voor meetwaardeweergave* Inclusief professionele software
 Let op: specificaties kunnen zonder opgave van redenen in het belang van een lopende productverbetering door de fabrikant worden gewijzigd. 
 Aan de afbeeldingen van producten en eventueel getoonde specificaties of keurmerken kunnen geen rechten worden ontleend 
"
1004,Ozon Generator - Ozon Luchtreiniger - Ozongenerator luchtreiniger - Ozon Apparaat - 600 mg/h,,Merkloos,,,,"181,95",,https://www.bol.com/nl/nl/p/ozon-generator-ozon-luchtreiniger-ozongenerator-luchtreiniger-ozon-apparaat-600-mg-h/9300000162800574/,6,"
   Multifunctionele ozongeneratorreiniger voor thuis-actieve bubbels geproduceerd door de generator die grondig kan worden gereinigd groenten, fruit, vlees, stof enz., verleng de opslagtijd van voedsel.     Timerfunctie voor verschillende toepassingen: 6 niveaus instelbaar vanaf 5, 10, 15, 20, 25, 30 minuten. U kunt de reinigingstijd van de ozonreiniger naar behoefte instellen. Gedetailleerde instructies zijn te vinden in de handleiding.     2 siliconen buizen en luchtstenen. Voedsel en kleding kunnen apart worden gewassen. Verschillende stenen vormen kunnen worden onderscheiden en gebruikt in verschillende scènes.     Groot vermogen-600 mg / h verbruikt slechts 9,5 W, wat bijdraagt aan energiebesparing en kostenreductie. De ozongenerator reiniger is perfect voor het reinigen van vuile voorwerpen en slechte geuren zoals fruit, groenten, vis en vlees.     Lichtgewicht ontwerp: 268 x 188 x 69,5 mm, 0,9 kg, kan aan de muur worden gemonteerd. Het compacte formaat is eenvoudig te installeren en op te slaan. Het kan worden gebruikt in keukens, wasserette, badkamers, kasten, koelkasten, aquaria en tuinen.   
"
1005,Sencys Vlakkanaal 110x55mm Beugels 2x stuks,,Sencys,,,,"8,49",Op voorraad,https://www.bol.com/nl/nl/p/sencys-vlakkanaal-110x55mm-beugels-2x-stuks/9200000126107491/,2,"
    Plastic beugel voor de installatie van luchtkanaal 110 x 55 mm.
  "
1006,Combiconnect Flexibele Luchtslang Ø 160 mm 10 Meter,,Air Connections,,,,"35,50",Op voorraad,https://www.bol.com/nl/nl/p/combiconnect-flexibele-luchtslang-o-160-mm-10-meter/9300000071769896/,4,"
 Combiconnect bestaat uit een zwarte gewapende kunststof buitenlaag en aluminium aan de binnenzijde en is geschikt voor toepassingen in mechanische ventilatiesystemen, machine afzuigingen en andere 
"
1007,Ulsonix Ozongenerator - 7.000 mg/h - 94 W,,Ulsonix,,,,"99,-",,https://www.bol.com/nl/nl/p/ulsonix-ozongenerator-7-000-mg-h-94-w/9200000129807341/,15,"
Ozongenerator - 7.000 mg/u - 94 W De Ulsonix AIRCLEAN 7G-WL ozongenerator helpt je om sterke geuren in ruimtes effectief te neutraliseren. Ook muffe luchtjes als gevolg van overstromingen of brand kunnen worden bestreden met het AIRCLEAN 7G-WL ozonapparaat. Ozonapparaten worden gebruikt voor kamer- en gebouwrenovatie en voor de sanering van de kamerlucht. Ze worden voornamelijk gebruikt in autowerkplaatsen, in de hotellerie, in afval- en sanitaire ruimtes, maar ook tegen de geur van sigaretten of dieren in voertuigen of boten. Product hoogtepunten  Ozonproductie: 7.000 mg/h Vermogen: 94W Timer tot 120 minuten Behuizing: gepoedercoat staal Filters: roestvrij staal   De ozongenerator heeft een ozonvermogen van 7.000 mg per uur en is daardoor in staat om nare geurtjes snel en effectief te verwijderen. Met behulp van de ventilator wordt de ozon gelijkmatig in de ruimte verdeeld. Zelfs schadelijke schimmelsporen kunnen uit de lucht worden verwijderd, mensen met allergieën kunnen worden verlicht en de gezondheid wordt bevorderd. De ozonmachine heeft drie verschillende standen. In de Hold-modus werkt het apparaat continu, waarbij de continue werking niet langer mag zijn dan 12 uur. De ventilator en ozonplaten zijn in werking en het indicatielampje brandt. Als de timer is ingesteld, wordt het apparaat geactiveerd volgens de geselecteerde tijd. Voor de luchtreiniging kunt u een duur van maximaal 120 minuten kiezen. Als de ingestelde tijd is verstreken, schakelt het apparaat zichzelf uit. In de uit-modus zijn alle functies uitgeschakeld.
"
1008,"Clean Air Optima® Verdampingsfilter voor 4in1 Aircooler, Luchtreiniger, Luchtbevochtiger en Ventilator CA-106 Smart",,Clean Air Optima,,,,"18,90",,https://www.bol.com/nl/nl/p/clean-air-optima-verdampingsfilter-voor-4in1-aircooler-luchtreiniger-luchtbevochtiger-en-ventilator-ca-106-smart/9300000151790297/,3,"
 Verdampingsfilter CA-106 Smart• Geschikt voor aircooler/luchtkoeler: CA-106 Smart• Vervangen na ca. 2-3 maanden.   VerdampingsfilterHet verdampingsfilter heeft een honingraatstructuur voor intensieve luchtbevochtiging en luchtreiniging. De aangezogen lucht wordt op natuurlijke wijze, vergelijkbaar met een regenbui of waterval, direct gewassen en tegelijkertijd gezuiverd van deeltjes tot 10 micrometer. De deeltjes worden in de watertank opgevangen en gebonden. Hierdoor is de lucht bevrijdt van stof, pollen en deeltjesgebonden geuren welke zo niet meer aan de binnenlucht afgegeven kunnen worden. 
"
1009,Ozon Generator - Ozon Luchtreiniger - Ozongenerator luchtreiniger - Ozon Apparaat - 600mg/h,,Merkloos,,,,"125,95",,https://www.bol.com/nl/nl/p/ozon-generator-ozon-luchtreiniger-ozongenerator-luchtreiniger-ozon-apparaat-600mg-h/9300000162746365/,6,"
   Multifunctionele ozongenerator: deze draagbare ozongenerator kan worden gebruikt voor lucht, water, voedsel, groenten en fruit. Ozon kan onaangename geuren, rook en andere verontreinigende stoffen snel uit de lucht verwijderen. Ozonwater kan worden gebruikt om voedsel, babyflessen, schotels, tandenborstels enz.op te slaan. Opruimen.     Ozongenerator met timer: Deze draagbare ozongenerator heeft een handmatig rotatiesysteem. Met de knop kunt u de tijd tussen 1 en 60 minuten instellen en de reinigingstijd kiezen op basis van de kamer en het object.     Draagbare ozonvoeding met grote capaciteit: de ozongenerator kan 600 mg/h ozon per uur produceren en ozon met grote capaciteit kan meer ruimte bedekken. De lampbehuizing kan zelfs tijdens het reizen met u worden meegenomen.     Reiniging: voor een veilige consumptie reinigt de ozongenerator onzuiverheden in het water en residuen in vlees, groenten en fruit. Kan worden gebruikt in de keuken, wasruimte, badkamer, kast, tuin.     Tip: Als u van plan bent om dit product te gebruiken om de binnenlucht te zuiveren, is het raadzaam om de kamer te verlaten, omdat het een lichte geur afgeeft tijdens het werken. Maar wees gerust, dit is normaal omdat je de lucht in de kamer zuivert. En deze smaak is niet schadelijk voor de gezondheid van mensen. Open na het schoonmaken de ramen 20 tot 30 minuten om te ventileren.   
"
1010,Ozon Generator - Ozon Luchtreiniger - Ozongenerator luchtreiniger - Ozon Apparaat - 60 mg/h,,Merkloos,,,,"167,95",,https://www.bol.com/nl/nl/p/ozon-generator-ozon-luchtreiniger-ozongenerator-luchtreiniger-ozon-apparaat-60-mg-h/9300000162799467/,7,"
   Verwijdert rook, geuren, pollen, stof, allergenen, enz.     Doodt bacteriën, virussen, schimmels, sporen, mijten, enz.     Produceert 50-60 mg / h ozon met continu werk, verhoogt zuurstof in de ruimte.     Kogellagerventilator voor sterkere luchtbellen en een nog langere levensduur     Maximale absorptie 5 W; geschikt voor wereldwijde Voeding (AC 100-240 V, 50/60 Hz)   
"
1011,Hama Reservefilter,,Hama,,,,"37,78",,https://www.bol.com/nl/nl/p/hama-reservefilter/9300000064903972/,5,"
Hama Reservefilter  4-in-1 combifilter voor luchtreiniger „Basic” Uitvoering: Filtercombinatie van 4 achter elkaar geplaatste, speciale elementen om de vele ruimtebelastingen te verminderen en te elimineren sterke 4-voudige filters: Meervoudige filtering voor hygiënische binnenlucht door voor-, EPA (E11)- en actief koolfilter met extra koude-katalysator-laag 4-in-1-combifilter bestaande uit voor-, EPA(E11)-, actief koolfilter met koude-katalysator-laag voorfilter: Groefdeelfiltering van grotere deeltjes zoals schuur, haar en stof EPA (E11-filter) van fijn vezelmateriaal: Vangt de kleinste deeltjes tot een grootte tussen 0,1 tot 3 μm op (bijv. bacteriën 0,6 tot 1,0 μm, fijn stof 0,1 – 10 μm, pollen 10 – 100 μm) voor een efficiënte luchtreiniging actief koolfilter: Gassen en onaangename geuren. Actieve kool heeft een uitstekend absorptievermogen - hij kan deodoreren, ontvochtigen, bindt gedeeltelijk virussen en werkt steriliserend extra koude-katalysator-laag: Absorbeert organische verbindingen zoals formaldehyde, benzeen verwijdert 99,2% van de schadelijke stoffen tot een grootte van 3 μm uit de lucht in de ruimte De teksten voor dit artikel zijn automatisch vertaald. Technische spec.: Afmeting, breedte: 250 mm · Afmeting, diepte: 25 mm · Afmeting, hoogte: 355 mm Omvang levering: 4-in-1 combifilter Opmerkingen: Zuig het voorfilter om de 1 tot 2 maanden met een stofzuiger schoon om de opgezogen verontreinigingen te verwijderen. Aanbevolen vervangingsinterval van het gehele combifilter: Ten minste om de 12 maanden, afhankelijk van de gebruiksgraad van het apparaat.   Features  Filtercombinatie van 4 achter elkaar geplaatste, speciale elementen om de vele ruimtebelastingen te verminderen en te elimineren sterke 4-voudige filters: Meervoudige filtering voor hygiënische binnenlucht door voor-, EPA (E11)- en actief koolfilter met extra koude-katalysator-laag 4-in-1-combifilter bestaande uit voor-, EPA(E11)-, actief koolfilter met koude-katalysator-laag voorfilter: Groefdeelfiltering van grotere deeltjes zoals schuur, haar en stof EPA (E11-filter) van fijn vezelmateriaal: Vangt de kleinste deeltjes tot een grootte tussen 0,1 tot 3 μm op (bijv. bacteriën 0,6 tot 1,0 μm, fijn stof 0,1 – 10 μm, pollen 10 – 100 μm) voor een efficiënte luchtreiniging actief koolfilter: Gassen en onaangename geuren. Actieve kool heeft een uitstekend absorptievermogen - hij kan deodoreren, ontvochtigen, bindt gedeeltelijk virussen en werkt steriliserend extra koude-katalysator-laag: Absorbeert organische verbindingen zoals formaldehyde, benzeen verwijdert 99,2% van de schadelijke stoffen tot een grootte van 3 μm uit de lucht in de ruimte De teksten voor dit artikel zijn automatisch vertaald.    Highlights      Leveromvang  4-in-1 combifilter    Opmerking  Zuig het voorfilter om de 1 tot 2 maanden met een stofzuiger schoon om de opgezogen verontreinigingen te 
"
1012,Compacte vacuümpomp met 8 liter onderdruktank Maximaal -1 Bar - SPERO,,Spero,,,,"785,95",,https://www.bol.com/nl/nl/p/compacte-vacuumpomp-met-8-liter-onderdruktank-maximaal-1-bar-spero/9300000071162074/,3,"
SperoSPV200 - Compacte vacuümpomp met 8 liter onderdruktankCompacte vacuümpomp met 8 liter onderdruktank  SPV200 van het merk SPERO.Geluidsarme compacte Vacuümpomp geschikt voor intensief gebruik, met een 8 liter externe druktank voor het vacumeren van bijvoorbeeld boorstatieven met een vacuümplaat, mallen, airco's etc. De maximaal te behalen onderdruk is -1 BarDit model wordt tevens toegepast voor gevelpaneel renovatie bij delaminatie van sandwitchpanelen. Wordt geleverd inclusief een flesje vacuumolie. Aansluiting van de snelkoppeling is een standaard 6 & 8mm snelkoppling nippel zoals EURO of ORION. Exclusief aansluitslangen.Model: SPV200Vermogen: 120WattInhoud buffertank: 8 LiterDebiet tank: 4 m3/ hMax vacuum: -1 BarGeluidsniveau: 57 DbGewicht: 11 kgAfmetingen: 200 x 280 x 400mm (dxbxh)Exclusief: vacuumplaat & aansluitslangen
"
1013,"INSPIRE - Set van 5 LED panelen GDANSK - 5 x plafondlampen - L. 59,5 x B. 59,5 x D. 2,3 cm - 5800 Lm - 4000 K - IP20 - 42 W - wit aluminium - LED plafondlamp",,Inspire,,,,"329,99",,https://www.bol.com/nl/nl/p/inspire-set-van-5-led-panelen-gdansk-5-x-plafondlampen-l-59-5-x-b-59-5-x-d-2-3-cm-5800-lm-4000-k-ip20-42-w-wit-aluminium-led-plafondlamp/9300000168031238/,6,"
 PRESTATIES: Deze set van 5 LED-panelen van elk 42W zorgt voor een totale helderheid van 5800LM per LED-paneel en is ideaal voor het verlichten van een oppervlakte van 70m² (14m² per LED-paneel). Het witte licht met 4000 K zorgt voor een gelijkmatige en goed onderhouden verlichting van uw kamers. DESIGN: Deze discrete en eenvoudige lampen zullen uw interieur perfect verlichten. Het subtiele witte frame past naadloos in uw ruimtes en zorgt voor een homogene en aangename verlichting. HET LICHT DAT U NODIG HEBT: Deze lamp zorgt voor de verlichting die u nodig heeft. Met de schakelaar kunnen verschillende helderheidsniveaus worden ingesteld van 100% tot 60% en 12,5%. Ideaal voor een ingetogen sfeer en om het energieverbruik te verminderen. INSTALLATIE: Deze LED-panelen worden aan het plafond bevestigd met behulp van de meegeleverde montageaccessoires. Bevestig de montageplaat en schuif het paneel er eenvoudig op. Met hun IP20-beschermingsgraad zijn ze ontworpen voor installatie binnenshuis en zijn ze ideaal voor een hal, entree of kantoor. INSPIRE, VOOR EEN SFEER DIE BIJ U PAST: Het merk Inspire is een inspirerend en eigentijds decoratie- en verlichtingsmerk dat esthetisch verantwoorde, eenvoudig te installeren en te onderhouden kwaliteitsproducten aanbiedt.  Deze set van 5 GDANSK LED-panelen biedt een perfecte combinatie van esthetiek en prestaties. Elk paneel is ontworpen om uw kamers te verlichten met natuurlijk en oogvriendelijk licht en biedt een vermogen van 5800 lumen, waardoor u tot 70 m² kunt verlichten. Het neutraal witte licht met een lichtkleur van 4000K past harmonieus in uw interieur. Het licht past zich aan jouw wensen en behoeften aan door te dimmen van 100% naar 60% en 12,5%. Ideaal om een ingetogen sfeer te creëren en het energieverbruik te verminderen. Deze lampen met elektrische aansluiting kunnen aan het plafond worden bevestigd of worden opgehangen.   ADEO is een belangrijke Europese speler in de verbetering van woonomgeving, de leefomgeving, gereedschap en doe-het-zelf tools voor individuen en voor professionals op het gebied van woonomgevingen. Met meer dan 450 miljoen trouwe klanten in onder andere Frankrijk, Spanje, Portugal, Italië, Polen en Griekenland. INSPIRE is ons merk op het gebied van decoratie en verlichting Inspirerend en modern, het merk biedt hoogwaardige esthetische producten die eenvoudig te installeren en te onderhouden zijn.
  "
1014,Stadler Form - Viktor - Filter - 2 pack voor de Viktor luchtreiniger,,Stadler Form,,,,"25,50",,https://www.bol.com/nl/nl/p/stadler-form-viktor-filter-2-pack-voor-de-viktor-luchtreiniger/9200000052089638/,3,"
    De Viktor luchtreiniger is voorzien van twee vervangbare filters: de Pre-filter en de Activated Carbon filter. De Pre-filter gaat pollen tegen en de Carbon filter elimineert onaangename geurtjes uit de lucht. Beide filters dienen minstens eens per half jaar vervangen te worden, afhankelijk van de kwaliteit van de lucht. Dit filter pack bestaat uit beide filters.
  "
1015,HAF-Filter voor AIR160,,Aetaire,,,,"59,55",,https://www.bol.com/nl/nl/p/haf-filter-voor-air160/9300000019362956/,2,"
 De openkanaalconstructie van AETAIRE HAF Filters biedt een lage weerstand van de luchtstroom, terwijl haar unieke microstructuur en elektrostatische lading, effectief deeltjes vangt en vasthoudt. Antimicrobieel: remt de groei van de schimmel en meeldauw op het filtermedium. Wees ervan bewust, dat schimmels en meeldauw kunnen groeien op de gevangen deeltjes die zich ophopen in het filter.In de Air 160 is een ionisatie unit geplaatst. Deze brengt negatieve ionen in de lucht. Negatieve ionen zitten inbuitenlucht maar vaak weinig in binnen lucht. Deze negatieve ionen zorgen ervoor dat hele kleine deeltjes in de lucht naar elkaar getrokken worden en samenklonteren tot iets grotere deeltjes. Hierdoor zijn ze bij een volgende passage door de Air 160 makkelijker te verwijderen door het 3M HAF filter en dit draagt verder bij aan verminderenvan virussen en bacteriën in ruimtes. 
 Let op: het is beter om een filter te vervangen, dan zelf te reinigen. 
"
1016,Combiconnect Flexibele Luchtslang Ø 315 mm 10 Meter,,combiconnect,,,,"65,95",Op voorraad,https://www.bol.com/nl/nl/p/combiconnect-flexibele-luchtslang-o-315-mm-10-meter/9300000038617637/,3,"
 Combiconnect bestaat uit een zwarte gewapende kunststof buitenlaag en aluminium aan de binnenzijde en is geschikt voor toepassingen in mechanische ventilatiesystemen, machine afzuigingen en andere 
"
1017,Ozon Generator - Ozon Luchtreiniger - Ozongenerator luchtreiniger - Ozon Apparaat,,Merkloos,,,,"140,95",,https://www.bol.com/nl/nl/p/ozon-generator-ozon-luchtreiniger-ozongenerator-luchtreiniger-ozon-apparaat/9300000162746405/,6,"
   Als u op zoek bent naar een milieuvriendelijke en betrouwbare methode voor desinfectie van voedsel en thuis, voeg ons product veilig toe aan het winkelmandje.     Betrouwbaar en milieuvriendelijk. Onze ozongenerator is veilig en zonder chemicaliën, gebruikt elektrische stroom voor het verwijderen van geuren, desinfectie, ionisatie en sterilisatie.     Een must-have. 99,99% efficiëntie zorg ervoor dat u voedsel drinkt dat vrij is van pesticiden, bacteriën en schimmels, desinfecteer water om uw gezondheid en die van uw gezin te beschermen.     Eenvoudig te bedienen en schoon te maken, u kunt eenvoudig de gewenste optie kiezen met de ingestelde tijd (5, 10, 15, 20, 25 en 30 minuten), neemt weinig ruimte in de keuken en wordt geleverd met gaten voor opknoping aan de muur.     De fabrieksgarantie is alleen beschikbaar door geautoriseerde verkopers. Als u om het even welke problemen met de aankoop hebt, te verzenden gelieve ons een e-mail, zullen wij u zo spoedig antwoorden.   
"
1018,Ulsonix Ultrasone reiniger - 1.3 liter - 60 W,,Ulsonix,,,,"95,-",,https://www.bol.com/nl/nl/p/ulsonix-ultrasone-reiniger-1-3-liter-60-w/9300000029040329/,12,"
Of het nu in uw werkplaats of in het laboratorium is - de ultrasone reiniger laat elk object glanzend en schoon De ultrasone reiniger PROCLEAN 1.3MS reinigt effectief en voorzichtig zeer gevoelige instrumenten, filigraan gereedschap en mechanische of elektronische componenten. De professionele ultrasone reiniger is een belangrijk onderdeel in de uitrusting van medische praktijken en laboratoria, evenals in winkels van juweliers en horlogemakers en opticiens. Deze ultrasone reiniger is ook geschikt voor gebruik thuis, wanneer u uw sieraden, edelstenen, munten of glazen wilt reinigen. Product hoogtepunten  Volume: 1.3 L Kracht: 60 W Frequentie: 40 kHz Timer: 0 - 60 minuten Roestvrij staal   Met zijn enkelvoudige omzetter van 60 watt produceert het apparaat een ultrasone frequentie van 40 kHz om zelfs de moeilijker bereikbare hoeken grondig en effectief schoon te maken, inclusief ruimtes waar het menselijk oog geen onzuiverheden kan detecteren. U kunt de schoonmaaktijd instellen tussen 0 en 60 minuten. De ultrasone reiniger heeft een warmteafgifte van 100 watt en kan worden ingesteld tot 80 ° C voor een precies geïndividualiseerd reinigingsproces. De timer en temperatuur kunnen gemakkelijk worden aangepast met behulp van de grote bedieningsknoppen. De ultrasone reinigingsmachine PROCLEAN 1.3MS bevat een roestvrijstalen tank van 1.3 liter, mand en deksel. Dankzij de hoogwaardige materialen is het ultrasone bad niet alleen stabiel, maar ook zeer eenvoudig te reinigen. Het is een investering op lange termijn die altijd hygiënisch en dus onschadelijk blijft voor zijn gebruikers.
"
1019,Neutrik NC3MX-BAG XLR 3-pins (m) connector / zwart,,Neutrik,Neutrik Ntr,,,"10,72",,https://www.bol.com/nl/nl/p/neutrik-nc3mx-bag-xlr-3-pins-connector-zwart/9200000023934142/,11,"
    Neutrik kabel connector: 3 pole male cable connector with black metal housing and silver contacts
  "
1020,Ulsonix Ultrasone reiniger - 3.2 liter - 120 W,,Ulsonix,,,,"139,-",,https://www.bol.com/nl/nl/p/ulsonix-ultrasone-reiniger-3-2-liter-120-w/9300000029040282/,9,"
Of het nu in uw werkplaats of in het laboratorium is - de ultrasone reiniger laat elk object glanzend en schoon De ultrasone reiniger PROCLEAN 3.2MS reinigt effectief en voorzichtig zeer gevoelige instrumenten, filigraan gereedschap en mechanische of elektronische componenten. De professionele ultrasone reiniger is een belangrijk onderdeel in de uitrusting van medische praktijken en laboratoria, evenals in winkels van juweliers en horlogemakers en opticiens. Deze ultrasone reiniger is ook geschikt voor gebruik thuis, wanneer u uw sieraden, edelstenen, munten of glazen wilt reinigen. Product hoogtepunten  Volume: 3.2 L Kracht: 120 W Frequentie: 40 kHz Timer: 0 - 60 minuten Roestvrij staal   Met zijn twee transducers van 120 watt produceert het apparaat een ultrasone frequentie van 40 kHz om zelfs de moeilijker bereikbare hoeken grondig en effectief schoon te maken, inclusief ruimtes waar het menselijk oog geen onzuiverheden kan detecteren. U kunt de schoonmaaktijd instellen tussen 0 en 60 minuten. De ultrasone reiniger heeft een warmteafgifte van 100 watt en kan traploos worden ingesteld tot 80 ° C voor een precies geïndividualiseerd reinigingsproces. De timer en temperatuur kunnen gemakkelijk worden aangepast met behulp van de grote bedieningsknoppen. De ultrasone reinigingsmachine PROCLEAN 3.2MS bevat een roestvrijstalen tank van 3.2 liter, mand en deksel. Dankzij de hoogwaardige materialen is het ultrasone bad niet alleen stabiel, maar ook zeer eenvoudig te reinigen. Het is een investering op lange termijn die altijd hygiënisch en dus onschadelijk blijft voor zijn gebruikers.
"
1021,Ulsonix Ultrasoon reiniger - 2 liter - 60 W - Basic Eco,,Ulsonix,,,,"119,-",,https://www.bol.com/nl/nl/p/ulsonix-ultrasoon-reiniger-2-liter-60-w-basic-eco/9300000027658395/,10,"
Ultrasoon reiniger - 2 liter - 60 W - Basic Eco De kosteneffectieve ultrasoon reiniger PROCLEAN 2.0M ECO van Ulsonix wordt gebruikt voor de professionele reiniging in medische praktijken en ziekenhuizen, laboratoria, maar ook door tattoo studio's, juweliers, horlogemakers en opticiens. Hij wordt met name gebruikt waar zeer gevoelige instrumenten, filigraan gereedschappen of mechanische of elektronische onderdelen worden gebruikt, die grondig moeten worden gereinigd. Zelfs in de privésector wordt het energiebesparende ultrasoon reinigingsapparaat met een capaciteit van 2 liter bij voorkeur gebruikt voor het reinigen van sieraden, edelstenen, munten of glazen. Product hoogtepunten  Basic Eco Capaciteit: 2 L Ultrasoon vermogen: 60 W Ultrasone frequentie: 40 kHz Timer: 0 - 60 min / continu werking   De ultrasone reiniging verloopt zo zacht dat zelfs de meest hoogwaardige oppervlakken van de te reinigen voorwerpen niet worden beschadigd. Tijdens het proces worden verontreinigingen uit de voorwerpen verwijderd door middel van een wrijvingsloos ultrasoon geluid en water, evenals reinigingsvloeistof. Het opnieuw aankleven van de vuildeeltjes tijdens het reinigingsproces wordt bij deze methode uitgesloten. De te reinigen onderdelen worden, zelfs van de kleinste verontreinigingen, grondig gereinigd. Een modulator met een vermogen van 60 watt genereert een ultrasone frequentie van 40 kilohertz, die ook op moeilijk bereikbare plaatsen voorzichtig en effectief reinigt. Zelfs daar waar het menselijk oog geen vuil kan detecteren.
"
1022,Zonnepaneel aardingsklem - Rail montage - RVS,,ABC-Led,,,,"9,95",Op voorraad,https://www.bol.com/nl/nl/p/zonnepaneel-aardingsklem-rail-montage-rvs/9300000143184444/,3,"
Zonnepaneel aardingsklem - Rail montage  Ontladingsklem voor zonnepaneel rails  Deze aardingsklemmen klikt u eenvoudig op de rails van uw zonnepaneel installatie. Hiermee creëert u een aardingscontact tussen het zonnepaneel en de rails, waardoor het geheel geaard wordt dankzij dit klemmetje. Het aardingsklem is gemaakt van roestvrij staal.   specificaties  Aardingsklem voor zonnepanelen Eenvoudig te monteren op de rail  Creëert een aardingspad in uw solar installatie  Materiaal: RVS   
"
1023,EvaPolar EvaLight plus (EV1500) filter – Aircooler – Luchtfilter,,Evapolar,,,,"39,99",,https://www.bol.com/nl/nl/p/evapolar-evalight-plus-filter-aircooler-luchtfilter/9300000031520663/,9,"
Evapolar evaLIGHT (EV-1500) Cartridge evaLIGHT plus (EV-1500) Cartridge Filterpatrooon  Evapolar evaLIGHT Plus reserve-verdampingscartridge de cartridge bevat een gepatenteerde mineraalvezel, die extreem absorberend is en de vorming van bacteriën of schimmels voorkomt. De cartridge moet ca. 1 x per jaar worden vervangen, waarbij het op de duur van het gebruik aankomt, als het apparaat slechts ca. 4 - 8 weken per jaar wordt gebruikt, kan men van een langere periode uitgaan - omdat de cartridge ook voor luchtreiniging dient, is een andere factor, Hoe sterk de lucht is belast (bijv. bij rook, enz.). De teksten voor dit artikel zijn automatisch vertaald.   Features      Highlights  Reserve-verdampingscartridge   Gepatenteerde mineraalvezel   Extreem absorberend    Leveromvang  EvaLIGHT Plus cartridge 
"
1024,Aircotube S720 7/8 koelleiding 20 meter,,aircotube,,,,"560,19",,https://www.bol.com/nl/nl/p/aircotube-s720-7-8-koelleiding-20-meter/9200000129693806/,0,"
    De Aircotube koelleiding (S) is conform de PED en geschikt voor alle koelgassen. De witte versterkte isolatie in zowel 9-10mm bestaat uit 3-lagen (µ >6000) en is geschikt voor warmtepomp tot +115°C en hebben een brandklasse BL-s1,d0 (EN13501-1+1A).
  "
1025,"Kelfort Insteeknippel messing past op Euro 3/8"" binnendraads 1524387",,Kelfort,,,,"8,08",Op voorraad,https://www.bol.com/nl/nl/p/kelfort-insteeknippel-messing-past-op-euro-3-8-binnendraads-1524387/9200000077536657/,1,"
    Kelfort Insteeknippel messing past op Euro 3/8"" binnendraads 1524387| Afname Per: 1 Stuk| Draadsoort: Binnendraad | Kleur: Messing | kleur (basis): Messing | Merk: Kelfort | prijsfactor: 1 | Visibility: Female | Korte beschrijving: Past op Euro. Messing. Geschikt voor luchtkoppelingen.
  "
1026,Combiconnect Flexibele Luchtslang Ø 254 mm 10 Meter,,Air Connections,,,,"50,95",Op voorraad,https://www.bol.com/nl/nl/p/combiconnect-flexibele-luchtslang-o-254-mm-10-meter/9300000078882899/,3,"
 Combiconnect bestaat uit een zwarte gewapende kunststof buitenlaag en aluminium aan de binnenzijde en is geschikt voor toepassingen in mechanische ventilatiesystemen, machine afzuigingen en andere 
"
1027,Nevoox LF 2000 UV-C-luchtreiniger 20 m² Zilver,,Nevoox,,,,"513,56",,https://www.bol.com/nl/nl/p/nevoox-lf-2000-uv-c-luchtreiniger-20-m-zilver/9300000043292045/,2,"
Nevoox LF 2000 UV-C-luchtreiniger 20 m² ZilverGeluidsarme en effectieve UV-C-luchtreiniger met HEPA-filter. Voor zeer efficiënte luchtreiniging, voor een schone, veilige en frisse omgeving. HEPA 13-filter met 99,95% filtervermogen bij virussen en bacteriën. De teksten voor dit artikel zijn automatisch vertaald.FeaturesHighlights Voor zeer efficiënte luchtreiniging, voor een schone, veilige en frisse omgeving Geluidsarme en effectieve UV-C-luchtreiniger met HEPA-filter  HEPA 13-filter met 99,95% filtervermogen bij virussen en bacteriën LeveromvangNevoox luchtreiniger, HEPA-13 filter, GebruiksaanwijzingOpmerkingBatterijen voor de afstandsbediening apart bestellen!Geef bij de bestelling een telefoonnummer met op. Deze is nodig om de levering te Avaliseren. Illustration similar.
"
1028,TROTEC Datalogger DL200X,,Trotec,,,,"359,95",,https://www.bol.com/nl/nl/p/trotec-datalogger-dl200x/9300000076754235/,7,"
    Temperatuur, elektrische weerstand, druk, transport- of stromingssnelheid, etc., de DL200X is voor elke toepassing flexibel configureerbaar, omdat maar liefst zes verschillende sensoren tegelijk kunnen worden aangesloten.
 Praktische voordelen:* Tegen manipulatie beveiligde meetwaarderegistratie en -documentatie* Optimaal voor metingen gedurende lange perioden* Netwerkfunctie (LAN)* Laag energieverbruik* Flexibele stroomvoorziening via batterij of USB (PoE optioneel, op aanvraag)* Timerfunctie, variabele meetintervallen, alarmfunctie voor elk meetkanaal* Drie regel LCD voor meetwaardeweergave* Inclusief professionele software* Mogelijkheid tot het aansluiten van 6 externe meetgrootheidopnemers 
 Let op: specificaties kunnen zonder opgave van redenen in het belang van een lopende productverbetering door de fabrikant worden gewijzigd. 
 Aan de afbeeldingen van producten en eventueel getoonde specificaties of keurmerken kunnen geen rechten worden ontleend 
 
"
1029,Piano life saver system - Dampp chaser - Pad treatment - 500 ml - fles met dop,,Dampp-Chaser,,,,"29,95",Op voorraad,https://www.bol.com/nl/nl/p/piano-life-saver-system-dampp-chaser-pad-treatment-500-ml-fles-met-dop/9300000173140377/,0,"
Dampp-Chaser Pad Treatment gaat algengroei en de aangroei van mineralen in het water tegen. Elke keer als u het water van uw Piano Life Saver systeem vult, dient u een dopje van deze Pad Treatment aan het water toe te voegen. Door deze vloeistof blijft het water schoon, en wordt de levensduur van de Pads verlengt. Zo houdt u uw Dampp-Chaser piano life saver systeem in optimale conditie.  Fles met dop 500 ml  De beste zorg voor uw instrument is een Dampp-Chaser Piano Life Saver klimaatbeheersingssysteem. Een Dampp-Chaser wordt (vrijwel onzichtbaar) in uw instrument ingebouwd. Het mooie van dit systeem is dat het zowel kan bevochtigen als ontvochtigen. Het systeem houdt daarmee de luchtvochtigheid constant op ca 50%. Dit systeem is verreweg de beste oplossing om de luchtvochtigheid van uw instrument te stabiliseren. Uw piano of vleugel blijft daarmee langer op stemming, stabiliseert de werking van het hout (voorkomt oa vastzittende toetsen, vastlopende asjes, spanningsverschil op de zangbodem/kammen) en voorkomt corrosie. Gebruik alleen dit product in uw Piano Life Saver systeem. Andere producten kunnen chemicalen bevatten die het systeem kunnen schaden. Attentie!  Buiten bereik van kinderen houden. <1% CAS # 68424-85-1 No GHS Classification indicated 
"
1030,TROTEC PAE 35 luchtfilter,,Trotec,,,,"34,95",,https://www.bol.com/nl/nl/p/trotec-pae-35-luchtfilter/9300000095667958/,0,"
Luchtfilter voor de Trotec Aircooler PAE 35 HEPA.
 Let op: specificaties kunnen zonder opgave van redenen in het belang van een lopende productverbetering door de fabrikant worden gewijzigd. 
 Aan de afbeeldingen van producten en eventueel getoonde specificaties of keurmerken kunnen geen rechten worden ontleend 
"
1031,aclimat carbon filter voor silence A50 en Air centerC50,,,,,,"24,99",Op voorraad,https://www.bol.com/nl/nl/p/aclimat-carbon-filter-voor-silence-a50-en-air-centerc50/9300000132566712/,2,"
 De fijnporige, speciaal veredelde aktieve koolfilter-laag absobeertschadelijke gassen en luchtjes 
 Voor de Silence A50 en Air center C50 
"
1032,"Kanaalverwarmer NK160 2,4 kw",,Svent,,,,"189,95",Op voorraad,https://www.bol.com/nl/nl/p/kanaalverwarmer-nk160-2-4-kw/9300000171430507/,0,"
    Voor het verwarmen van de lucht in je ventilatiesysteem maak je gebruik van een kanaalverwarmer. Deze hoogwaardige kanaalverwarmer van het merk Svent sluit je moeiteloos aan op ronde spirobuizen met een diameter van 160 mm. Het krachtige verwarmingselement levert 2400 Watt aan vermogen. Het apparaat is uitgerust met een oververhittingsbeveiliging en is voorzien van een aansluiting voor een thermostaat.
  "
1033,Rucon metalen afvoer ventilatie ventiel met klemveren spierwit RAL9010 Ø 100 mm – DVSER 100,,Rucon Systemair,,,,"19,95",Op voorraad,https://www.bol.com/nl/nl/p/rucon-metalen-afvoer-ventilatie-ventiel-met-klemveren-spierwit-ral9010-o-100-mm-dvser-100/9300000171429986/,9,"
    Ventilatieventiel voor de afvoer van ventilatielucht nodig? Dan heb je aan dit Rucon metalen afvoerventiel een hele goede. Het ventiel is speciaal ontworpen voor het gebruik op spirobuizen (luchtbehandeling/spiro-materiaal/spirobuizen/) en andere ronde ventilatiekanalen. Je monteert het eenvoudig door middel van de geïntegreerde klemveren. Dankzij de foam ring ben je bovendien gegarandeerd van een luchtdichte en geluidsarme bevestiging. Traploos instelbaar tot een maximale luchtdoorlating van maar liefst 75 m³/h!
  "
1034,Starre aluminium ventilatieslang Ø 80mm 3 meter,,Europlast,,,,"19,95",Op voorraad,https://www.bol.com/nl/nl/p/starre-aluminium-ventilatieslang-o-80mm-3-meter/9300000171429883/,0,"
    Starre aluminium ventilatieslang diameter 80 mm lengte 3 meter
  "
1035,Aluconnect Ø 127mm aluminium afzuigslang - 10 meter,,Air Connections,,,,"22,95",Op voorraad,https://www.bol.com/nl/nl/p/aluconnect-o-127mm-aluminium-afzuigslang-10-meter/9300000171430890/,0,"
    De Aluconnect is een hoogwaardige flexibele luchtslang. Hij is gemaakt uit meerdere lage aluminium en polyester, met daartussen stalen spiraaldraad. Hierdoor is de slang brandveilig, bestand tegen hoge temperaturen en heeft hij een hoge trek- en buigsterkte. Een prima slang voor ventilatie- en afzuigtoepassingen in de horeca, fabriek of mechanische ventilatiesystemen. Deze slang heeft een diameter van 127 mm en is compact verpakt per 10 meter.
  "
1036,Spiro-SAFE vlakke aftakking Ø 200 mm,,Europlast,,,,"11,95",Op voorraad,https://www.bol.com/nl/nl/p/spiro-safe-vlakke-aftakking-o-200-mm/9300000171430128/,0,"
    Deze spiro flens gebruik je als aansluitstuk bij het aansluiten van ventilatiebuizen, luchtbuizen en luchtslangen op vlakke delen, zoals wand, plafond en vloer. Het onderdeel staat ook wel bekend als een vlak zadelstuk. Deze flens is voorzien van een SAFE-afdichtingsrubber, is vervaardigd uit hoogwaardig gegalvaniseerd staal, heeft een brede rand en een diameter van 200mm.
  "
1037,Spiro-SAFE T Stuk Ø 315 mm aftakking Ø 315 mm 90 graden,,Europlast,,,,"57,95",Op voorraad,https://www.bol.com/nl/nl/p/spiro-safe-t-stuk-o-315-mm-aftakking-o-315-mm-90-graden/9300000171430209/,0,"
    Maak een fenomenale splitsing in je luchtkanaal met dit spiro T-stuk. Het hulpstuk is vervaardigd uit gegalvaniseerd staal, wat het zeer goed bestand maakt tegen de invloeden van de tijd. Dankzij de SAFE-techniek monteer je het eenvoudig en luchtdicht (met luchtdichtheidsklasse D) op spirobuizen en -hulpstukken. Dit T-stuk heeft een diameter van 315 mm, met een aftakking met een diameter van 315 mm in een hoek van 90°.
  "
1038,Verbindstuk Ø 80 mm voor hulpstuk,,Europlast,,,,"10,95",Op voorraad,https://www.bol.com/nl/nl/p/verbindstuk-o-80-mm-voor-hulpstuk/9300000171430738/,0,"
    Dit verbindstuk met een diameter van 80 mm gebruik je om twee spiro hulpstukken met elkaar te verbinden. Denk bijvoorbeeld aan een spiro bocht en een T-stuk of broekstuk. Net als onze andere spiromateriaal is dit verbindingsstuk vervaardigd uit hoogwaardig gegalvaniseerd staal, waardoor je zeker bent van een extreem lange levensduur.
  "
1039,Verbindstuk Ø 250mm voor hulpstuk,,Europlast,,,,"10,95",Op voorraad,https://www.bol.com/nl/nl/p/verbindstuk-o-250mm-voor-hulpstuk/9300000171430737/,0,"
    Dit verbindstuk met een diameter van 250 mm gebruik je om twee spiro hulpstukken met elkaar te verbinden. Denk bijvoorbeeld aan een spiro bocht en een T-stuk of broekstuk. Net als onze andere spiromateriaal is dit verbindingsstuk vervaardigd uit hoogwaardig gegalvaniseerd staal, waardoor je zeker bent van een extreem lange levensduur.
  "
1040,Spiro-SAFE Verbindstuk Ø 355 mm voor buis en slang,,Europlast,,,,"21,95",Op voorraad,https://www.bol.com/nl/nl/p/spiro-safe-verbindstuk-o-355-mm-voor-buis-en-slang/9300000171430202/,0,"
    Wil je twee spirobuizen met een diameter van 355 mm luchtdicht met elkaar verbinden? Doe dit dan met dit verbindstuk uit topkwaliteit sendzimir. Het koppelstuk met speciaal SAFE-afdichtingsrubber garandeert een duurzame en naadloze verbinding van je luchtkanalen. Dankzij de rubberen ring hoef je de buis er alleen maar in te schuiven en dan zit ie vast, met luchtdichtheidsklasse D!
  "
1041,"Kanaalverwarmer NK200 2,4 kw",,Svent,,,,"212,95",Op voorraad,https://www.bol.com/nl/nl/p/kanaalverwarmer-nk200-2-4-kw/9300000171430499/,0,"
    Voor het verwarmen van de lucht in je ventilatiesysteem maak je gebruik van een kanaalverwarmer. Deze hoogwaardige kanaalverwarmer van het merk Svent sluit je moeiteloos aan op ronde spirobuizen met een diameter van 200 mm. Het krachtige verwarmingselement levert 2400 Watt aan vermogen. Het apparaat is uitgerust met een oververhittingsbeveiliging en is voorzien van een aansluiting voor een thermostaat.
  "
1042,Europlast metalen ventilatierooster rond aluminium Ø 100mm - MR100Al,,Europlast,,,,"12,95",Op voorraad,https://www.bol.com/nl/nl/p/europlast-metalen-ventilatierooster-rond-aluminium-o-100mm-mr100al/9300000171429958/,3,"
    Met dit degelijke ronde ventilatierooster werk je jouw ventilatiesysteem netjes af. Het rooster is zowel binnen als buiten te gebruiken. Het is geschikt voor mechanische ventilatiesystemen, maar kan ook gebruikt worden voor muur- of deurventilatie. Ook is het toepasbaar voor zowel inblaas- als afvoertoepassingen. Kortom: een heel veelzijdig rooster dus! Dankzij het gaas hoef je je bovendien geen zorgen te maken over vuil en insecten en door de schuine lamellen beschermt het rooster ook goed tegen regen en wind. Verkrijgbaar in verschillende afmetingen en kleuren.
  "
1043,Spiro-SAFE Regelklep handbediend Ø 150 mm,,Europlast,,,,"23,95",Op voorraad,https://www.bol.com/nl/nl/p/spiro-safe-regelklep-handbediend-o-150-mm/9300000171430262/,3,"
    Deze spiro regelklep met handbediening is de ideale oplossing als je zelf de luchttoevoer in een luchtkanaal wilt instellen. De klep is hiertoe voorzien van een blad, dat op elke gewenste positie vastgezet kan worden. Zo stel je de luchtdoorlaat in een spirobuis heel precies in. Geschikt voor montage op een ronde buis met een diameter van 150 mm. Dankzij de SAFE-techniek is de klep eenvoudig te monteren en heeft de aansluiting nagenoeg geen drukverlies.
  "
1044,Spiro-SAFE bocht Ø 160 mm 90 graden,,Europlast,,,,"18,95",Op voorraad,https://www.bol.com/nl/nl/p/spiro-safe-bocht-o-160-mm-90-graden/9300000171430299/,0,"
    Soms kun je niet rechtdoor en moet je bochten maken in je ventilatiekanalen. Dat doe je met spiro bochten. Onze bochten zijn voorzien van een zogenaamd SAFE-afdichtingsrubber. Hierdoor heb je een minimaal drukverlies en dus een geweldig rendement! We hebben deze bochten voor je in alle diametermaten en hoeken. Zie voor een overzicht van alle maten en afmetingen ook de tekening hierboven. Deze specifieke spiro bocht heeft een diameter van 160 mm en maakt een hoek van 90 graden. De bocht is gemaakt uit geperst gegalvaniseerd staal. Daardoor is het product vochtbestendig en mooi glad. Perfect voor een jarenlange soepele luchtcirculatie!
  "
1045,Spiro-SAFE Zadelstuk Ø 250 - 125 mm 90 graden,,Europlast,,,,"11,95",Op voorraad,https://www.bol.com/nl/nl/p/spiro-safe-zadelstuk-o-250-125-mm-90-graden/9300000171430180/,0,"
    Heb je een spirobuis van met een diameter van 250 mm? En wil je hier loodrecht een buis of flexibele slang met een diameter van 125 mm op monteren, om zo je luchtkanaal te vertakken? Doe dit dan met dit zadelstuk uit hoogwaardig gegalvaniseerd staal. Dit zadelstuk garandeert een duurzame en luchtdichte (klasse D) verbinding in je spiro systeem, dankzij de SAFE-techniek.
  "
1046,Ruck verbindingsmachet 2 stuks Ø 150mm - VM 150,,Ruck,,,,"22,95",Op voorraad,https://www.bol.com/nl/nl/p/ruck-verbindingsmachet-2-stuks-o-150mm-vm-150/9300000171429842/,0,"
    Ruck verbindingsmachet 2 stuks Ø 150mm - VM 150 Dit verbindingsmachet is geschikt voor het verbinden van stukken buis of het koppelen van 2 flensen van dezelfde maat. Door de laag neopreen is de verbinding geluidsdicht. U krijgt 2 verbindingsmanchets geleverd.
  "
1047,Aircotube S430 1/2 koelleiding 30 meter,,aircotube,,,,"219,-",Op voorraad,https://www.bol.com/nl/nl/p/aircotube-s430-1-2-koelleiding-30-meter/9200000129695973/,1,"
    De Aircotube koelleiding (S) is conform de PED en geschikt voor alle koelgassen. De witte versterkte isolatie in zowel 9-10mm bestaat uit 3-lagen (µ >6000) en is geschikt voor warmtepomp tot +115°C en hebben een brandklasse BL-s1,d0 (EN13501-1+1A).
  "
1048,Spiro-SAFE Verbindstuk Ø 150 mm voor buis en slang,,Europlast,,,,"11,95",Op voorraad,https://www.bol.com/nl/nl/p/spiro-safe-verbindstuk-o-150-mm-voor-buis-en-slang/9300000171430232/,0,"
    Wil je twee spirobuizen met een diameter van 150 mm luchtdicht met elkaar verbinden? Doe dit dan met dit verbindstuk uit topkwaliteit sendzimir. Het koppelstuk met speciaal SAFE-afdichtingsrubber garandeert een duurzame en naadloze verbinding van je luchtkanalen. Dankzij de rubberen ring hoef je de buis er alleen maar in te schuiven en dan zit ie vast, met luchtdichtheidsklasse D!
  "
1049,Spiro-SAFE T Stuk Ø 200 mm aftakking Ø 200 mm 90 graden,,Europlast,,,,"33,95",Op voorraad,https://www.bol.com/nl/nl/p/spiro-safe-t-stuk-o-200-mm-aftakking-o-200-mm-90-graden/9300000171430231/,0,"
    Maak een fenomenale splitsing in je luchtkanaal met dit spiro T-stuk. Het hulpstuk is vervaardigd uit gegalvaniseerd staal, wat het zeer goed bestand maakt tegen de invloeden van de tijd. Dankzij de SAFE-techniek monteer je het eenvoudig en luchtdicht (met luchtdichtheidsklasse D) op spirobuizen en -hulpstukken. Dit T-stuk heeft een diameter van 200 mm, met een aftakking met een diameter van 200 mm in een hoek van 90°.
  "
1050,Spiro-SAFE verloopstuk 200 mm - 160 mm,,Europlast,,,,"15,95",Op voorraad,https://www.bol.com/nl/nl/p/spiro-safe-verloopstuk-200-mm-160-mm/9300000171430155/,3,"
    Voor het koppelen van spirobuizen en spiro hulpstukken van verschillende diameters gebruik je een spiro verloopstuk. Onze verloopstukken zijn voorzien van SAFE-afdichtingsrubber en gemaakt uit hoogwaardig verzinkt sendzimir-staal, waardoor ze uiterst duurzaam zijn en voldoen aan luchtdichtheidsklasse D. Dit verloopstuk is geschikt om een rond luchtkanaal met een diameter van 200 mm te monteren op een buis of hulpstuk met een diameter van 160 mm.
  "
1051,Eindstuk met vogelgaas Ø 200mm,,Europlast,,,,"27,95",Op voorraad,https://www.bol.com/nl/nl/p/eindstuk-met-vogelgaas-o-200mm/9300000171430849/,0,"
    Eindstuk nodig voor een spiro luchtkanaal? Dit eindstuk uit gegalvaniseerd staal met vogelgaas, ook wel bekend als uitblaasstuk, heeft een aansluitdiameter van 200 mm. Het is bijzonder geschikt als eindstuk voor horizontale uitstroomkanalen, zoals door muren. Dankzij het vogelgaas hoef je niet bang te zijn voor vogels, ander ongedierte of bladeren in je kanaal.
  "
1052,Spiro-SAFE verloopstuk 355 mm - 200 mm,,Europlast,,,,"36,95",Op voorraad,https://www.bol.com/nl/nl/p/spiro-safe-verloopstuk-355-mm-200-mm/9300000171430157/,3,"
    Voor het koppelen van spirobuizen en spiro hulpstukken van verschillende diameters gebruik je een spiro verloopstuk. Onze verloopstukken zijn voorzien van SAFE-afdichtingsrubber en gemaakt uit hoogwaardig verzinkt sendzimir-staal, waardoor ze uiterst duurzaam zijn en voldoen aan luchtdichtheidsklasse D. Dit verloopstuk is geschikt om een rond luchtkanaal met een diameter van 355 mm te monteren op een buis of hulpstuk met een diameter van 200 mm.
  "
1053,Spiro-SAFE verloopstuk 100 mm - 80 mm,,Europlast,,,,"12,95",Op voorraad,https://www.bol.com/nl/nl/p/spiro-safe-verloopstuk-100-mm-80-mm/9300000171430185/,3,"
    Voor het koppelen van spirobuizen en spiro hulpstukken van verschillende diameters gebruik je een spiro verloopstuk. Onze verloopstukken zijn voorzien van SAFE-afdichtingsrubber en gemaakt uit hoogwaardig verzinkt sendzimir-staal, waardoor ze uiterst duurzaam zijn en voldoen aan luchtdichtheidsklasse D. Dit verloopstuk is geschikt om een rond luchtkanaal met een diameter van 100 mm te monteren op een buis of hulpstuk met een diameter van 80 mm.
  "
1054,Aluconnect Ø 254mm aluminium afzuigslang - 10 meter,,Air Connections,,,,"51,95",Op voorraad,https://www.bol.com/nl/nl/p/aluconnect-o-254mm-aluminium-afzuigslang-10-meter/9300000171430879/,0,"
    De Aluconnect is een hoogwaardige flexibele luchtslang. Hij is gemaakt uit meerdere lage aluminium en polyester, met daartussen stalen spiraaldraad. Hierdoor is de slang brandveilig, bestand tegen hoge temperaturen en heeft hij een hoge trek- en buigsterkte. Een prima slang voor ventilatie- en afzuigtoepassingen in de horeca, fabriek of mechanische ventilatiesystemen. Deze slang heeft een diameter van 254 mm en is compact verpakt per 10 meter.
  "
1055,Europlast kunststof gevelrooster met terugslagklep 190 x 190mm grijs Ø 125 mm - ND12FVP,,Europlast,,,,"20,95",Op voorraad,https://www.bol.com/nl/nl/p/europlast-kunststof-gevelrooster-met-terugslagklep-190-x-190mm-grijs-o-125-mm-nd12fvp/9300000171430037/,3,"
    Dit gevelrooster uit kunststof is speciaal ontworpen voor de afvoer van lucht en het voorkomen van tegengestelde luchtstromen. Daardoor is het ideaal voor gebruik bij mechanische ventilatiesystemen en afvoerinstallaties die niet permanent draaien. Het ingenieuze ontwerp met terugslagklep blokkeert de luchtstroom wanneer er sprake is van onderdruk in het kanaal. Bij overdruk, dus wanneer je installatie draait, opent de klep vanzelf en kan de lucht soepel afgevoerd worden. Je monteert dit fraaie roostertje eenvoudig op een ronde ventilatiebuis. Let daarbij op de aansluitdiameter!
  "
1056,S&P TD 500/160 3V 220-240V50/60 kanaalventilator,,Soler & Palau,,,,"291,95",Op voorraad,https://www.bol.com/nl/nl/p/s-p-td-500-160-3v-220-240v50-60-kanaalventilator/9300000075986005/,0,"
    Soler & Palau kunststof buisventilator 560m3 Ø 160mm - TD 500/160 De TD-mixvent compacte buisventilatoren zijn gemaakt van stevige kunststof (van model 160 tot 800) of met stalen behuizing en afgewerkt met een degelijke epoxy-polyester coating (van de modellen 1000 tot 6000). Dankzij het Unique ontwerp van de montagebeugel kan het motorhuis geplaatst of verwijderd worden zonder de kanalen te verwijderen. * Model 160-2000: isolatieklasse B, met kogellagers en thermische overbelastingsbeveiliging.IP 44 Standaard twee-toeren motor regelbaar. * Spanning: enkelfase 230V-50/60Hz. * Eenvoudig onderhoud: Het unieke ontwerp van de montagesteun zorgt ervoor dat u het ventilatorhuis kunt verwijderen zonder de kanalen te hoeven demonteren. Aanvullende informatie Driefase modellen regelbaar door frequentie regeling.
  "
1057,Europlast kunststof ventilatierooster rond wit met grill Ø 100mm - NGA100,,Europlast,,,,"13,95",Op voorraad,https://www.bol.com/nl/nl/p/europlast-kunststof-ventilatierooster-rond-wit-met-grill-o-100mm-nga100/9300000171430033/,3,"
    Met dit krachtige ventilatierooster van het merk Europlast weet je zeker dat je jouw ventilatiekanalen tiptop afwerkt. Het rooster kan gebruikt worden voor het plafond en voor in de wand en is eenvoudig te monteren op een spirobuis (luchtbehandeling/spiro-materiaal/spirobuizen/). De grill beschermt je luchtkanaal tegen vuil en insecten. Dankzij de fabricage uit hoogwaardig brandvertragend kunststof voldoet dit rooster bovendien aan alle hedendaagse normen voor ventilatie. Verkrijgbaar in diverse kleuren en afmetingen.
  "
1058,Spiro-SAFE bocht Ø 100 mm 90 graden,,Europlast,,,,"13,95",Op voorraad,https://www.bol.com/nl/nl/p/spiro-safe-bocht-o-100-mm-90-graden/9300000171430306/,0,"
    Soms kun je niet rechtdoor en moet je bochten maken in je ventilatiekanalen. Dat doe je met spiro bochten. Onze bochten zijn voorzien van een zogenaamd SAFE-afdichtingsrubber. Hierdoor heb je een minimaal drukverlies en dus een geweldig rendement! We hebben deze bochten voor je in alle diametermaten en hoeken. Zie voor een overzicht van alle maten en afmetingen ook de tekening hierboven. Deze specifieke spiro bocht heeft een diameter van 100 mm en maakt een hoek van 90 graden. De bocht is gemaakt uit geperst gegalvaniseerd staal. Daardoor is het product vochtbestendig en mooi glad. Perfect voor een jarenlange soepele luchtcirculatie!
  "
1059,Spiro-SAFE verloopstuk 200 mm - 100 mm,,Europlast,,,,"15,95",Op voorraad,https://www.bol.com/nl/nl/p/spiro-safe-verloopstuk-200-mm-100-mm/9300000171430147/,3,"
    Voor het koppelen van spirobuizen en spiro hulpstukken van verschillende diameters gebruik je een spiro verloopstuk. Onze verloopstukken zijn voorzien van SAFE-afdichtingsrubber en gemaakt uit hoogwaardig verzinkt sendzimir-staal, waardoor ze uiterst duurzaam zijn en voldoen aan luchtdichtheidsklasse D. Dit verloopstuk is geschikt om een rond luchtkanaal met een diameter van 200 mm te monteren op een buis of hulpstuk met een diameter van 100 mm.
  "
1060,Spiro-SAFE T-stuk Ø 150 mm aftakking Ø 150 mm 90 graden,,Europlast,,,,"25,95",Op voorraad,https://www.bol.com/nl/nl/p/spiro-safe-t-stuk-o-150-mm-aftakking-o-150-mm-90-graden/9300000171430228/,0,"
    Maak een fenomenale splitsing in je luchtkanaal met dit spiro T-stuk. Het hulpstuk is vervaardigd uit gegalvaniseerd staal, wat het zeer goed bestand maakt tegen de invloeden van de tijd. Dankzij de SAFE-techniek monteer je het eenvoudig en luchtdicht (met luchtdichtheidsklasse D) op spirobuizen en -hulpstukken. Dit T-stuk heeft een diameter van 150 mm, met een aftakking met een diameter van 150 mm in een hoek van 90°.
  "
1061,Svent kunststof buisventilator met temperatuur regelaar 552m3 Ø 150mm – TT150U,,Svent,,,,"196,95",Op voorraad,https://www.bol.com/nl/nl/p/svent-kunststof-buisventilator-met-temperatuur-regelaar-552m3-o-150mm-tt150u/9300000171430480/,3,"
    Svent kunststof buisventilator met temperatuur regelaar 552m3 Ø 150mm – TT150U * Buisventilator met kunststof behuizing * Geïntegreerde thermische motorbeveiliging. * Zowel horizontaal als verticaal te monteren. * De behuizing en het ventilatorwiel zijn gemaakt van weerstandsbestendig ABS-kunststof. * Temperatuursensor ingebouwd in kanaalstroom. * Naarmate de ingestelde temperatuur is overschreden zal de ventilator op vol vermogen werken, indien de temperatuur onder de ingestelde waarde zal komen draait de ventilator op de ingestelde snelheid. Tip! Wilt u een geluidsdichte verbinding? Kies dan voor een verbindingsmachet (product/ruck-verbindingsmachet-2-stuks-o-150mm-vm-150/).
  "
1062,Spiro-SAFE verloopstuk 160 mm - 125 mm,,Europlast,,,,"13,95",Op voorraad,https://www.bol.com/nl/nl/p/spiro-safe-verloopstuk-160-mm-125-mm/9300000171430145/,3,"
    Voor het koppelen van spirobuizen en spiro hulpstukken van verschillende diameters gebruik je een spiro verloopstuk. Onze verloopstukken zijn voorzien van SAFE-afdichtingsrubber en gemaakt uit hoogwaardig verzinkt sendzimir-staal, waardoor ze uiterst duurzaam zijn en voldoen aan luchtdichtheidsklasse D. Dit verloopstuk is geschikt om een rond luchtkanaal met een diameter van 160 mm te monteren op een buis of hulpstuk met een diameter van 125 mm.
  "
1063,Euroline luchtkoppeling - ventielsteekkoppeling - snelkoppeling met buitendraad - 1/4”,,GAV,,,,"16,28",Op voorraad,https://www.bol.com/nl/nl/p/univers-koppeling-28508-bu1-4/9200000119431765/,3,"
    Univers Koppeling 28508 Bu1/4
  "
1064,Ruck verbindingsmachet 2 stuks Ø 125mm - VM 125,,Ruck,,,,"21,95",Op voorraad,https://www.bol.com/nl/nl/p/ruck-verbindingsmachet-2-stuks-o-125mm-vm-125/9300000171429843/,0,"
    Ruck verbindingsmachet 2 stuks Ø 125mm - VM 125 Dit verbindingsmachet is geschikt voor het verbinden van stukken buis of het koppelen van 2 flensen van dezelfde maat. Door de laag neopreen is de verbinding geluidsdicht. U krijgt 2 verbindingsmanchets geleverd.
  "
1065,Eindstuk met vogelgaas Ø 100 mm,,Europlast,,,,"18,95",Op voorraad,https://www.bol.com/nl/nl/p/eindstuk-met-vogelgaas-o-100-mm/9300000171430184/,0,"
    Eindstuk nodig voor een spiro luchtkanaal? Dit eindstuk uit gegalvaniseerd staal met vogelgaas, ook wel bekend als uitblaasstuk, heeft een aansluitdiameter van 100 mm. Het is bijzonder geschikt als eindstuk voor horizontale uitstroomkanalen, zoals door muren. Dankzij het vogelgaas hoef je niet bang te zijn voor vogels, ander ongedierte of bladeren in je kanaal.
  "
1066,Spiro-SAFE deksel Ø 400 mm voor buis en slang,,Europlast,,,,"24,95",Op voorraad,https://www.bol.com/nl/nl/p/spiro-safe-deksel-o-400-mm-voor-buis-en-slang/9300000171430265/,0,"
    Dit spiro deksel met SAFE-afdichtingsrubber is speciaal ontworpen voor het afsluiten van ronde ventilatiekanalen. Daarmee is het bijzonder geschikt voor het luchtdicht (klasse D) afsluiten van spirobuizen. Het afsluitstuk heeft een diameter van 400 mm en is gemaakt uit gegalvaniseerd staal, wat het donders duurzaam maakt.
  "
1067,Stormkraag Ø 125mm,,Europlast,,,,"37,95",Op voorraad,https://www.bol.com/nl/nl/p/stormkraag-o-125mm/9300000171430797/,0,"
    Met deze gegalvaniseerde stormkraag heb je een ideale en uiterst duurzame oplossing voor het waterdicht afwerken van een dakdoorgang. Hierdoor komt er geen (regen-)water in je luchtkanaal en/of ventilatiesysteem. Deze stormkraag sluit je naadloos aan op een spirobuis met een diameter van 125 mm.
  "
1068,Spiro-SAFE Terugslagklep Ø 315 mm,,Europlast,,,,"37,95",Op voorraad,https://www.bol.com/nl/nl/p/spiro-safe-terugslagklep-o-315-mm/9300000171430233/,3,"
    Op zoek naar een terugslagklep met waar de kwaliteit van afspat? En die ook nog eens aantrekkelijk geprijsd is? Zoek niet verder. Wij hebben hier een prachtig staaltje terugslagklep met een diameter van 315 mm uit gegalvaniseerd staal, met SAFE-afdichtingsrubber: een verrijking voor elk luchtkanaal. Ook wel bekend als vlinderklep zorg je er met dit product voor dat lucht niet kan terugstromen in het kanaal. Handig!
  "
1069,Europlast aluminium plintrooster goud 500 x 80mm - RA850G,,Europlast,,,,"22,95",Op voorraad,https://www.bol.com/nl/nl/p/europlast-aluminium-plintrooster-goud-500-x-80mm-ra850g/9300000171429930/,4,"
    Ventilatie is van onschatbare waarde. Bewegende lucht zorgt ervoor dat ongezonde stoffen, vieze geuren, bacteriën en virussen snel verspreiden en de ruimte verlaten. Zo houd je binnenruimten gezond, fris en aangenaam! Met dit prachtige aluminium plintrooster ventileer je effectief en in stijl. Plaats het in de keuken, in een deur, in deurlijsten of bijvoorbeeld in het dakbeschot, en je hebt verder nergens omkijken meer naar! Tip: let erop dat je de goede maat hebt (anders past ie namelijk niet). Zie hiervoor de technische tekening bij de afbeeldingen van het product. De afmetingen die bij de letters horen zijn bij deze maat als volgt: * Maat A: 80mm * Maat B: 500mm * Maat C: 1.5mm * Maat D: 64mm * Maat E: 480mm
  "
1070,"Starre aluminium ventilatieslang Ø 160mm 1,5 meter",,Europlast,,,,"20,95",Op voorraad,https://www.bol.com/nl/nl/p/starre-aluminium-ventilatieslang-o-160mm-1-5-meter/9300000171429882/,0,"
    Starre aluminium ventilatieslang diameter 160 mm lengte 1.5 meter
  "
1071,Spirobuis Ø 450 mm 150cm,,Europlast,,,,"77,95",Op voorraad,https://www.bol.com/nl/nl/p/spirobuis-o-450-mm-150cm/9300000171430017/,0,"
    Spirobuizen zijn de basis van je luchtkanalen. Ga daarom voor kwaliteitsbuizen. Onze buizen zijn vervaardigd uit hoogwaardig gegalvaniseerd staal, waardoor ze een zeer lange levensduur hebben. De buis is spiraal geklist met staalband, wat bijdraagt aan een lage luchtweerstand en een soepele doorstroom. Deze buis heeft een diameter van 450 mm en een lengte van 1.5 meter. Eenvoudig in te korten met een slijptol of ijzerzaag.
  "
1072,Spiro-SAFE Verbindstuk Ø 400 mm voor buis en slang,,Europlast,,,,"23,95",Op voorraad,https://www.bol.com/nl/nl/p/spiro-safe-verbindstuk-o-400-mm-voor-buis-en-slang/9300000171430190/,0,"
    Wil je twee spirobuizen met een diameter van 400 mm luchtdicht met elkaar verbinden? Doe dit dan met dit verbindstuk uit topkwaliteit sendzimir. Het koppelstuk met speciaal SAFE-afdichtingsrubber garandeert een duurzame en naadloze verbinding van je luchtkanalen. Dankzij de rubberen ring hoef je de buis er alleen maar in te schuiven en dan zit ie vast, met luchtdichtheidsklasse D!
  "
1073,Spiro-SAFE Zadelstuk Ø 125 - 125 mm 90 graden,,Europlast,,,,"11,95",Op voorraad,https://www.bol.com/nl/nl/p/spiro-safe-zadelstuk-o-125-125-mm-90-graden/9300000171430204/,0,"
    Heb je een spirobuis van met een diameter van 125 mm? En wil je hier loodrecht een buis of flexibele slang met een diameter van 125 mm op monteren, om zo je luchtkanaal te vertakken? Doe dit dan met dit zadelstuk uit hoogwaardig gegalvaniseerd staal. Dit zadelstuk garandeert een duurzame en luchtdichte (klasse D) verbinding in je spiro systeem, dankzij de SAFE-techniek.
  "
1074,"Luchtontvochtiger Slaapkamer - Luchtontvochtiger Badkamer - 35 oz voor thuis - slaapkamer - badkamer, mini draagbare luchtontvochtiger met automatische uitschakeling - 7 kleuren nachtverlichting - Zwart",,Merkloos,,,,"130,95",,https://www.bol.com/nl/nl/p/luchtontvochtiger-slaapkamer-luchtontvochtiger-badkamer-35-oz-voor-thuis-slaapkamer-badkamer-mini-draagbare-luchtontvochtiger-met-automatische-uitschakeling-7-kleuren-nachtverlichting-zwart/9300000169198340/,5,"
 Kleine luchtontvochtiger 35 oz voor thuis, slaapkamer, badkamer, mini draagbare luchtontvochtiger met automatische uitschakeling, 7 kleuren nachtverlichting, ultrastil voor kast, camper auto   Automatische uitschakeling   Stille werking   Draagbaar  Prestatiebeschrijving:  Ontvochtigingsefficiëntie: 17 oz/dag (bij: 86°F en 80% RH)   Capaciteit watertank: 1000 ml   Aanbevolen oppervlakte: 50-285 vierkante meter.   Afmetingen: 19 x 16 x 24 cm   Gewicht: 2,8 kg (1270 g)   Nominaal vermogen: 48W   Ingang: 100-240V ~ 1,5A 
"
1075,Ulsonix Ultrasone reiniger - 4.5 liter - 120 W,,Ulsonix,,,,"169,-",,https://www.bol.com/nl/nl/p/ulsonix-ultrasone-reiniger-4-5-liter-120-w/9300000021964334/,11,"
Of het nu in uw werkplaats of in het laboratorium is - de ultrasone reiniger laat elk object glanzend en schoon De ultrasone reiniger PROCLEAN 4.5MS reinigt effectief en voorzichtig zeer gevoelige instrumenten, filigraan gereedschap en mechanische of elektronische componenten. De professionele ultrasone reiniger is een belangrijk onderdeel in de uitrusting van medische praktijken en laboratoria, evenals in winkels van juweliers en horlogemakers en opticiens. Deze ultrasone reiniger is ook geschikt voor gebruik thuis, wanneer u uw sieraden, edelstenen, munten of glazen wilt reinigen. Product hoogtepunten  Volume: 4.5 L Kracht: 120 W Frequentie: 40 kHz Timer: 0 - 60 minuten Roestvrij staal   Met zijn twee transducers van 120 watt produceert het apparaat een ultrasone frequentie van 40 kHz om zelfs de moeilijker bereikbare hoeken grondig en effectief schoon te maken, inclusief ruimtes waar het menselijk oog geen onzuiverheden kan detecteren. U kunt de schoonmaaktijd instellen tussen 0 en 60 minuten. De ultrasone reiniger heeft een warmteafgifte van 100 watt en kan traploos worden ingesteld tot 80 ° C voor een precies geïndividualiseerd reinigingsproces. De timer en temperatuur kunnen gemakkelijk worden aangepast met behulp van de grote bedieningsknoppen. De ultrasone reinigingsmachine PROCLEAN 4.5MS bevat een roestvrijstalen tank van 4,5 liter, mand en deksel. Dankzij de hoogwaardige materialen is het ultrasone bad niet alleen stabiel, maar ook zeer eenvoudig te reinigen. Het is een investering op lange termijn die altijd hygiënisch en dus onschadelijk blijft voor zijn gebruikers.
"
1076,DEC metalen afvoer ventilatie ventiel met klemveren spierwit RAL9010 Ø 200 mm – DVSC200,,DEC INTERNATIONAL,,,,"28,95",Op voorraad,https://www.bol.com/nl/nl/p/dec-metalen-afvoer-ventilatie-ventiel-met-klemveren-spierwit-ral9010-o-200-mm-dvsc200/9300000171430016/,7,"
    Dit DEC metalen afvoerventiel is bijzonder geschikt als ventiel bij de afzuiging van lucht uit ruimten. Dankzij de geïntegreerde klemveren is het ventiel eenvoudig te monteren op ronde ventilatiebuizen in wanden en plafonds. Het ventiel is traploos instelbaar tot een maximaal vermogen van 50 m³/h. Ideaal dus voor uiteenlopende ventilatietoepassingen!
  "
1077,Aluconnect Ø 160mm aluminium afzuigslang - 10 meter,,Air Connections,,,,"35,95",Op voorraad,https://www.bol.com/nl/nl/p/aluconnect-o-160mm-aluminium-afzuigslang-10-meter/9300000171430881/,0,"
    De Aluconnect is een hoogwaardige flexibele luchtslang. Hij is gemaakt uit meerdere lage aluminium en polyester, met daartussen stalen spiraaldraad. Hierdoor is de slang brandveilig, bestand tegen hoge temperaturen en heeft hij een hoge trek- en buigsterkte. Een prima slang voor ventilatie- en afzuigtoepassingen in de horeca, fabriek of mechanische ventilatiesystemen. Deze slang heeft een diameter van 160 mm en is compact verpakt per 10 meter.
  "
1078,"Starre aluminium ventilatieslang Ø 80mm 1,5 meter",,Europlast,,,,"13,95",Op voorraad,https://www.bol.com/nl/nl/p/starre-aluminium-ventilatieslang-o-80mm-1-5-meter/9300000171429887/,0,"
    Starre aluminium ventilatieslang diameter 80 mm lengte 1.5 meter
  "
1079,Spiro-SAFE Verbindstuk Ø 200 mm voor buis en slang,,Europlast,,,,"12,95",Op voorraad,https://www.bol.com/nl/nl/p/spiro-safe-verbindstuk-o-200-mm-voor-buis-en-slang/9300000171430191/,0,"
    Wil je twee spirobuizen met een diameter van 200 mm luchtdicht met elkaar verbinden? Doe dit dan met dit verbindstuk uit topkwaliteit sendzimir. Het koppelstuk met speciaal SAFE-afdichtingsrubber garandeert een duurzame en naadloze verbinding van je luchtkanalen. Dankzij de rubberen ring hoef je de buis er alleen maar in te schuiven en dan zit ie vast, met luchtdichtheidsklasse D!
  "
1080,TROTEC Datalogger DL200P,,Trotec,,,,"479,95",,https://www.bol.com/nl/nl/p/trotec-datalogger-dl200p/9300000076753163/,6,"
 Datalogger voor registratie van luchttemperatuur, dauwpunt evenals relatieve en absolute luchtvochtigheid.Deze gegevenslogger toont realtime-gegevens en registreert gegevens over langere perioden en biedt de mogelijkheid tot vastlegging in een netwerk en is onmisbaar voor nauwkeurige metingen.Bij de DL200P kunnen twee elektrodeparen (niet bij de levering inbegrepen) tegelijk worden aangebracht voor weerstandsvochtigheidsmeting.Praktische voordelen:* Optimaal voor metingen gedurende lange perioden* Parallelle registratie van maximaal 20 separate meetkanalen* Netwerkfunctie (LAN)* Laag energieverbruik* Flexibele stroomvoorziening via batterij of USB (PoE optioneel, op aanvraag)* Variabele meetintervallen, alarmfunctie voor elk meetkanaal* LCD voor meetwaardeweergave* Inclusief professionele software 
 Let op: specificaties kunnen zonder opgave van redenen in het belang van een lopende productverbetering door de fabrikant worden gewijzigd. 
 Aan de afbeeldingen van producten en eventueel getoonde specificaties of keurmerken kunnen geen rechten worden ontleend 
"
1081,Spiro-SAFE vlakke aftakking Ø 125 mm,,Europlast,,,,"10,95",Op voorraad,https://www.bol.com/nl/nl/p/spiro-safe-vlakke-aftakking-o-125-mm/9300000171430113/,0,"
    Deze spiro flens gebruik je als aansluitstuk bij het aansluiten van ventilatiebuizen, luchtbuizen en luchtslangen op vlakke delen, zoals wand, plafond en vloer. Het onderdeel staat ook wel bekend als een vlak zadelstuk. Deze flens is voorzien van een SAFE-afdichtingsrubber, is vervaardigd uit hoogwaardig gegalvaniseerd staal, heeft een brede rand en een diameter van 125 mm.
  "
1082,Thermoduct geisoleerde spiro T Stuk Ø 160 mm aftakking Ø 125 mm,,Econox,,,,"45,95",Op voorraad,https://www.bol.com/nl/nl/p/thermoduct-geisoleerde-spiro-t-stuk-o-160-mm-aftakking-o-125-mm/9300000171430065/,0,"
    Aftakkingen om van te dromen maak je eenvoudig met dit thermisch geïsoleerde spiro T-stuk. Dankzij de speciale SAFE-afdichtingsrubbers monteer je het T-stuk eenvoudig op spirobuizen en ben je gegarandeerd van een luchtdichte verbinding. Dit Thermoduct T-stuk bestaat uit een gegalvaniseerd stalen binnenmantel en een thermisch isolerende buitenmantel. Dit maakt het bijzonder geschikt voor de aan- en afvoer van lucht bij WTW-units en installaties met warmtepompen.
  "
1083,Spiro-SAFE verloopstuk 250 mm - 125 mm,,Europlast,,,,"19,95",Op voorraad,https://www.bol.com/nl/nl/p/spiro-safe-verloopstuk-250-mm-125-mm/9300000171430146/,3,"
    Voor het koppelen van spirobuizen en spiro hulpstukken van verschillende diameters gebruik je een spiro verloopstuk. Onze verloopstukken zijn voorzien van SAFE-afdichtingsrubber en gemaakt uit hoogwaardig verzinkt sendzimir-staal, waardoor ze uiterst duurzaam zijn en voldoen aan luchtdichtheidsklasse D. Dit verloopstuk is geschikt om een rond luchtkanaal met een diameter van 250 mm te monteren op een buis of hulpstuk met een diameter van 125 mm.
  "
1084,Sonoconnect Ø 254mm akoestisch geïsoleerde afzuigslang - 10 meter,,,,,,"73,95",Op voorraad,https://www.bol.com/nl/nl/p/sonoconnect-o-254mm-akoestisch-geisoleerde-afzuigslang-10-meter/9300000171430800/,2,"
    De Sonoconnect is een flexibele slang met bijzonder goede thermische en akoestische isolatie. Het is de favoriete keuze van menig vakman en doe-het-zelver die een stevige en brandveilige slang nodig heeft, die ook nog eens goed isoleert. Hij is bijvoorbeeld een ideaal onderdeel van airco’s en verwarmingssystemen die stil en met minimaal warmteverlies hun werk moeten doen. Je bestelt de slang met een diameter van 254 mm per compacte verpakking van 10 meter. De slang is makkelijk op maat te snijden of knippen.
  "
1085,Spiro-SAFE vlakke aftakking Ø 100 mm,,Europlast,,,,"9,95",Op voorraad,https://www.bol.com/nl/nl/p/spiro-safe-vlakke-aftakking-o-100-mm/9300000171430110/,0,"
    Deze spiro flens gebruik je als aansluitstuk bij het aansluiten van ventilatiebuizen, luchtbuizen en luchtslangen op vlakke delen, zoals wand, plafond en vloer. Het onderdeel staat ook wel bekend als een vlak zadelstuk. Deze flens is voorzien van een SAFE-afdichtingsrubber, is vervaardigd uit hoogwaardig gegalvaniseerd staal, heeft een brede rand en een diameter van 100 mm.
  "
1086,Sonoconnect Ø 152mm akoestisch geïsoleerde afzuigslang - 10 meter,,,,,,"54,95",Op voorraad,https://www.bol.com/nl/nl/p/sonoconnect-o-152mm-akoestisch-geisoleerde-afzuigslang-10-meter/9300000171430803/,2,"
    De Sonoconnect is een flexibele slang met bijzonder goede thermische en akoestische isolatie. Het is de favoriete keuze van menig vakman en doe-het-zelver die een stevige en brandveilige slang nodig heeft, die ook nog eens goed isoleert. Hij is bijvoorbeeld een ideaal onderdeel van airco’s en verwarmingssystemen die stil en met minimaal warmteverlies hun werk moeten doen. Je bestelt de slang met een diameter van 152 mm per compacte verpakking van 10 meter. De slang is makkelijk op maat te snijden of knippen.
  "
1087,Flexibele geluiddemper non woven Ø 150 mm 50 cm,,DEC INTERNATIONAL,,,,"27,95",Op voorraad,https://www.bol.com/nl/nl/p/flexibele-geluiddemper-non-woven-o-150-mm-50-cm/9300000171429937/,4,"
    De Flexibele non-woven geluiddemper heeft een aansluitdiameter van 150 mm, een lengte van 500 mm en is voorzien van afgewerkte uiteinden (manchetten) aan beide kanten. Hierdoor is de geluiddemper eenvoudig aan te sluiten op bijvoorbeeld een spirobuis of ventilator. De aansluiting aan beide kanten hebben een buismaat en gaan dus over hulpstukken. De binnenslang van de flexibele geluiddemper bestaat uit non-woven polypropyleen. Daarnaast heeft de flexibele geluiddemper een aluminium laminaat buitenmantel. Specificaties: * Binnenslang: Non-woven polypropyleen doek * Glaswoldeken 25mm, 16kg/m3 * Buitenmantel: Alu/poly laminaat * R-waarde glaswol:0.65 m2 K/W (ASTM C177-76) * Uiterlijk: aluminium * Temperatuur bereik: -30°C tot 140°C * Werkdruk: max +2500 Pa * Luchtsnelheid: max 25 m/s * Buigradius 0.54 x Ø + 25mm * Diameterbereik: 82 – 315 mm
  "
1088,Stokeind bout M8 x 80mm - 10 stuks,,Würth,,,,"9,95",Op voorraad,https://www.bol.com/nl/nl/p/stokeind-bout-m8-x-80mm-10-stuks/9300000171429855/,0,"
    * Schroefdraadsoort x nominale diameter x lengte (d): M8 x 80 mm * Materiaal: Staal * Sterkteklasse: 4,8 * Oppervlakte: Verzinkt * Interne aandrijving: TX25 * Sleutelwijdte (SW): 6 mm
  "
1089,Europlast metalen ventilatierooster rond rvs Ø 125mm - MR125I,,Europlast,,,,"21,95",Op voorraad,https://www.bol.com/nl/nl/p/europlast-metalen-ventilatierooster-rond-rvs-o-125mm-mr125i/9300000171429938/,3,"
    Met dit degelijke ronde ventilatierooster werk je jouw ventilatiesysteem netjes af. Het rooster is zowel binnen als buiten te gebruiken. Het is geschikt voor mechanische ventilatiesystemen, maar kan ook gebruikt worden voor muur- of deurventilatie. Ook is het toepasbaar voor zowel inblaas- als afvoertoepassingen. Kortom: een heel veelzijdig rooster dus! Dankzij het gaas hoef je je bovendien geen zorgen te maken over vuil en insecten en door de schuine lamellen beschermt het rooster ook goed tegen regen en wind. Verkrijgbaar in verschillende afmetingen en kleuren.
  "
1090,Spiro-SAFE deksel Ø 100 mm voor buis en slang,,Europlast,,,,"9,95",Op voorraad,https://www.bol.com/nl/nl/p/spiro-safe-deksel-o-100-mm-voor-buis-en-slang/9300000171430279/,0,"
    Dit spiro deksel met SAFE-afdichtingsrubber is speciaal ontworpen voor het afsluiten van ronde ventilatiekanalen. Daarmee is het bijzonder geschikt voor het luchtdicht (klasse D) afsluiten van spirobuizen. Het afsluitstuk heeft een diameter van 100 mm en is gemaakt uit gegalvaniseerd staal, wat het donders duurzaam maakt.
  "
1091,Slangklem Ø 60 - 270 mm - 10 stuks,,,,,,"24,95",Op voorraad,https://www.bol.com/nl/nl/p/slangklem-o-60-270-mm-10-stuks/9300000171430820/,0,"
    Slang monteren op een spirobuis of spiro hulpstuk? Doe het met deze topkwaliteit slangklem. De klem is gemaakt uit hoogwaardig roestvrijstaal en gaat daardoor niet kapot. Je schroeft de slangklem eenvoudig vast met een schroevendraaier, en kunt hem daarna eventueel weer losschroeven en opnieuw gebruiken. Deze klem is geschikt om slangen en buizen met een diameter tot 270 mm te monteren.
  "
1092,Verbindstuk Ø 150mm voor hulpstuk,,Europlast,,,,"9,95",Op voorraad,https://www.bol.com/nl/nl/p/verbindstuk-o-150mm-voor-hulpstuk/9300000171430741/,0,"
    Dit verbindstuk met een diameter van 150 mm gebruik je om twee spiro hulpstukken met elkaar te verbinden. Denk bijvoorbeeld aan een spiro bocht en een T-stuk of broekstuk. Net als onze andere spiromateriaal is dit verbindingsstuk vervaardigd uit hoogwaardig gegalvaniseerd staal, waardoor je zeker bent van een extreem lange levensduur.
  "
1093,Dakkap met vogelgaas Ø 160mm,,Europlast,,,,"54,95",Op voorraad,https://www.bol.com/nl/nl/p/dakkap-met-vogelgaas-o-160mm/9300000171430859/,0,"
    Voorkom regeninslag in je luchtkanalen door ze af te sluiten met een dakkap met waterrand en vogelgaas. Dankzij het vogelgaas krijgen vogels bovendien geen kans om narigheid uit te halen. Deze dakkap is geschikt voor montage op spirobuizen met een diameter van 160 mm. Hij is gemaakt uit gegalvaniseerd staal, wat hem wind- en weersbestendig maakt. Het SAFE-afdichtingsrubber zorgt voor een eenvoudige en bijzonder luchtdichte montage.
  "
1094,"Luchtontvochtiger Slaapkamer - Luchtontvochtiger Badkamer - Draagbare luchtontvochtiger van 800 ml Stille luchtontvochtiger voor kantoor, slaapkamer, badkamer, caravan",,Merkloos,,,,"128,95",,https://www.bol.com/nl/nl/p/luchtontvochtiger-slaapkamer-luchtontvochtiger-badkamer-draagbare-luchtontvochtiger-van-800-ml-stille-luchtontvochtiger-voor-kantoor-slaapkamer-badkamer-caravan/9300000169283908/,5,"
 Intelligent uitschakelen en starten met één druk op de knop, tijdbesparend en slim.   Watertank van 800 ml, voldoende voor een dag, schoonmaken als de indicator brandt.   Stille ruisonderdrukking, zorgt voor een aangenamere rustomgeving.   Stekkertype: EU-stekker  Gewichten en afmetingen:  Afmetingen: 16 x 14 x 23 cm / 6,3 inch x 5,51 x 9,06 inch   Gewicht: 1 kg.  Specificaties:  Stekkertype: EU-stekker.   Uitgangsspanning: 110-240 V.   Vermogen: 22 W.   Ontvochtigingshoeveelheid: 200-300 ml.   Ontvochtigingsbereik: 20 vierkante meter.   Capaciteit watertank: 800 ml.   Kleur: rood en zwart.   Materiaal: ABS-kunststof.   Andere producten zijn niet inbegrepen.   Let op: De verlichting tijdens de fotoshoot en verschillende apparaatschermen kunnen de kleur van het item veroorzaken. De toegestane meetfout bedraagt +/- 1-3 cm. 
"
1095,Spiro-SAFE deksel Ø 250 mm voor buis en slang,,Europlast,,,,"13,95",Op voorraad,https://www.bol.com/nl/nl/p/spiro-safe-deksel-o-250-mm-voor-buis-en-slang/9300000171430275/,0,"
    Dit spiro deksel met SAFE-afdichtingsrubber is speciaal ontworpen voor het afsluiten van ronde ventilatiekanalen. Daarmee is het bijzonder geschikt voor het luchtdicht (klasse D) afsluiten van spirobuizen. Het afsluitstuk heeft een diameter van 250 mm en is gemaakt uit gegalvaniseerd staal, wat het donders duurzaam maakt.
  "
1096,Aircotube S530 5/8 koelleiding 30 meter,,Airtube,,,,"480,36",,https://www.bol.com/nl/nl/p/aircotube-s530-5-8-koelleiding-30-meter/9200000129695873/,0,"
    De Aircotube koelleiding (S) is conform de PED en geschikt voor alle koelgassen. De witte versterkte isolatie in zowel 9-10mm bestaat uit 3-lagen (µ >6000) en is geschikt voor warmtepomp tot +115°C en hebben een brandklasse BL-s1,d0 (EN13501-1+1A).
  "
1097,Flexibele geluiddemper non woven Ø 315 mm 100 cm,,DEC INTERNATIONAL,,,,"66,95",Op voorraad,https://www.bol.com/nl/nl/p/flexibele-geluiddemper-non-woven-o-315-mm-100-cm/9300000171429904/,4,"
    De Flexibele non-woven geluiddemper heeft een aansluitdiameter van 315 mm, een lengte van 1000 mm en is voorzien van afgewerkte uiteinden (manchetten) aan beide kanten. Hierdoor is de geluiddemper eenvoudig aan te sluiten op bijvoorbeeld een spirobuis of ventilator. De aansluiting aan beide kanten hebben een buismaat en gaan dus over hulpstukken. De binnenslang van de flexibele geluiddemper bestaat uit non-woven polypropyleen. Daarnaast heeft de flexibele geluiddemper een aluminium laminaat buitenmantel. Specificaties: * Binnenslang: Non-woven polypropyleen doek * Glaswoldeken 25mm, 16kg/m3 * Buitenmantel: Alu/poly laminaat * R-waarde glaswol:0.65 m2 K/W (ASTM C177-76) * Uiterlijk: aluminium * Temperatuur bereik: -30°C tot 140°C * Werkdruk: max +2500 Pa * Luchtsnelheid: max 25 m/s * Buigradius 0.54 x Ø + 25mm * Diameterbereik: 82 – 315 mm
  "
1098,Ophangbeugel Ø 315mm,,,,,,"15,95",Op voorraad,https://www.bol.com/nl/nl/p/ophangbeugel-o-315mm/9300000171430827/,0,"
    Voor het ophangen en bevestigen van spiro luchtkanalen aan plafond of wanden, gebruik je ophangbeugels. Ga voor kwaliteit met deze gegalvaniseerde ophangbeugel, geschikt voor buizen en slangen met een diameter van 315 mm. De beugel is voorzien van een M8 schroefdraad, voor een eenvoudige en stevige bevestiging. Het afdichtrubber garandeert een lange levensduur en werkt dempend, waardoor geluidshinder flink beperkt wordt.
  "
1099,Dakkap met vogelgaas Ø 250mm,,Europlast,,,,"82,95",Op voorraad,https://www.bol.com/nl/nl/p/dakkap-met-vogelgaas-o-250mm/9300000171430856/,0,"
    Voorkom regeninslag in je luchtkanalen door ze af te sluiten met een dakkap met waterrand en vogelgaas. Dankzij het vogelgaas krijgen vogels bovendien geen kans om narigheid uit te halen. Deze dakkap is geschikt voor montage op spirobuizen met een diameter van 250 mm. Hij is gemaakt uit gegalvaniseerd staal, wat hem wind- en weersbestendig maakt. Het SAFE-afdichtingsrubber zorgt voor een eenvoudige en bijzonder luchtdichte montage.
  "
1100,Eindstuk met vogelgaas Ø 160mm,,Europlast,,,,"23,95",Op voorraad,https://www.bol.com/nl/nl/p/eindstuk-met-vogelgaas-o-160mm/9300000171430852/,0,"
    Eindstuk nodig voor een spiro luchtkanaal? Dit eindstuk uit gegalvaniseerd staal met vogelgaas, ook wel bekend als uitblaasstuk, heeft een aansluitdiameter van 160 mm. Het is bijzonder geschikt als eindstuk voor horizontale uitstroomkanalen, zoals door muren. Dankzij het vogelgaas hoef je niet bang te zijn voor vogels, ander ongedierte of bladeren in je kanaal.
  "
1101,Stormkraag Ø 250mm,,Europlast,,,,"46,95",Op voorraad,https://www.bol.com/nl/nl/p/stormkraag-o-250mm/9300000171430789/,0,"
    Met deze gegalvaniseerde stormkraag heb je een ideale en uiterst duurzame oplossing voor het waterdicht afwerken van een dakdoorgang. Hierdoor komt er geen (regen-)water in je luchtkanaal en/of ventilatiesysteem. Deze stormkraag sluit je naadloos aan op een spirobuis met een diameter van 250 mm.
  "
1102,Spiro-SAFE bocht Ø 80 mm 90 graden,,Europlast,,,,"13,95",Op voorraad,https://www.bol.com/nl/nl/p/spiro-safe-bocht-o-80-mm-90-graden/9300000171430301/,0,"
    Soms kun je niet rechtdoor en moet je bochten maken in je ventilatiekanalen. Dat doe je met spiro bochten. Onze bochten zijn voorzien van een zogenaamd SAFE-afdichtingsrubber. Hierdoor heb je een minimaal drukverlies en dus een geweldig rendement! We hebben deze bochten voor je in alle diametermaten en hoeken. Zie voor een overzicht van alle maten en afmetingen ook de tekening hierboven. Deze specifieke spiro bocht heeft een diameter van 80 mm en maakt een hoek van 90 graden. De bocht is gemaakt uit geperst gegalvaniseerd staal. Daardoor is het product vochtbestendig en mooi glad. Perfect voor een jarenlange soepele luchtcirculatie!
  "
1103,Spirobuis Ø 150 mm 150cm,,Europlast,,,,"19,95",Op voorraad,https://www.bol.com/nl/nl/p/spirobuis-o-150-mm-150cm/9300000171430097/,0,"
    Spirobuizen zijn de basis van je luchtkanalen. Ga daarom voor kwaliteitsbuizen. Onze buizen zijn vervaardigd uit hoogwaardig gegalvaniseerd staal, waardoor ze een zeer lange levensduur hebben. De buis is spiraal geklist met staalband, wat bijdraagt aan een lage luchtweerstand en een soepele doorstroom. Deze buis heeft een diameter van 150 mm en een lengte van 1.5 meter. Eenvoudig in te korten met een slijptol of ijzerzaag.
  "
1104,Spiro-SAFE deksel Ø 315 mm voor buis en slang,,Europlast,,,,"17,95",Op voorraad,https://www.bol.com/nl/nl/p/spiro-safe-deksel-o-315-mm-voor-buis-en-slang/9300000171430259/,0,"
    Dit spiro deksel met SAFE-afdichtingsrubber is speciaal ontworpen voor het afsluiten van ronde ventilatiekanalen. Daarmee is het bijzonder geschikt voor het luchtdicht (klasse D) afsluiten van spirobuizen. Het afsluitstuk heeft een diameter van 315 mm en is gemaakt uit gegalvaniseerd staal, wat het donders duurzaam maakt.
  "
1105,Stormkraag Ø 355mm,,Europlast,,,,"54,95",Op voorraad,https://www.bol.com/nl/nl/p/stormkraag-o-355mm/9300000171430788/,0,"
    Met deze gegalvaniseerde stormkraag heb je een ideale en uiterst duurzame oplossing voor het waterdicht afwerken van een dakdoorgang. Hierdoor komt er geen (regen-)water in je luchtkanaal en/of ventilatiesysteem. Deze stormkraag sluit je naadloos aan op een spirobuis met een diameter van 355 mm.
  "
1106,Spiro-SAFE Regelklep handbediend Ø 250 mm,,Europlast,,,,"30,95",Op voorraad,https://www.bol.com/nl/nl/p/spiro-safe-regelklep-handbediend-o-250-mm/9300000171430255/,3,"
    Deze spiro regelklep met handbediening is de ideale oplossing als je zelf de luchttoevoer in een luchtkanaal wilt instellen. De klep is hiertoe voorzien van een blad, dat op elke gewenste positie vastgezet kan worden. Zo stel je de luchtdoorlaat in een spirobuis heel precies in. Geschikt voor montage op een ronde buis met een diameter van 250 mm. Dankzij de SAFE-techniek is de klep eenvoudig te monteren en heeft de aansluiting nagenoeg geen drukverlies.
  "
1107,Stormkraag Ø 315mm,,Europlast,,,,"48,95",Op voorraad,https://www.bol.com/nl/nl/p/stormkraag-o-315mm/9300000171430787/,0,"
    Met deze gegalvaniseerde stormkraag heb je een ideale en uiterst duurzame oplossing voor het waterdicht afwerken van een dakdoorgang. Hierdoor komt er geen (regen-)water in je luchtkanaal en/of ventilatiesysteem. Deze stormkraag sluit je naadloos aan op een spirobuis met een diameter van 315 mm.
  "
1108,Combiconnect Flexibele Luchtslang Ø 102 mm 10 Meter,,Air Connections,,,,"25,95",Op voorraad,https://www.bol.com/nl/nl/p/combiconnect-flexibele-luchtslang-o-102-mm-10-meter/9300000071816459/,2,"
 Combiconnect bestaat uit een zwarte gewapende kunststof buitenlaag en aluminium aan de binnenzijde en is geschikt voor toepassingen in mechanische ventilatiesystemen, machine afzuigingen en andere 
"
1109,Thermoduct geïsoleerd spirobuis deksel Ø 200mm,,Econox,,,,"35,95",Op voorraad,https://www.bol.com/nl/nl/p/thermoduct-geisoleerd-spirobuis-deksel-o-200mm/9300000171430061/,0,"
    Thermoduct geïsoleerde spirobuizen sluit je af met dit Thermoduct geïsoleerde deksel. Dankzij het speciale SAFE-afdichtrubber en de thermische isolatie creëer je eenvoudig een luchtdichte verbinding met maximale thermische en akoestische isolatie-eigenschappen. Een deksels fijn deksel dus!
  "
1110,Spiro-SAFE T Stuk Ø 200 mm aftakking Ø 125 mm 90 graden,,Europlast,,,,"25,95",Op voorraad,https://www.bol.com/nl/nl/p/spiro-safe-t-stuk-o-200-mm-aftakking-o-125-mm-90-graden/9300000171430142/,0,"
    Maak een fenomenale splitsing in je luchtkanaal met dit spiro T-stuk. Het hulpstuk is vervaardigd uit gegalvaniseerd staal, wat het zeer goed bestand maakt tegen de invloeden van de tijd. Dankzij de SAFE-techniek monteer je het eenvoudig en luchtdicht (met luchtdichtheidsklasse D) op spirobuizen en -hulpstukken. Dit T-stuk heeft een diameter van 200 mm, met een aftakking met een diameter van 125 mm in een hoek van 90°.
  "
1111,Luchtontvochtiger Slaapkamer - Luchtontvochtiger Badkamer - tot 25 L/D + Digitaal,,Merkloos,,,,"603,95",,https://www.bol.com/nl/nl/p/luchtontvochtiger-slaapkamer-luchtontvochtiger-badkamer-tot-25-l-d-digitaal/9300000169205441/,4,"
 Ontvochtigingscapaciteit tot 25 ltr./dag + Vochtregeling in stappen van 5% van ca. 30% tot 90% vanaf ca. 35% tot 90% bovendien continubedrijf mogelijk!   Elektrische hygrostaat (LED) voor het regelen en aanpassen van de gewenste luchtvochtigheid + Duidelijk display incl. actueel vocht- en statusoverzicht!   Timerfunctie voor het kiezen van de automatische resterende looptijd of de starttijd tussen 1-24 uur + Automatische functie, d.w.z. het apparaat schakelt automatisch uit incl. ventilator na het bereiken van de gewenste luchtvochtigheidswaarde en gaat ook automatisch weer aan als deze bevochtigd wordt!   Ook ideaal voor continubedrijf/continue ontvochtiging + SmartHome-compatibel (via WLAN-verbinding) + Via externe timer regelbaar (alleen bij sommige apparaten mogelijk) + Twee ventilator-/luchtcirculatieniveaus (zwak + sterk) 
"
1112,Luchtontvochtiger slaapkamer - Luchtontvochtiger en luchtreiniger - Vochtvreter elektrisch - 1.2L,,Merkloos,,,,"159,99",,https://www.bol.com/nl/nl/p/luchtontvochtiger-slaapkamer-luchtontvochtiger-en-luchtreiniger-vochtvreter-elektrisch-1-2l/9300000172215440/,6,"
Op zoek naar de perfecte oplossing voor vochtige slaapkamers? Kijk niet verder! Onze elektrische luchtontvochtiger en luchtreiniger is jouw ideale metgezel. Met een capaciteit van 1.2L en de mogelijkheid om de lucht te ontvochtigen én te reinigen, ben je verzekerd van een gezonde slaapomgeving. Zeg vaarwel tegen vochtproblemen en adem gemakkelijk met deze vochtvreter.  1.2L capaciteit voor het efficiënt ontvochtigen van de slaapkamer Combineert de functies van een luchtontvochtiger en luchtreiniger Elektrisch aangedreven om de vochtigheid in de slaapkamer effectief te verminderen Ideaal voor mensen die last hebben van allergieën of ademhalingsproblemen Makkelijk te gebruiken en te onderhouden Stil in gebruik, perfect voor gebruik in de slaapkamer Verwijdert schimmel, mildew en onaangename geuren uit de lucht Modern ontwerp dat bij elk interieur past  Krachtige luchtontvochtiger voor in de slaapkamer Deze luchtontvochtiger slaapkamer is speciaal ontworpen om vochtproblemen in de slaapkamer op te lossen. Met zijn krachtige werking kan hij tot wel 1.2 liter vocht per dag uit de lucht halen, waardoor schimmel en nare geurtjes worden voorkomen. Dubbele werking: luchtontvochtiger en luchtreiniger in één Naast het ontvochtigen van de lucht is deze luchtontvochtiger ook een luchtreiniger. Hij filtert fijne stofdeeltjes, pollen en andere allergenen uit de lucht, waardoor je slaapkamer weer schoner en gezonder wordt. Zo kun je weer opgelucht ademhalen tijdens je nachtrust. Elektrische vochtvreter met een compact formaat Deze elektrische vochtvreter is niet alleen krachtig, maar ook nog eens compact van formaat. Hierdoor neemt hij weinig ruimte in beslag in je slaapkamer. Hij is daarnaast ook erg gemakkelijk in gebruik, met een duidelijk display en een stille werking. Je kunt hem zelfs instellen om automatisch uit te schakelen wanneer de gewenste luchtvochtigheid is bereikt. 1. Met deze luchtontvochtiger in je slaapkamer zeg je dag tegen vochtige lucht en hallo naar een gezonde atmosfeer.2. Geniet van een goede nachtrust zonder klamme lakens of muffe geurtjes dankzij deze luchtontvochtiger en luchtreiniger.3. De vochtvreter is super makkelijk te gebruiken, gewoon aanzetten en hij doet zijn werk. Geen gedoe meer met vochtige handdoeken!4. Het compacte formaat van 1.2L maakt deze luchtontvochtiger perfect voor in de slaapkamer. Hij past overal en neemt niet teveel ruimte in beslag.5. Met zijn elektrische werking hoef je geen batterijen te vervangen en kun je altijd rekenen op een efficiënte werking.6. Weg met schimmel en allergenen! Deze luchtontvochtiger en luchtreiniger zorgt voor schone en gezonde lucht in jouw slaapkamer.7. Bespaar energie en geld met de ingebouwde timerfunctie. Zo schakelt de luchtontvochtiger automatisch uit wanneer je dat wilt.8. Met zijn stille werking hoor je deze luchtontvochtiger nauwelijks, zodat je ongestoord kunt genieten van een rustige nacht.
"
1113,Spirobuis Ø 200 mm 150cm,,Europlast,,,,"27,95",Op voorraad,https://www.bol.com/nl/nl/p/spirobuis-o-200-mm-150cm/9300000171430100/,0,"
    Spirobuizen zijn de basis van je luchtkanalen. Ga daarom voor kwaliteitsbuizen. Onze buizen zijn vervaardigd uit hoogwaardig gegalvaniseerd staal, waardoor ze een zeer lange levensduur hebben. De buis is spiraal geklist met staalband, wat bijdraagt aan een lage luchtweerstand en een soepele doorstroom. Deze buis heeft een diameter van 200 mm en een lengte van 1.5 meter. Eenvoudig in te korten met een slijptol of ijzerzaag.
  "
1114,Europlast aluminium buitenlucht muur rooster zilver Ø 125mm - DSAV125,,Europlast,,,,"19,95",Op voorraad,https://www.bol.com/nl/nl/p/europlast-aluminium-buitenlucht-muur-rooster-zilver-o-125mm-dsav125/9300000171430058/,4,"
    Met dit ronde aluminium muurrooster werk je de in- of uitgang van je luchtkanalen in een buitenmuur perfect af. Dankzij het geïntegreerde gaas wordt het kanaal goed beschermd tegen grotere stof- en vuildeeltjes en krijgen insecten geen kans. De parallelle lamellen zorgen niet alleen voor een extra stevige constructie, maar bieden het luchtkanaal ook bescherming tegen regen en andere vormen van neerslag. Perfect in combinatie met uiteenlopende ventilatiesystemen, zoals badkamerventilatoren, WTW-installaties en mechanische ventilatiesystemen.
  "
1115,Ruck luchtfilterbox 250 mm,,Ruck,,,,"70,95",Op voorraad,https://www.bol.com/nl/nl/p/ruck-luchtfilterbox-250-mm/9300000171430553/,4,"
    Met filterboxen bescherm je spiro luchtkanalen tegen stof, haren, zand en insecten. Deze worden er door het vliesfilter uitgefilterd. Dit heb je bijvoorbeeld nodig als je werkt met warmtewisselaars. In deze spiro luchtfilterbox gaat een G3 vliesfilter. Deze filterbox is geschikt voor montage tussen twee spiro buizen met een diameter van 250 mm. G3 vliesfilter 250mm (product/ruck-g3-vliesfilter-250mm-5-stuks/) inbegrepen.
  "
1116,"INSPIRE - Set van 4 plafondlampen - 4 x ANVIK LED panelen - L. 59,5 x B. 59,5 x D. 1,35 cm - 4000 Lm - 4000 K - IP20 - 27,2 W - wit aluminium - LED plafondlamp",,Inspire,,,,"139,99",,https://www.bol.com/nl/nl/p/inspire-set-van-4-plafondlampen-4-x-anvik-led-panelen-l-59-5-x-b-59-5-x-d-1-35-cm-4000-lm-4000-k-ip20-27-2-w-wit-aluminium-led-plafondlamp/9300000168031239/,6,"
 PRESTATIES: Deze set van 4 LED-panelen met elk 27,2W zorgt voor een totale helderheid van 4000LM per LED-paneel en is ideaal voor het verlichten van een oppervlakte van 40m² (10m² per LED-paneel). Het witte licht met 4000 K zorgt voor een gelijkmatige en goed onderhouden verlichting van uw kamers. DESIGN: Deze discrete en eenvoudige lampen zullen uw interieur perfect verlichten. Het subtiele witte frame past naadloos in uw ruimtes en zorgt voor een homogene en aangename verlichting. INSTALLATIE: De LED panelen worden aan het plafond bevestigd met behulp van de meegeleverde montageaccessoires en kunnen eventueel in een plafond van 60x60 cm worden geïnstalleerd. Dankzij de beschermingsklasse IP20 zijn ze geschikt voor installatie binnenshuis en ideaal voor gangen, entrees of kantoren. GEREPAREERD: Dit product is een meegeleverd product met een lichtbron van energie-efficiëntieklasse D. Meegeleverde producten zijn lampen die gedemonteerd kunnen worden voor afzonderlijke inspectie van de meegeleverde lichtbron. INSPIRE, VOOR EEN SFEER DIE BIJ U PAST: Het merk Inspire is een inspirerend en eigentijds decoratie- en verlichtingsmerk dat esthetisch verantwoorde, eenvoudig te installeren en te onderhouden kwaliteitsproducten aanbiedt.  Deze set van 4 ANVIK LED-panelen combineert op succesvolle wijze esthetiek en prestaties. Het is ideaal om een kamer gelijkmatig te laten overstromen met natuurlijk licht dat aangenaam is voor de ogen. Met een indrukwekkend totaalvermogen van 16.000 lumen kunnen deze panelen een oppervlakte tot 40 m² verlichten. De neutraal witte verlichting met 4000K past harmonieus in uw interieur. De lampen met elektrische aansluiting kunnen zowel in het plafond worden ingebouwd als daaraan worden bevestigd. Dankzij het bijzonder zuinige energieverbruik kan het stroomverbruik worden verminderd en tegelijkertijd een goed onderhouden verlichting worden gegarandeerd. Deze set van 4 ANVIK LED-panelen combineert stijl, efficiëntie en visueel comfort en is een ideale oplossing voor het bieden van uitgebreide, aantrekkelijke verlichting in uw kamers.   ADEO is een belangrijke Europese speler in de verbetering van woonomgeving, de leefomgeving, gereedschap en doe-het-zelf tools voor individuen en voor professionals op het gebied van woonomgevingen. Met meer dan 450 miljoen trouwe klanten in onder andere Frankrijk, Spanje, Portugal, Italië, Polen en Griekenland. INSPIRE is ons merk op het gebied van decoratie en verlichting Inspirerend en modern, het merk biedt hoogwaardige esthetische producten die eenvoudig te installeren en te onderhouden zijn.
  "
1117,Spirobuis Ø 400 mm 150cm,,Europlast,,,,"62,95",Op voorraad,https://www.bol.com/nl/nl/p/spirobuis-o-400-mm-150cm/9300000171430085/,0,"
    Spirobuizen zijn de basis van je luchtkanalen. Ga daarom voor kwaliteitsbuizen. Onze buizen zijn vervaardigd uit hoogwaardig gegalvaniseerd staal, waardoor ze een zeer lange levensduur hebben. De buis is spiraal geklist met staalband, wat bijdraagt aan een lage luchtweerstand en een soepele doorstroom. Deze buis heeft een diameter van 400 mm en een lengte van 1.5 meter. Eenvoudig in te korten met een slijptol of ijzerzaag.
  "
1118,Spiro-SAFE Verbindstuk Ø 100 mm voor buis en slang,,Europlast,,,,"10,95",Op voorraad,https://www.bol.com/nl/nl/p/spiro-safe-verbindstuk-o-100-mm-voor-buis-en-slang/9300000171430210/,0,"
    Wil je twee spirobuizen met een diameter van 100 mm luchtdicht met elkaar verbinden? Doe dit dan met dit verbindstuk uit topkwaliteit sendzimir. Het koppelstuk met speciaal SAFE-afdichtingsrubber garandeert een duurzame en naadloze verbinding van je luchtkanalen. Dankzij de rubberen ring hoef je de buis er alleen maar in te schuiven en dan zit ie vast, met luchtdichtheidsklasse D!
  "
1119,Spiro-SAFE bocht Ø 80 mm 45 graden,,Europlast,,,,"14,95",Op voorraad,https://www.bol.com/nl/nl/p/spiro-safe-bocht-o-80-mm-45-graden/9300000171430328/,0,"
    Soms kun je niet rechtdoor en moet je bochten maken in je ventilatiekanalen. Dat doe je met spiro bochten. Onze bochten zijn voorzien van een zogenaamd SAFE-afdichtingsrubber. Hierdoor heb je een minimaal drukverlies en dus een geweldig rendement! We hebben deze bochten voor je in alle diametermaten en hoeken. Zie voor een overzicht van alle maten en afmetingen ook de tekening hierboven. Deze specifieke spiro bocht heeft een diameter van 80 mm en maakt een hoek van 45 graden. De bocht is gemaakt uit geperst gegalvaniseerd staal. Daardoor is het product vochtbestendig en mooi glad. Perfect voor een jarenlange soepele luchtcirculatie!
  "
1120,"Kanaalverwarmer NK125 1,6 kw",,Svent,,,,"160,95",Op voorraad,https://www.bol.com/nl/nl/p/kanaalverwarmer-nk125-1-6-kw/9300000171430513/,0,"
    Voor het verwarmen van de lucht in je ventilatiesysteem maak je gebruik van een kanaalverwarmer. Deze hoogwaardige kanaalverwarmer van het merk Svent sluit je moeiteloos aan op ronde spirobuizen met een diameter van 125 mm. Het krachtige verwarmingselement levert 1600 Watt aan vermogen. Het apparaat is uitgerust met een oververhittingsbeveiliging en is voorzien van een aansluiting voor een thermostaat.
  "
1121,"Kelfort Luchtkoppeling messing past op Euro 1/2"" buitendraads 1524378",,Kelfort,,,,"13,38",Op voorraad,https://www.bol.com/nl/nl/p/kelfort-luchtkoppeling-messing-past-op-euro-1-2-buitendraads-1524378/9200000077536575/,0,"
    Kelfort Luchtkoppeling messing past op Euro 1/2"" buitendraads 1524378| Afname Per: 1 Stuk| Draadsoort: Buitendraad | Merk: Kelfort | prijsfactor: 1 | Visibility: Female | Korte beschrijving: Past op Euro. Messing.
  "
1122,Dakkap met vogelgaas Ø 100mm,,Europlast,,,,"51,95",Op voorraad,https://www.bol.com/nl/nl/p/dakkap-met-vogelgaas-o-100mm/9300000171430855/,0,"
    Voorkom regeninslag in je luchtkanalen door ze af te sluiten met een dakkap met waterrand en vogelgaas. Dankzij het vogelgaas krijgen vogels bovendien geen kans om narigheid uit te halen. Deze dakkap is geschikt voor montage op spirobuizen met een diameter van 100 mm. Hij is gemaakt uit gegalvaniseerd staal, wat hem wind- en weersbestendig maakt. Het SAFE-afdichtingsrubber zorgt voor een eenvoudige en bijzonder luchtdichte montage.
  "
1123,Flexibele geluiddemper non woven Ø 200 mm 100 cm,,DEC INTERNATIONAL,,,,"49,95",Op voorraad,https://www.bol.com/nl/nl/p/flexibele-geluiddemper-non-woven-o-200-mm-100-cm/9300000171429913/,4,"
    De Flexibele non-woven geluiddemper heeft een aansluitdiameter van 200 mm, een lengte van 1000 mm en is voorzien van afgewerkte uiteinden (manchetten) aan beide kanten. Hierdoor is de geluiddemper eenvoudig aan te sluiten op bijvoorbeeld een spirobuis of ventilator. De aansluiting aan beide kanten hebben een buismaat en gaan dus over hulpstukken. De binnenslang van de flexibele geluiddemper bestaat uit non-woven polypropyleen. Daarnaast heeft de flexibele geluiddemper een aluminium laminaat buitenmantel. Specificaties: * Binnenslang: Non-woven polypropyleen doek * Glaswoldeken 25mm, 16kg/m3 * Buitenmantel: Alu/poly laminaat * R-waarde glaswol:0.65 m2 K/W (ASTM C177-76) * Uiterlijk: aluminium * Temperatuur bereik: -30°C tot 140°C * Werkdruk: max +2500 Pa * Luchtsnelheid: max 25 m/s * Buigradius 0.54 x Ø + 25mm * Diameterbereik: 82 – 315 mm
  "
1124,Spiro-SAFE Regelklep handbediend Ø 160 mm,,Europlast,,,,"24,95",Op voorraad,https://www.bol.com/nl/nl/p/spiro-safe-regelklep-handbediend-o-160-mm/9300000171430254/,3,"
    Deze spiro regelklep met handbediening is de ideale oplossing als je zelf de luchttoevoer in een luchtkanaal wilt instellen. De klep is hiertoe voorzien van een blad, dat op elke gewenste positie vastgezet kan worden. Zo stel je de luchtdoorlaat in een spirobuis heel precies in. Geschikt voor montage op een ronde buis met een diameter van 160 mm. Dankzij de SAFE-techniek is de klep eenvoudig te monteren en heeft de aansluiting nagenoeg geen drukverlies.
  "
1125,Dakdoorgang Ø 250mm,,,,,,"51,95",Op voorraad,https://www.bol.com/nl/nl/p/dakdoorgang-o-250mm/9300000171430863/,0,"
    Laat je luchtkanaal door het dak gaan met een spiro dakdoorgang. Deze dakdoorvoer is met name geschikt voor montage op platte daken en kan gebruikt worden in combinatie met een stormkraag. Het product is gefabriceerd uit gegalvaniseerd staal, wat het goed bestand maakt tegen de invloeden van weer en wind. Deze doorgang is geschikt voor de montage van spiro buizen met een diameter van 250 mm. Let op! de diameter van de doorgang is 300mm anders past de spirobuis niet door het doorvoer heen.
  "
1126,Spiro-SAFE vlakke aftakking Ø 400 mm,,Europlast,,,,"18,95",Op voorraad,https://www.bol.com/nl/nl/p/spiro-safe-vlakke-aftakking-o-400-mm/9300000171430103/,0,"
    Deze spiro flens gebruik je als aansluitstuk bij het aansluiten van ventilatiebuizen, luchtbuizen en luchtslangen op vlakke delen, zoals wand, plafond en vloer. Het onderdeel staat ook wel bekend als een vlak zadelstuk. Deze flens is voorzien van een SAFE-afdichtingsrubber, is vervaardigd uit hoogwaardig gegalvaniseerd staal, heeft een brede rand en een diameter van 400mm.
  "
1127,"INSPIRE - Set van 5 LED panelen dimbaar GDANSK - 5 x plafondlampen - 59,5x29,5cm - 2900LM - 2700K/4000K/6500K - IP20 - 23W - wit aluminium - LED plafondlamp",,Inspire,,,,"229,99",,https://www.bol.com/nl/nl/p/inspire-set-van-5-led-panelen-dimbaar-gdansk-5-x-plafondlampen-59-5x29-5cm-2900lm-2700k-4000k-6500k-ip20-23w-wit-aluminium-led-plafondlamp/9300000168031243/,5,"
 PRESTATIES: Deze set van 5 LED-panelen van elk 23W zorgt voor een totale helderheid van 2900 per LED-paneel en is ideaal voor het verlichten van een oppervlakte van 35m² (7m² per LED-paneel). Het biedt uw verschillende ruimtes een uniforme en aangepaste verlichting. DESIGN: Deze discrete en eenvoudige lampen zullen uw interieur perfect verlichten. Het subtiele witte frame past naadloos in uw ruimtes en zorgt voor een homogene en aangename verlichting. HET LICHT DAT U NODIG HEBT: Deze lampen geven u de verlichting die u nodig heeft: met de afstandsbedieningen kunt u de verschillende intensiteitsniveaus aanpassen. Een wit en intens licht om te koken of te werken, of een warm en gedempt licht voor een vriendelijke en ontspannen sfeer, het is aan u om te beslissen op basis van uw verwachtingen en wensen! INSTALLATIE: Deze LED-panelen worden aan het plafond bevestigd met behulp van de meegeleverde montageaccessoires. Bevestig de montageplaat en schuif het paneel er eenvoudig op. Met hun IP20-beschermingsgraad zijn ze ontworpen voor installatie binnenshuis en zijn ze ideaal voor een hal, entree of kantoor. GEREPAREERD: Dit product is een meegeleverd product met een lichtbron van energie-efficiëntieklasse D. Meegeleverde producten zijn lampen die gedemonteerd kunnen worden voor afzonderlijke inspectie van de meegeleverde lichtbron.  Deze set van 5 GDANSK LED-panelen biedt een perfecte combinatie van esthetiek en prestaties. Elk paneel is ontworpen om uw kamers te verlichten met natuurlijk en oogvriendelijk licht. Met een lichtopbrengst van 2900 lumen kan elk paneel tot 7 m² verlichten, wat overeenkomt met een totale oppervlakte van 35 m². Het licht is afhankelijk van jouw wensen en behoeften aan te passen van warm wit 2700K via neutraal wit 4000K tot koel wit 6500K. Ook kan de intensiteit aangepast worden om de juiste sfeer te creëren. Deze elektrisch bediende lampen kunnen vast of aan het plafond worden opgehangen.   ADEO is een belangrijke Europese speler in de verbetering van woonomgeving, de leefomgeving, gereedschap en doe-het-zelf tools voor individuen en voor professionals op het gebied van woonomgevingen. Met meer dan 450 miljoen trouwe klanten in onder andere Frankrijk, Spanje, Portugal, Italië, Polen en Griekenland. INSPIRE is ons merk op het gebied van decoratie en verlichting Inspirerend en modern, het merk biedt hoogwaardige esthetische producten die eenvoudig te installeren en te onderhouden zijn.
  "
1128,"INSPIRE - Set van 5 LED panelen dimbaar GDANSK - 5 x plafondlampen - 119,5x29,5cm - 5400 LM - 2700K/4000K/6500K - IP20 - 42 W - wit aluminium - LED plafondlamp",,Inspire,,,,"385,99",,https://www.bol.com/nl/nl/p/inspire-set-van-5-led-panelen-dimbaar-gdansk-5-x-plafondlampen-119-5x29-5cm-5400-lm-2700k-4000k-6500k-ip20-42-w-wit-aluminium-led-plafondlamp/9300000168031244/,5,"
 PRESTATIES: Deze set van 5 LED-panelen van elk 42W zorgt voor een totale helderheid van 5400LM per LED-paneel en is ideaal voor het verlichten van een oppervlakte van 70m² (14m² per LED-paneel). Het biedt uw verschillende ruimtes een uniforme en aangepaste verlichting. DESIGN: Deze discrete en eenvoudige lampen zullen uw interieur perfect verlichten. Het subtiele witte frame past naadloos in uw ruimtes en zorgt voor een homogene en aangename verlichting. HET LICHT DAT U NODIG HEBT: Deze lampen geven u de verlichting die u nodig heeft: met de afstandsbedieningen kunt u de verschillende intensiteitsniveaus aanpassen. Een wit en intens licht om te koken of te werken, of een warm en gedempt licht voor een vriendelijke en ontspannen sfeer, het is aan u om te beslissen op basis van uw verwachtingen en wensen! INSTALLATIE: Deze LED-panelen worden aan het plafond bevestigd met behulp van de meegeleverde montageaccessoires. Bevestig de montageplaat en schuif het paneel er eenvoudig op. Met hun IP20-beschermingsgraad zijn ze ontworpen voor installatie binnenshuis en zijn ze ideaal voor een hal, entree of kantoor. GEREPAREERD: Dit product is een meegeleverd product met een lichtbron van energie-efficiëntieklasse D. Meegeleverde producten zijn lampen die gedemonteerd kunnen worden voor afzonderlijke inspectie van de meegeleverde lichtbron.  Deze set van 5 GDANSK LED-panelen biedt een perfecte combinatie van esthetiek en prestaties. Elk paneel is ontworpen om uw kamers te verlichten met natuurlijk en oogvriendelijk licht. Met een lichtopbrengst van 5400 lumen kan elk paneel tot 14 m² verlichten, wat overeenkomt met een totale oppervlakte van 70 m². Het licht is afhankelijk van jouw wensen en behoeften aan te passen van warm wit 2700K via neutraal wit 4000K tot koel wit 6500K. Ook kan de intensiteit aangepast worden om de juiste sfeer te creëren. Deze elektrisch bediende lampen kunnen vast of aan het plafond worden opgehangen.   ADEO is een belangrijke Europese speler in de verbetering van woonomgeving, de leefomgeving, gereedschap en doe-het-zelf tools voor individuen en voor professionals op het gebied van woonomgevingen. Met meer dan 450 miljoen trouwe klanten in onder andere Frankrijk, Spanje, Portugal, Italië, Polen en Griekenland. INSPIRE is ons merk op het gebied van decoratie en verlichting Inspirerend en modern, het merk biedt hoogwaardige esthetische producten die eenvoudig te installeren en te onderhouden zijn.
  "
1129,Europlast metalen ventilatierooster rond zink Ø 125mm - MR125ZN,,Europlast,,,,"12,95",Op voorraad,https://www.bol.com/nl/nl/p/europlast-metalen-ventilatierooster-rond-zink-o-125mm-mr125zn/9300000171429941/,4,"
    Met dit degelijke ronde ventilatierooster werk je jouw ventilatiesysteem netjes af. Het rooster is zowel binnen als buiten te gebruiken. Het is geschikt voor mechanische ventilatiesystemen, maar kan ook gebruikt worden voor muur- of deurventilatie. Ook is het toepasbaar voor zowel inblaas- als afvoertoepassingen. Kortom: een heel veelzijdig rooster dus! Dankzij het gaas hoef je je bovendien geen zorgen te maken over vuil en insecten en door de schuine lamellen beschermt het rooster ook goed tegen regen en wind. Verkrijgbaar in verschillende afmetingen en kleuren.
  "
1130,Spiro-SAFE deksel Ø 355 mm voor buis en slang,,Europlast,,,,"21,95",Op voorraad,https://www.bol.com/nl/nl/p/spiro-safe-deksel-o-355-mm-voor-buis-en-slang/9300000171430282/,0,"
    Dit spiro deksel met SAFE-afdichtingsrubber is speciaal ontworpen voor het afsluiten van ronde ventilatiekanalen. Daarmee is het bijzonder geschikt voor het luchtdicht (klasse D) afsluiten van spirobuizen. Het afsluitstuk heeft een diameter van 355 mm en is gemaakt uit gegalvaniseerd staal, wat het donders duurzaam maakt.
  "
1131,Luchtontvochtiger Slaapkamer - Luchtontvochtiger Badkamer met WLAN-bediening en een ontvochtigingscapaciteit tot max. 12 liter/dag,,Merkloos,,,,"479,95",,https://www.bol.com/nl/nl/p/luchtontvochtiger-slaapkamer-luchtontvochtiger-badkamer-met-wlan-bediening-en-een-ontvochtigingscapaciteit-tot-max-12-liter-dag/9300000169202881/,3,"
 Ontvochtigingscapaciteit tot 12 liter/dag + WLAN-bediening (Tuya Smart)!   Elektrische hygrostaat (LED) voor het regelen en aanpassen van de gewenste luchtvochtigheid + Duidelijk display incl. Actuele vochtigheids- en statusoverzicht + Vochtigheidsregeling in stappen van 5% van ca. 30% tot 90%, extra continu gebruik mogelijk!   Timerfunctie voor het kiezen van de automatische resterende looptijd of de starttijd tussen 1-24 uur + Automatische functie, d.w.z. het apparaat schakelt automatisch uit incl. ventilator na het bereiken van de gewenste luchtvochtigheidswaarde en gaat ook automatisch weer aan als deze bevochtigd wordt!   Ook ideaal voor continubedrijf/continue ontvochtiging + SmartHome-compatibel + Kan worden geregeld via externe timer (alleen mogelijk bij sommige apparaten) + Twee ventilator-/luchtcirculatieniveaus (zwak + sterk) + Zeer gemakkelijke mobiliteit dankzij draaggreep en wielen! 
"
1132,"INSPIRE - Set van 6 dimbare LED panelen GDANSK - 6 x plafondlampen - 29,5x29,5cm - 1800LM - 2700K/4000K/6500K - IP20 - 13W - wit aluminium - LED plafondlamp",,Inspire,,,,"195,99",,https://www.bol.com/nl/nl/p/inspire-set-van-6-dimbare-led-panelen-gdansk-6-x-plafondlampen-29-5x29-5cm-1800lm-2700k-4000k-6500k-ip20-13w-wit-aluminium-led-plafondlamp/9300000168031242/,5,"
 PRESTATIES: Deze set van 6 LED-panelen van 13W levert een totale helderheid van 1800 per LED-paneel en is ideaal voor het verlichten van een oppervlakte van 24m² (4m² per LED-paneel). Het biedt uw verschillende ruimtes een uniforme en aangepaste verlichting. DESIGN: Deze discrete en eenvoudige lampen zullen uw interieur perfect verlichten. Het subtiele witte frame past naadloos in uw ruimtes en zorgt voor een homogene en aangename verlichting. HET LICHT DAT U NODIG HEBT: Deze lampen geven u de verlichting die u nodig heeft: met de afstandsbedieningen kunt u de verschillende intensiteitsniveaus aanpassen. Een wit en intens licht om te koken of te werken, of een warm en gedempt licht voor een vriendelijke en ontspannen sfeer, het is aan u om te beslissen op basis van uw verwachtingen en wensen! INSTALLATIE: Deze LED-panelen worden aan het plafond bevestigd met behulp van de meegeleverde montageaccessoires. Bevestig de montageplaat en schuif het paneel er eenvoudig op. Met hun IP20-beschermingsgraad zijn ze ontworpen voor installatie binnenshuis en zijn ze ideaal voor een hal, entree of kantoor. GEREPAREERD: Dit product is een meegeleverd product met een lichtbron van energie-efficiëntieklasse D. Meegeleverde producten zijn lampen die gedemonteerd kunnen worden voor afzonderlijke inspectie van de meegeleverde lichtbron.  Deze set van 6 GDANSK LED-panelen biedt een perfecte combinatie van esthetiek en prestaties. Elk paneel is ontworpen om uw kamers te verlichten met natuurlijk en oogvriendelijk licht. Met een lichtopbrengst van 1800 lumen kan elk paneel tot 4 m² verlichten, wat overeenkomt met een totale oppervlakte van 24 m². Het licht is afhankelijk van jouw wensen en behoeften aan te passen van warm wit 2700K via neutraal wit 4000K tot koel wit 6500K. Ook kan de intensiteit aangepast worden om de juiste sfeer te creëren. Deze elektrisch bediende lampen kunnen vast of aan het plafond worden opgehangen.   ADEO is een belangrijke Europese speler in de verbetering van woonomgeving, de leefomgeving, gereedschap en doe-het-zelf tools voor individuen en voor professionals op het gebied van woonomgevingen. Met meer dan 450 miljoen trouwe klanten in onder andere Frankrijk, Spanje, Portugal, Italië, Polen en Griekenland. INSPIRE is ons merk op het gebied van decoratie en verlichting Inspirerend en modern, het merk biedt hoogwaardige esthetische producten die eenvoudig te installeren en te onderhouden zijn.
  "
1133,"Luchtontvochtiger Slaapkamer - Luchtontvochtiger Badkamer met app, 30 liter per dag, wifi, afvoer, watertank van 4 liter, 24-uurs timer, kinderslot",,Merkloos,,,,"565,95",,https://www.bol.com/nl/nl/p/luchtontvochtiger-slaapkamer-luchtontvochtiger-badkamer-met-app-30-liter-per-dag-wifi-afvoer-watertank-van-4-liter-24-uurs-timer-kinderslot/9300000169191351/,6,"
 MET APP & DIGITAAL BEDIENINGSPANEEL: Met deze efficiënte luchtontvochtiger voor thuis kunt u de luchtvochtigheid in uw huis regelen. Via het gebruiksvriendelijke digitale bedieningspaneel op de luchtontvochtiger of de gratis smartphone app stel je de gewenste luchtvochtigheid in, stel je een 24-uurs timer in of kies je uit 3 modi, waaronder automatische ontvochtiging, continue ontvochtiging en interne droging.   30 LITER/DAG & GROOT WATERRESERVOIR: De ruime watertank van 4 liter schakelt automatisch uit als deze vol is. De elektrische luchtontvochtiger beschikt over een afvoerslang waarmee je tot 30 liter vocht en condens per dag kunt afvoeren, zonder dat je de tank hoeft te legen. Dankzij vier ingebouwde wielen is deze draagbare luchtontvochtiger met afvoer gemakkelijk te verplaatsen tussen de slaapkamer, badkamer en kantoor.   AUTOMATISCHE Vochtigheidssensor: de automatische luchtontvochtiger meet op intelligente wijze de luchtvochtigheid in de kamer en geeft deze weer op het digitale display. De gewenste luchtvochtigheid stel je in tussen de 30% en 80%. Zodra dit niveau is bereikt, schakelt de energiezuinige luchtontvochtiger automatisch uit om energie te besparen.   GEAVANCEERDE INSTELLINGEN: Deze goede luchtontvochtiger is voorzien van een slim kinderslot dat alle functies op het paneel deactiveert voor de veiligheid van uw kind. De stille luchtontvochtiger werkt geluidsarm, perfect voor gebruik in de slaapkamer of thuiskantoor. De interne droogfunctie handhaaft de ideale bewaarconditie van het apparaat en verlengt de levensduur ervan.   AUTOMATISCHE PLANNING VIA WIFI: Met de gratis smartphone-app kunt u energie besparen en de prestaties optimaliseren door een aangepast schema in te stellen dat de elektrische luchtontvochtiger automatisch in- en uitschakelt of de instellingen op elk moment van de dag of nacht wijzigt. 
"
1134,Spiro-SAFE Terugslagklep Ø 125 mm,,Europlast,,,,"20,95",Op voorraad,https://www.bol.com/nl/nl/p/spiro-safe-terugslagklep-o-125-mm/9300000171430250/,3,"
    Op zoek naar een terugslagklep met waar de kwaliteit van afspat? En die ook nog eens aantrekkelijk geprijsd is? Zoek niet verder. Wij hebben hier een prachtig staaltje terugslagklep met een diameter van 125 mm uit gegalvaniseerd staal, met SAFE-afdichtingsrubber: een verrijking voor elk luchtkanaal. Ook wel bekend als vlinderklep zorg je er met dit product voor dat lucht niet kan terugstromen in het kanaal. Handig!
  "
1135,Europlast RVS gevelrooster met terugslagklep 150 x 150mm Ø 100 mm - D5G100,,Europlast,,,,"45,95",Op voorraad,https://www.bol.com/nl/nl/p/europlast-rvs-gevelrooster-met-terugslagklep-150-x-150mm-o-100-mm-d5g100/9300000172068144/,3,"
    Stel jij hoge eisen aan kwaliteit, functionaliteit en werk je graag met mooie materialen? Dan is dit afvoer gevelrooster uit hoogwaardig roestvrijstaal misschien wel hét rooster voor jou. Dit is namelijk materiaal dat de tand des tijds glansrijk doorstaat, waardoor je er na montage (heel eenvoudig!) geen omkijken meer naar hebt. Dankzij het slimme ontwerp, waarbij de klep wordt geopend bij overdruk en sluit bij onderdruk, ben je gegarandeerd van een optimale afvoer en heb je geen last van tegengestelde luchtstromen. Ook is je kanaal goed beschermd tegen regen en wind. Een ideaal afvoerrooster dus voor diverse ventilatie- en luchtafvoertoepassingen!
  "
1136,DEC metalen afvoer ventilatie ventiel met montagebus spierwit RAL9010 Ø 100 mm – DVS100,,DEC INTERNATIONAL,,,,"13,95",Op voorraad,https://www.bol.com/nl/nl/p/dec-metalen-afvoer-ventilatie-ventiel-met-montagebus-spierwit-ral9010-o-100-mm-dvs100/9300000171429996/,7,"
    Dit DEC metalen afvoerventiel is bijzonder geschikt als ventiel bij de afzuiging van lucht uit ruimten. Dankzij de geïntegreerde montagebus is het ventiel eenvoudig te monteren op flexibele ventilatieslangen in wanden en plafonds. Het ventiel is traploos instelbaar tot een maximaal vermogen van 50 m³/h. Ideaal dus voor uiteenlopende ventilatietoepassingen!
  "
1137,"Luchtontvochtiger Slaapkamer - Luchtontvochtiger Badkamer -1,2 L voor kasten, slaapkamers, badkamers en andere kleine ruimtes met uttomatische uitschakelfunctie, twee bedrijfsmodi en 7 kleuren LED-licht",,Merkloos,,,,"172,95",,https://www.bol.com/nl/nl/p/luchtontvochtiger-slaapkamer-luchtontvochtiger-badkamer-1-2-l-voor-kasten-slaapkamers-badkamers-en-andere-kleine-ruimtes-met-uttomatische-uitschakelfunctie-twee-bedrijfsmodi-en-7-kleuren-led-licht/9300000169247213/,5,"
 Effectieve ontvochtiging: onze luchtontvochtiger maakt gebruik van halfgeleidercondensatietechnologie en is geschikt voor gebruik in slaapkamers, keukens, badkamers, kasten, caravans en andere kamers. Het houdt de luchtvochtigheid onder de 45% en zorgt voor een effectieve ontvochtiging. 7 kleuren LED-licht: onze luchtontvochtiger heeft 7 kleuren LED-verlichting, die voor een ontspannen en romantische sfeer zorgen. Ook kunnen de kleuren stevig worden ingesteld. Zo creëer je een aangename omgeving en beheer je tegelijkertijd de luchtvochtigheid in je huis. Stille en snelle ontvochtiging: onze luchtontvochtiger heeft twee werkmodi, snelle modus (30-40 dB) en stille modus (minder dan 30 dB). De snelle modus is effectief in het verminderen van de luchtvochtigheid, en de stille modus heeft geen last tijdens het slapen of studeren. Compact en draagbaar: onze luchtontvochtiger is compact en draagbaar, perfect voor gebruik in verschillende ruimtes, zoals keuken, badkamer, slaapkamer, kelder en garage. Bovendien kun je hem gemakkelijk vervoeren en op verschillende plekken gebruiken. Preventie van schimmel en vochtigheid: als de luchtvochtigheid meer dan 50% bedraagt, kunnen er onaangename geuren en schimmels ontstaan. Onze luchtontvochtiger start automatisch bij een luchtvochtigheid van meer dan 45% om vocht op te vangen en frisse lucht af te voeren, zodat u kunt genieten van een gezonde en comfortabele omgeving. 
"
1138,Luchtontvochtiger Slaapkamer - Luchtontvochtiger Badkamer - 12 liter / 24 uur stille Luchtontvochtigers,,Merkloos,,,,"456,95",,https://www.bol.com/nl/nl/p/luchtontvochtiger-slaapkamer-luchtontvochtiger-badkamer-12-liter-24-uur-stille-luchtontvochtigers/9300000169247929/,4,"
 Compacte en draagbare luchtontvochtiger 12 liter / 24 uur Stille luchtontvochtigers, keukenontvochtiger in slaapkamer, kantoor en garage thuis   Ontdooifunctie geen zorgen bij lage temperaturen   De automatische ontdooifunctie maakt een probleemloze werking van de luchtontvochtiger mogelijk tot een omgevingstemperatuur van +5 °C.  Automatische herstart  Mocht het apparaat onverhoopt worden uitgeschakeld, bijvoorbeeld door een stroomstoring, dan neemt het na het opnieuw opstarten de vooraf geselecteerde instellingen over.   Watertank van 2 liter met waterniveau-indicator   Gemakkelijk verwijderbare watertank voor eenvoudige reiniging. Het waterreservoir kan eenvoudig worden verwijderd en geleegd. 
"
1139,Ruck Etaline M kunststof buisventilator 780m3 Ø 150mm – EL 150L E2M 01,,Ruck,,,,"174,95",Op voorraad,https://www.bol.com/nl/nl/p/ruck-etaline-m-kunststof-buisventilator-780m3-o-150mm-el-150l-e2m-01/9300000140082465/,6,"
    Ruck Etaline M kunststof buisventilator 780m3 Ø 150mm – EL 150L E2M 01 De Ruck ETALINE buisventilator (EL M-serie) heeft een energiezuinige motor is te bedienen met een Ruck driestanden schakelaar. De Etaline buisventilator wordt geleverd inclusief montagebeugels en kan direct gemonteerd worden op een buis. Echter raden wij de bijbehorende Ruck verbindingsmachet aan om trillingen en geluid door het kanaal te reduceren. De Etaline is een krachtige ventilator en 50% zuiniger in vergelijking met ander buisventilatoren en is in bezit van een ingebouwde thermische schakelaar om doorbranding te voorkomen. Daarbij is de buisventilator uitgevoerd met een Mixed-Flow waaier met stator, waardoor de ventilator bij een hoog debiet nog steeds een laag geluidsniveau zal produceren. De EL M-serie is leverbaar met een capaciteit van 360 m3/h tot maximaal 1710 m3/h en hebben respectievelijk een diameter van 125 mm tot maximaal 250 mm. Ruck ventilatoren GmbH, is een toonaangevend Duits bedrijf met meer dan 25 jaar ervaring. Zij zijn marktleider op het gebied van energiezuinige buisventilatoren. Met meer dan 300 enthousiaste medewerkers werken zij dagelijks samen aan nieuwe ontwikkelingen en technieken. Het bedrijf zorgt voor waarborging van de kwaliteit om een uitstekend product af te kunnen leveren met de laatste gestelde ERP (Energy Related Product) eisen. * 3-traps of met regelbare snelheid * Met kunststofbehuizing * Inclusief montagebeugels * Ingebouwde thermische schakelaar * Mixed-Flow waaier met stator Tip! Wilt u een geluidsdichte verbinding? Kies dan voor een verbindingsmachet (product/ruck-verbindingsmachet-2-stuks-o-150mm-vm-150/).
  "
1140,Ruck Etaline E kunststof buisventilator 920m3 Ø 200mm – EL 200 E2 01,,Ruck,,,,"175,95",Op voorraad,https://www.bol.com/nl/nl/p/ruck-etaline-e-kunststof-buisventilator-920m3-o-200mm-el-200-e2-01/9300000171429839/,2,"
    Ruck Etaline E kunststof buisventilator 920m3 Ø 200mm – EL 200 E2 01 De Ruck ETALINE buisventilator met controleerbaar voltage (EL E-serie) heeft een energiezuinige motor is te bedienen met een Ruck 5-standen transformator. De Etaline buisventilator wordt geleverd inclusief montagebeugels en kan direct gemonteerd worden op een buis. Echter raden wij de bijbehorende Ruck verbindingsmachet aan om trillingen en geluid door het kanaal te reduceren. De Etaline met controleerbaar voltage is een krachtige ventilator en 50% zuiniger in vergelijking met ander buisventilatoren en is in bezit van een ingebouwde thermische schakelaar om doorbranding te voorkomen. Daarbij is de buisventilator uitgevoerd met een Mixed-Flow waaier met stator, waardoor de ventilator bij een hoog debiet nog steeds een laag geluidsniveau zal produceren. De EL E-serie is leverbaar met een capaciteit van 770 m3/h tot maximaal 13940 m3/h en hebben respectievelijk een diameter van 150 mm tot maximaal 630 mm. Ruck ventilatoren GmbH, is een toonaangevend Duits bedrijf met meer dan 25 jaar ervaring. Zij zijn marktleider op het gebied van energiezuinige buisventilatoren met controleerbaar voltage. Met meer dan 300 enthousiaste medewerkers werken zij dagelijks samen aan nieuwe ontwikkelingen en technieken. Het bedrijf zorgt voor waarborging van de kwaliteit om een uitstekend product af te kunnen leveren met de laatste gestelde ERP (Energy Related Product) eisen. * Inclusief montagebeugels * Ingebouwde thermische schakelaar * Met regelbare snelheid * Metalen behuizing, gegalvaniseerd * Mixed-Flow waaier met stator
  "
1141,Spiro-SAFE bocht Ø 250 mm 90 graden,,Europlast,,,,"28,95",Op voorraad,https://www.bol.com/nl/nl/p/spiro-safe-bocht-o-250-mm-90-graden/9300000171430305/,0,"
    Soms kun je niet rechtdoor en moet je bochten maken in je ventilatiekanalen. Dat doe je met spiro bochten. Onze bochten zijn voorzien van een zogenaamd SAFE-afdichtingsrubber. Hierdoor heb je een minimaal drukverlies en dus een geweldig rendement! We hebben deze bochten voor je in alle diametermaten en hoeken. Zie voor een overzicht van alle maten en afmetingen ook de tekening hierboven. Deze specifieke spiro bocht heeft een diameter van 250 mm en maakt een hoek van 90 graden. De bocht is gemaakt uit geperst gegalvaniseerd staal. Daardoor is het product vochtbestendig en mooi glad. Perfect voor een jarenlange soepele luchtcirculatie!
  "
1142,Spiro-SAFE vlakke aftakking Ø 250 mm,,Europlast,,,,"11,95",Op voorraad,https://www.bol.com/nl/nl/p/spiro-safe-vlakke-aftakking-o-250-mm/9300000171430112/,0,"
    Deze spiro flens gebruik je als aansluitstuk bij het aansluiten van ventilatiebuizen, luchtbuizen en luchtslangen op vlakke delen, zoals wand, plafond en vloer. Het onderdeel staat ook wel bekend als een vlak zadelstuk. Deze flens is voorzien van een SAFE-afdichtingsrubber, is vervaardigd uit hoogwaardig gegalvaniseerd staal, heeft een brede rand en een diameter van 250mm.
  "
1143,Stormkraag Ø 160mm,,Europlast,,,,"39,95",Op voorraad,https://www.bol.com/nl/nl/p/stormkraag-o-160mm/9300000171430794/,0,"
    Met deze gegalvaniseerde stormkraag heb je een ideale en uiterst duurzame oplossing voor het waterdicht afwerken van een dakdoorgang. Hierdoor komt er geen (regen-)water in je luchtkanaal en/of ventilatiesysteem. Deze stormkraag sluit je naadloos aan op een spirobuis met een diameter van 160 mm.
  "
1144,Spiro-SAFE T Stuk Ø 250 mm aftakking Ø 250 mm 90 graden,,Europlast,,,,"41,95",Op voorraad,https://www.bol.com/nl/nl/p/spiro-safe-t-stuk-o-250-mm-aftakking-o-250-mm-90-graden/9300000171430227/,0,"
    Maak een fenomenale splitsing in je luchtkanaal met dit spiro T-stuk. Het hulpstuk is vervaardigd uit gegalvaniseerd staal, wat het zeer goed bestand maakt tegen de invloeden van de tijd. Dankzij de SAFE-techniek monteer je het eenvoudig en luchtdicht (met luchtdichtheidsklasse D) op spirobuizen en -hulpstukken. Dit T-stuk heeft een diameter van 250 mm, met een aftakking met een diameter van 250 mm in een hoek van 90°.
  "
1145,Spiro-SAFE bocht Ø 200 mm 45 graden,,Europlast,,,,"17,95",Op voorraad,https://www.bol.com/nl/nl/p/spiro-safe-bocht-o-200-mm-45-graden/9300000171430308/,0,"
    Soms kun je niet rechtdoor en moet je bochten maken in je ventilatiekanalen. Dat doe je met spiro bochten. Onze bochten zijn voorzien van een zogenaamd SAFE-afdichtingsrubber. Hierdoor heb je een minimaal drukverlies en dus een geweldig rendement! We hebben deze bochten voor je in alle diametermaten en hoeken. Zie voor een overzicht van alle maten en afmetingen ook de tekening hierboven. Deze specifieke spiro bocht heeft een diameter van 200 mm en maakt een hoek van 45 graden. De bocht is gemaakt uit geperst gegalvaniseerd staal. Daardoor is het product vochtbestendig en mooi glad. Perfect voor een jarenlange soepele luchtcirculatie!
  "
1146,Thermoduct geisoleerde spiro T Stuk Ø 125 mm aftakking Ø 125 mm,,Econox,,,,"42,95",Op voorraad,https://www.bol.com/nl/nl/p/thermoduct-geisoleerde-spiro-t-stuk-o-125-mm-aftakking-o-125-mm/9300000171430066/,0,"
    Aftakkingen om van te dromen maak je eenvoudig met dit thermisch geïsoleerde spiro T-stuk. Dankzij de speciale SAFE-afdichtingsrubbers monteer je het T-stuk eenvoudig op spirobuizen en ben je gegarandeerd van een luchtdichte verbinding. Dit Thermoduct T-stuk bestaat uit een gegalvaniseerd stalen binnenmantel en een thermisch isolerende buitenmantel. Dit maakt het bijzonder geschikt voor de aan- en afvoer van lucht bij WTW-units en installaties met warmtepompen.
  "
1147,Spiro-SAFE bocht Ø 315 mm 45 graden,,Europlast,,,,"28,95",Op voorraad,https://www.bol.com/nl/nl/p/spiro-safe-bocht-o-315-mm-45-graden/9300000171430307/,0,"
    Soms kun je niet rechtdoor en moet je bochten maken in je ventilatiekanalen. Dat doe je met spiro bochten. Onze bochten zijn voorzien van een zogenaamd SAFE-afdichtingsrubber. Hierdoor heb je een minimaal drukverlies en dus een geweldig rendement! We hebben deze bochten voor je in alle diametermaten en hoeken. Zie voor een overzicht van alle maten en afmetingen ook de tekening hierboven. Deze specifieke spiro bocht heeft een diameter van 315 mm en maakt een hoek van 45 graden. De bocht is gemaakt uit geperst gegalvaniseerd staal. Daardoor is het product vochtbestendig en mooi glad. Perfect voor een jarenlange soepele luchtcirculatie!
  "
1148,Spiro-SAFE Verbindstuk Ø 125 mm voor buis en slang,,Europlast,,,,"11,95",Op voorraad,https://www.bol.com/nl/nl/p/spiro-safe-verbindstuk-o-125-mm-voor-buis-en-slang/9300000171430225/,0,"
    Wil je twee spirobuizen met een diameter van 125 mm luchtdicht met elkaar verbinden? Doe dit dan met dit verbindstuk uit topkwaliteit sendzimir. Het koppelstuk met speciaal SAFE-afdichtingsrubber garandeert een duurzame en naadloze verbinding van je luchtkanalen. Dankzij de rubberen ring hoef je de buis er alleen maar in te schuiven en dan zit ie vast, met luchtdichtheidsklasse D!
  "
1149,Sonoconnect Ø 406mm akoestisch geïsoleerde afzuigslang - 10 meter,,,,,,"111,95",Op voorraad,https://www.bol.com/nl/nl/p/sonoconnect-o-406mm-akoestisch-geisoleerde-afzuigslang-10-meter/9300000171430805/,2,"
    De Sonoconnect is een flexibele slang met bijzonder goede thermische en akoestische isolatie. Het is de favoriete keuze van menig vakman en doe-het-zelver die een stevige en brandveilige slang nodig heeft, die ook nog eens goed isoleert. Hij is bijvoorbeeld een ideaal onderdeel van airco’s en verwarmingssystemen die stil en met minimaal warmteverlies hun werk moeten doen. Je bestelt de slang met een diameter van 406 mm per compacte verpakking van 10 meter. De slang is makkelijk op maat te snijden of knippen.
  "
1150,Spiro-SAFE vlakke aftakking Ø 150 mm,,Europlast,,,,"10,95",Op voorraad,https://www.bol.com/nl/nl/p/spiro-safe-vlakke-aftakking-o-150-mm/9300000171430114/,0,"
    Deze spiro flens gebruik je als aansluitstuk bij het aansluiten van ventilatiebuizen, luchtbuizen en luchtslangen op vlakke delen, zoals wand, plafond en vloer. Het onderdeel staat ook wel bekend als een vlak zadelstuk. Deze flens is voorzien van een SAFE-afdichtingsrubber, is vervaardigd uit hoogwaardig gegalvaniseerd staal, heeft een brede rand en een diameter van 150 mm.
  "
1151,Sonoconnect Ø 160mm akoestisch geïsoleerde afzuigslang - 10 meter,,,,,,"56,95",Op voorraad,https://www.bol.com/nl/nl/p/sonoconnect-o-160mm-akoestisch-geisoleerde-afzuigslang-10-meter/9300000171430802/,2,"
    De Sonoconnect is een flexibele slang met bijzonder goede thermische en akoestische isolatie. Het is de favoriete keuze van menig vakman en doe-het-zelver die een stevige en brandveilige slang nodig heeft, die ook nog eens goed isoleert. Hij is bijvoorbeeld een ideaal onderdeel van airco’s en verwarmingssystemen die stil en met minimaal warmteverlies hun werk moeten doen. Je bestelt de slang met een diameter van 160 mm per compacte verpakking van 10 meter. De slang is makkelijk op maat te snijden of knippen.
  "
1152,Stadler Form - Roger little - Prefilter - Wit,,Stadler Form,,,,"21,-",,https://www.bol.com/nl/nl/p/stadler-form-roger-little-prefilter-wit/9300000036203827/,0,"
    Deze Prefilter voor de Roger Little filters hardnekkige verontreinigde stoffen zoals stofdeeltjes uit de lucht. De Prefilter beschermt ook de Dual Filter™ en verlengt de levensduur. Geïntergreerde antimicrobiologische bescherming is gegarandeerd voor op z'n minst 20 wasbeurten.
  "
1153,Dakdoorgang Ø 160mm,,,,,,"44,95",Op voorraad,https://www.bol.com/nl/nl/p/dakdoorgang-o-160mm/9300000171430872/,0,"
    Laat je luchtkanaal door het dak gaan met een spiro dakdoorgang. Deze dakdoorvoer is met name geschikt voor montage op platte daken en kan gebruikt worden in combinatie met een stormkraag (luchtbehandeling/spiro-materiaal/stormkragen/). Het product is gefabriceerd uit gegalvaniseerd staal, wat het goed bestand maakt tegen de invloeden van weer en wind. Deze doorgang is geschikt voor de montage van spiro buizen met een diameter van 160 mm. Let op! de diameter van de doorgang is 210mm anders past de spirobuis niet door het doorvoer heen.
  "
1154,"Luchtontvochtiger Slaapkamer - Luchtontvochtiger Badkamer - 20L in 24 uur, kamerontvochtiger Luchtontvochtiger met HEPA en actieve kool 2in1 voorfilter digitaal display - Wit",,Merkloos,,,,"590,95",,https://www.bol.com/nl/nl/p/luchtontvochtiger-slaapkamer-luchtontvochtiger-badkamer-20l-in-24-uur-kamerontvochtiger-luchtontvochtiger-met-hepa-en-actieve-kool-2in1-voorfilter-digitaal-display-wit/9300000169207312/,6,"
 EFFICIËNTE DEMOTIFICATIE: Verwijdert effectief vocht uit de lucht. Vermindert schimmels, mijten en allergische moleculen. Dagelijkse ontvochtigingscapaciteit tot 20 l/dag. Geschikt voor appartement, kelder, garage, stacaravan, ziekenhuis, hotel, bibliotheek, documentruimte, tentoonstellingsruimte, musea enz.   CONTINU BEVOCHTIGD: Voer het afgescheiden water af met de optionele slang, geschikt voor hoge luchtvochtigheid in de kamer, bijvoorbeeld op opeenvolgende regenachtige dagen.   GROTE WATERTANK: De watertank met een extra hoge inhoud van 4,5 liter schakelt automatisch uit zodra deze vol is. Met de meegeleverde afvoerslang kun je het apparaat bovendien de hele dag laten draaien terwijl het water wegloopt.   VEEL FUNCTIES: Zeer effectief HEPA en actieve kool 2 in 1 antibacterieel voorfilter; Een ingebouwde negatieve ionengenerator, die ook de lucht kan verversen wanneer deze ontvochtigd is; Timingfunctie voor automatische uitschakeling op de reguliere tijd; Hygrostaat - functie voor een bepaalde tijd vochtigheidswaarde; Overloopbeveiliging bij volle watertank.   AUTOMATISCHE Vochtigheidssensor: Met de geïntegreerde vochtigheidssensor kunt u de gewenste luchtvochtigheid in de kamer instellen tussen 30%-80%. Zodra deze luchtvochtigheid is bereikt, schakelt de luchtontvochtiger automatisch uit om energie te besparen. 
"
1155,Combiconnect Ø 356mm flexibele afzuigslang - 10 meter,,Air Connections,,,,"75,95",Op voorraad,https://www.bol.com/nl/nl/p/combiconnect-o-356mm-flexibele-afzuigslang-10-meter/9300000171430874/,0,"
    Heb je een enorm stevige luchtslang nodig, geschikt voor hoge temperaturen? Dan is de Combiconnect jouw slang. Dankzij de gewapende kunststof buitenmantel kan de slang bijzonder veel belasting aan voordat hij scheurt. Ideaal voor toepassingen in de horeca en industrie die vragen om degelijkheid. Je bestelt deze slang met een diameter van 356 mm bij ons per 10 meter in een compacte verpakking. De Combiconnect is eenvoudig te snijden of knippen.
  "
1156,DEC montagebus t.b.v. DAV100 ventilatieventiel - AB100,,DEC INTERNATIONAL,,,,"7,95",Op voorraad,https://www.bol.com/nl/nl/p/dec-montagebus-t-b-v-dav100-ventilatieventiel-ab100/9300000171429988/,0,"
    Met deze DEC montagebus monteer je moeiteloos een DEC ventilatieventiel met klemveren op een flexibele luchtslang. Ook kan je dit artikel gebruiken bij verlaagde plafonds. Voor een stevige verbinding raden we aan om gebruik te maken van slangklemmen (luchtbehandeling/spiro-materiaal/slangklemmen-rvs/) bij het verbinden van de luchtslang en de montagebus.
  "
1157,Europlast metalen ventilatierooster rond zink Ø 100mm - MR100ZN,,Europlast,,,,"11,95",Op voorraad,https://www.bol.com/nl/nl/p/europlast-metalen-ventilatierooster-rond-zink-o-100mm-mr100zn/9300000171429956/,4,"
    Met dit degelijke ronde ventilatierooster werk je jouw ventilatiesysteem netjes af. Het rooster is zowel binnen als buiten te gebruiken. Het is geschikt voor mechanische ventilatiesystemen, maar kan ook gebruikt worden voor muur- of deurventilatie. Ook is het toepasbaar voor zowel inblaas- als afvoertoepassingen. Kortom: een heel veelzijdig rooster dus! Dankzij het gaas hoef je je bovendien geen zorgen te maken over vuil en insecten en door de schuine lamellen beschermt het rooster ook goed tegen regen en wind. Verkrijgbaar in verschillende afmetingen en kleuren.
  "
1158,Dakdoorgang Ø 125mm,,,,,,"37,95",Op voorraad,https://www.bol.com/nl/nl/p/dakdoorgang-o-125mm/9300000171430873/,0,"
    Laat je luchtkanaal door het dak gaan met een spiro dakdoorgang. Deze dakdoorvoer is met name geschikt voor montage op platte daken en kan gebruikt worden in combinatie met een stormkraag (luchtbehandeling/spiro-materiaal/stormkragen/). Het product is gefabriceerd uit gegalvaniseerd staal, wat het goed bestand maakt tegen de invloeden van weer en wind. Deze doorgang is geschikt voor de montage van spiro buizen met een diameter van 125 mm. Let op! de diameter van de doorgang is 175mm anders past de spirobuis niet door het doorvoer heen.
  "
1159,Nevoox LF 2020 HF HEPA-filter,,Nevoox,,,,"109,99",,https://www.bol.com/nl/nl/p/nevoox-lf-2020-hf-hepa-filter/9300000045226266/,4,"
Nevoox LF 2020 HF HEPA-filter  Geschikt voor Nevoox luchtreiniger LF 2020, artikelnr. 2340393. De teksten voor dit artikel zijn automatisch vertaald.   Features      Highlights      Leveromvang  1 stuk HEPA-filter 
"
1160,DEC metalen afvoer ventilatie ventiel met montagebus spierwit RAL9010 Ø 80 mm – DVS80,,DEC INTERNATIONAL,,,,"12,95",Op voorraad,https://www.bol.com/nl/nl/p/dec-metalen-afvoer-ventilatie-ventiel-met-montagebus-spierwit-ral9010-o-80-mm-dvs80/9300000171429995/,7,"
    Dit DEC metalen afvoerventiel is bijzonder geschikt als ventiel bij de afzuiging van lucht uit ruimten. Dankzij de geïntegreerde montagebus is het ventiel eenvoudig te monteren op flexibele ventilatieslangen in wanden en plafonds. Het ventiel is traploos instelbaar tot een maximaal vermogen van 50 m³/h. Ideaal dus voor uiteenlopende ventilatietoepassingen!
  "
1161,Spiro-SAFE Zadelstuk Ø 200 - 125 mm 90 graden,,Europlast,,,,"11,95",Op voorraad,https://www.bol.com/nl/nl/p/spiro-safe-zadelstuk-o-200-125-mm-90-graden/9300000171430206/,0,"
    Heb je een spirobuis van met een diameter van 200 mm? En wil je hier loodrecht een buis of flexibele slang met een diameter van 125 mm op monteren, om zo je luchtkanaal te vertakken? Doe dit dan met dit zadelstuk uit hoogwaardig gegalvaniseerd staal. Dit zadelstuk garandeert een duurzame en luchtdichte (klasse D) verbinding in je spiro systeem, dankzij de SAFE-techniek.
  "
1162,DEC metalen toevoer ventilatie ventiel met klemveren spierwit RAL9010 Ø 200 mm – DVSC-P200,,DEC INTERNATIONAL,,,,"30,95",Op voorraad,https://www.bol.com/nl/nl/p/dec-metalen-toevoer-ventilatie-ventiel-met-klemveren-spierwit-ral9010-o-200-mm-dvsc-p200/9300000171429994/,7,"
    Ben je op zoek naar een mooi toevoerventiel voor een ventilatiesysteem? Dan heb je aan dit DEC metalen ventiel een prachtig product. Omdat de luchttoevoer traploos te regelen is tot maximaal 25 m³/h, kan je het heel nauwkeurig afstellen op de specifieke ventilatiebehoefte in een ruimte. Dankzij de geïntegreerde klemveren monteer je het snel en eenvoudig op een rond ventilatiekanaal, zoals een spirobuis (luchtbehandeling/spiro-materiaal/spirobuizen/). Let daarbij op de aansluitdiameter! We hebben deze ventielen in diverse maten.
  "
1163,WOOZOO by Ohyama Reservefilter,,WOOZOO by Ohyama,,,,"34,69",,https://www.bol.com/nl/nl/p/woozoo-by-ohyama-reservefilter/9300000105542295/,4,"
WOOZOO by Ohyama Reservefilter  Reserve-koolfilter voor luchtreiniger 240717. De teksten voor dit artikel zijn automatisch vertaald.   Features      Highlights      Leveromvang  null 
"
1164,Spiro-SAFE verloopstuk 160 mm - 100 mm,,Europlast,,,,"13,95",Op voorraad,https://www.bol.com/nl/nl/p/spiro-safe-verloopstuk-160-mm-100-mm/9300000171430159/,3,"
    Voor het koppelen van spirobuizen en spiro hulpstukken van verschillende diameters gebruik je een spiro verloopstuk. Onze verloopstukken zijn voorzien van SAFE-afdichtingsrubber en gemaakt uit hoogwaardig verzinkt sendzimir-staal, waardoor ze uiterst duurzaam zijn en voldoen aan luchtdichtheidsklasse D. Dit verloopstuk is geschikt om een rond luchtkanaal met een diameter van 160 mm te monteren op een buis of hulpstuk met een diameter van 100 mm.
  "
1165,Europlast aluminium buitenlucht muur rooster zwart Ø 125mm - DSAV125B,,Europlast,,,,"22,95",Op voorraad,https://www.bol.com/nl/nl/p/europlast-aluminium-buitenlucht-muur-rooster-zwart-o-125mm-dsav125b/9300000171430049/,4,"
    Met dit ronde aluminium muurrooster werk je de in- of uitgang van je luchtkanalen in een buitenmuur perfect af. Dankzij het geïntegreerde gaas wordt het kanaal goed beschermd tegen grotere stof- en vuildeeltjes en krijgen insecten geen kans. De parallelle lamellen zorgen niet alleen voor een extra stevige constructie, maar bieden het luchtkanaal ook bescherming tegen regen en andere vormen van neerslag. Perfect in combinatie met uiteenlopende ventilatiesystemen, zoals badkamerventilatoren, WTW-installaties en mechanische ventilatiesystemen.
  "
1166,Luchtontvochtiger Slaapkamer - Luchtontvochtiger Badkamer - 20 L/D + Digitaal,,Merkloos,,,,"585,95",,https://www.bol.com/nl/nl/p/luchtontvochtiger-slaapkamer-luchtontvochtiger-badkamer-20-l-d-digitaal/9300000169205203/,4,"
 Ontvochtigingscapaciteit tot 20 ltr./dag !   Elektrische hygrostaat (LED) voor het regelen en aanpassen van de gewenste luchtvochtigheid + Duidelijk display incl. Actuele luchtvochtigheid en statusoverzicht + Vochtigheidsregeling: 40%, 50%, 60%, 70% en continubedrijf   Timerfunctie voor het kiezen van de automatische resterende looptijd of de starttijd tussen 1-24 uur + Automatische functie, d.w.z. het apparaat schakelt automatisch uit incl. ventilator na het bereiken van de gewenste luchtvochtigheidswaarde en gaat ook automatisch weer aan als deze bevochtigd wordt!   Ook ideaal voor continubedrijf/continue ontvochtiging + Regelbaar via externe timer (alleen bij sommige apparaten mogelijk) + Twee ventilator-/luchtcirculatieniveaus (zwak + sterk) + Zeer gemakkelijk te verplaatsen dankzij draagbakken en zwenkwielen! 
"
1167,Spiro-SAFE verloopstuk 150 mm - 125 mm,,Europlast,,,,"13,95",Op voorraad,https://www.bol.com/nl/nl/p/spiro-safe-verloopstuk-150-mm-125-mm/9300000171430153/,3,"
    Voor het koppelen van spirobuizen en spiro hulpstukken van verschillende diameters gebruik je een spiro verloopstuk. Onze verloopstukken zijn voorzien van SAFE-afdichtingsrubber en gemaakt uit hoogwaardig verzinkt sendzimir-staal, waardoor ze uiterst duurzaam zijn en voldoen aan luchtdichtheidsklasse D. Dit verloopstuk is geschikt om een rond luchtkanaal met een diameter van 150 mm te monteren op een buis of hulpstuk met een diameter van 125 mm.
  "
1168,Spiro-SAFE Terugslagklep Ø 160 mm,,Europlast,,,,"21,95",Op voorraad,https://www.bol.com/nl/nl/p/spiro-safe-terugslagklep-o-160-mm/9300000171430234/,3,"
    Op zoek naar een terugslagklep met waar de kwaliteit van afspat? En die ook nog eens aantrekkelijk geprijsd is? Zoek niet verder. Wij hebben hier een prachtig staaltje terugslagklep met een diameter van 160 mm uit gegalvaniseerd staal, met SAFE-afdichtingsrubber: een verrijking voor elk luchtkanaal. Ook wel bekend als vlinderklep zorg je er met dit product voor dat lucht niet kan terugstromen in het kanaal. Handig!
  "
1169,Spiro-SAFE Terugslagklep Ø 400 mm,,Europlast,,,,"63,95",Op voorraad,https://www.bol.com/nl/nl/p/spiro-safe-terugslagklep-o-400-mm/9300000171430230/,3,"
    Op zoek naar een terugslagklep met waar de kwaliteit van afspat? En die ook nog eens aantrekkelijk geprijsd is? Zoek niet verder. Wij hebben hier een prachtig staaltje terugslagklep met een diameter van 400 mm uit gegalvaniseerd staal, met SAFE-afdichtingsrubber: een verrijking voor elk luchtkanaal. Ook wel bekend als vlinderklep zorg je er met dit product voor dat lucht niet kan terugstromen in het kanaal. Handig!
  "
1170,Spiro-SAFE verloopstuk 250 mm - 200 mm,,Europlast,,,,"18,95",Op voorraad,https://www.bol.com/nl/nl/p/spiro-safe-verloopstuk-250-mm-200-mm/9300000171430156/,3,"
    Voor het koppelen van spirobuizen en spiro hulpstukken van verschillende diameters gebruik je een spiro verloopstuk. Onze verloopstukken zijn voorzien van SAFE-afdichtingsrubber en gemaakt uit hoogwaardig verzinkt sendzimir-staal, waardoor ze uiterst duurzaam zijn en voldoen aan luchtdichtheidsklasse D. Dit verloopstuk is geschikt om een rond luchtkanaal met een diameter van 250 mm te monteren op een buis of hulpstuk met een diameter van 200 mm.
  "
1171,Ruck Etaline M kunststof buisventilator 820m3 Ø 160mm – EL 160L E2M 01,,Ruck,,,,"174,95",Op voorraad,https://www.bol.com/nl/nl/p/ruck-etaline-m-kunststof-buisventilator-820m3-o-160mm-el-160l-e2m-01/9300000171430072/,6,"
    Ruck Etaline M kunststof buisventilator 820m3 Ø 160mm – EL 160L E2M 01 De Ruck ETALINE buisventilator (EL M-serie) heeft een energiezuinige motor is te bedienen met een Ruck driestanden schakelaar. De Etaline buisventilator wordt geleverd inclusief montagebeugels en kan direct gemonteerd worden op een buis. Echter raden wij de bijbehorende Ruck verbindingsmachet aan om trillingen en geluid door het kanaal te reduceren. De Etaline is een krachtige ventilator en 50% zuiniger in vergelijking met ander buisventilatoren en is in bezit van een ingebouwde thermische schakelaar om doorbranding te voorkomen. Daarbij is de buisventilator uitgevoerd met een Mixed-Flow waaier met stator, waardoor de ventilator bij een hoog debiet nog steeds een laag geluidsniveau zal produceren. De EL M-serie is leverbaar met een capaciteit van 360 m3/h tot maximaal 1710 m3/h en hebben respectievelijk een diameter van 125 mm tot maximaal 250 mm. Ruck ventilatoren GmbH, is een toonaangevend Duits bedrijf met meer dan 25 jaar ervaring. Zij zijn marktleider op het gebied van energiezuinige buisventilatoren. Met meer dan 300 enthousiaste medewerkers werken zij dagelijks samen aan nieuwe ontwikkelingen en technieken. Het bedrijf zorgt voor waarborging van de kwaliteit om een uitstekend product af te kunnen leveren met de laatste gestelde ERP (Energy Related Product) eisen. * 3-traps of met regelbare snelheid * Met kunststofbehuizing * Inclusief montagebeugels * Ingebouwde thermische schakelaar * Mixed-Flow waaier met stator Tip! Wilt u een geluidsdichte verbinding? Kies dan voor een verbindingsmachet (product/ruck-verbindingsmachet-2-stuks-o-160mm-vm-160/).
  "
1172,Ruck Etaline M kunststof buisventilator 910m3 Ø 200mm – EL 200 E2M 01,,Ruck,,,,"174,95",Op voorraad,https://www.bol.com/nl/nl/p/ruck-etaline-m-kunststof-buisventilator-910m3-o-200mm-el-200-e2m-01/9300000171430073/,3,"
    De Ruck ETALINE buisventilator (EL M-serie) heeft een energiezuinige motor is te bedienen met een Ruck driestanden schakelaar. De Etaline buisventilator wordt geleverd inclusief montagebeugels en kan direct gemonteerd worden op een buis. Echter raden wij de bijbehorende Ruck verbindingsmachet aan om trillingen en geluid door het kanaal te reduceren. De Etaline is een krachtige ventilator en 50% zuiniger in vergelijking met ander buisventilatoren en is in bezit van een ingebouwde thermische schakelaar om doorbranding te voorkomen. Daarbij is de buisventilator uitgevoerd met een Mixed-Flow waaier met stator, waardoor de ventilator bij een hoog debiet nog steeds een laag geluidsniveau zal produceren. De EL M-serie is leverbaar met een capaciteit van 360 m3/h tot maximaal 1710 m3/h en hebben respectievelijk een diameter van 125 mm tot maximaal 250 mm. Ruck ventilatoren GmbH, is een toonaangevend Duits bedrijf met meer dan 25 jaar ervaring. Zij zijn marktleider op het gebied van energiezuinige buisventilatoren. Met meer dan 300 enthousiaste medewerkers werken zij dagelijks samen aan nieuwe ontwikkelingen en technieken. Het bedrijf zorgt voor waarborging van de kwaliteit om een uitstekend product af te kunnen leveren met de laatste gestelde ERP (Energy Related Product) eisen. * 3-traps of met regelbare snelheid * Met kunststofbehuizing * Inclusief montagebeugels * Ingebouwde thermische schakelaar * Mixed-Flow waaier met stator
  "
1173,Spiro-SAFE Verbindstuk Ø 80 mm voor buis en slang,,Europlast,,,,"11,95",Op voorraad,https://www.bol.com/nl/nl/p/spiro-safe-verbindstuk-o-80-mm-voor-buis-en-slang/9300000171430183/,0,"
    Wil je twee spirobuizen met een diameter van 80 mm luchtdicht met elkaar verbinden? Doe dit dan met dit verbindstuk uit topkwaliteit sendzimir. Het koppelstuk met speciaal SAFE-afdichtingsrubber garandeert een duurzame en naadloze verbinding van je luchtkanalen. Dankzij de rubberen ring hoef je de buis er alleen maar in te schuiven en dan zit ie vast, met luchtdichtheidsklasse D!
  "
1174,Flexibele geluiddemper non woven Ø 100 mm 100 cm,,DEC INTERNATIONAL,,,,"34,95",Op voorraad,https://www.bol.com/nl/nl/p/flexibele-geluiddemper-non-woven-o-100-mm-100-cm/9300000171429921/,4,"
    De Flexibele non-woven geluiddemper heeft een aansluitdiameter van 100 mm, een lengte van 1000 mm en is voorzien van afgewerkte uiteinden (manchetten) aan beide kanten. Hierdoor is de geluiddemper eenvoudig aan te sluiten op bijvoorbeeld een spirobuis of ventilator. De aansluiting aan beide kanten hebben een buismaat en gaan dus over hulpstukken. De binnenslang van de flexibele geluiddemper bestaat uit non-woven polypropyleen. Daarnaast heeft de flexibele geluiddemper een aluminium laminaat buitenmantel. Specificaties: * Binnenslang: Non-woven polypropyleen doek * Glaswoldeken 25mm, 16kg/m3 * Buitenmantel: Alu/poly laminaat * R-waarde glaswol:0.65 m2 K/W (ASTM C177-76) * Uiterlijk: aluminium * Temperatuur bereik: -30°C tot 140°C * Werkdruk: max +2500 Pa * Luchtsnelheid: max 25 m/s * Buigradius 0.54 x Ø + 25mm * Diameterbereik: 82 – 315 mm
  "
1175,Spiro-SAFE verloopstuk 125 mm - 80mm,,Europlast,,,,"12,95",Op voorraad,https://www.bol.com/nl/nl/p/spiro-safe-verloopstuk-125-mm-80mm/9300000171430181/,3,"
    Voor het koppelen van spirobuizen en spiro hulpstukken van verschillende diameters gebruik je een spiro verloopstuk. Onze verloopstukken zijn voorzien van SAFE-afdichtingsrubber en gemaakt uit hoogwaardig verzinkt sendzimir-staal, waardoor ze uiterst duurzaam zijn en voldoen aan luchtdichtheidsklasse D. Dit verloopstuk is geschikt om een rond luchtkanaal met een diameter van 125 mm te monteren op een buis of hulpstuk met een diameter van 80 mm.
  "
1176,Rol aluminiumtape 50mm 50 meter,,,,,,"19,95",Op voorraad,https://www.bol.com/nl/nl/p/rol-aluminiumtape-50mm-50-meter/9300000160641150/,0,"
    Deze 50 mm brede aluminiumtape van het Growlux is oerstevig en maakt werkelijk alles damp- en luchtdicht. Het product is bijvoorbeeld ideaal om ventilatiebuizen uit spiromateriaal en spiro-hulpstukken mee af te sluiten. Daarnaast gebruiken veel professionals de alu tape voor het dichten van kieren tussen (PIR-)isolatieplaten. De tape komt per rol van 50 meter en is geschikt voor installaties met een temperatuurbereik van -20° C tot +120 °C.
  "
1177,Spiro-SAFE deksel Ø 80 mm voor buis en slang,,Europlast,,,,"10,95",Op voorraad,https://www.bol.com/nl/nl/p/spiro-safe-deksel-o-80-mm-voor-buis-en-slang/9300000171430263/,0,"
    Dit spiro deksel met SAFE-afdichtingsrubber is speciaal ontworpen voor het afsluiten van ronde ventilatiekanalen. Daarmee is het bijzonder geschikt voor het luchtdicht (klasse D) afsluiten van spirobuizen. Het afsluitstuk heeft een diameter van 80 mm en is gemaakt uit gegalvaniseerd staal, wat het donders duurzaam maakt.
  "
1178,Svent kunststof buisventilator 345m3 Ø 125mm – TT125S,,Svent,,,,"129,95",Op voorraad,https://www.bol.com/nl/nl/p/svent-kunststof-buisventilator-345m3-o-125mm-tt125s/9300000028731987/,0,"
    Svent kunststof buisventilator 345m3 Ø 125mm – TT125S * Buisventilator met kunststof behuizing * Geïntegreerde thermische motorbeveiliging. * Zowel horizontaal als verticaal te monteren. * Uitstekend regelbaar door middel van 0 – 230V regelaars. * Aanvankelijk van de aansluiting kan de buisventilator op 2 verschillende snelheden draaien (dit kan eventueel via een externe schakelaar bedient worden) * De behuizing en het ventilatorwiel zijn gemaakt van weerstandsbestendig ABS-kunststof. Tip! Wilt u een geluidsdichte verbinding? Kies dan voor een verbindingsmachet (product/ruck-verbindingsmachet-2-stuks-o-125mm-vm-125/).
  "
1179,Spiro-SAFE bocht Ø 400 mm 90 graden,,Europlast,,,,"57,95",Op voorraad,https://www.bol.com/nl/nl/p/spiro-safe-bocht-o-400-mm-90-graden/9300000171430293/,0,"
    Soms kun je niet rechtdoor en moet je bochten maken in je ventilatiekanalen. Dat doe je met spiro bochten. Onze bochten zijn voorzien van een zogenaamd SAFE-afdichtingsrubber. Hierdoor heb je een minimaal drukverlies en dus een geweldig rendement! We hebben deze bochten voor je in alle diametermaten en hoeken. Zie voor een overzicht van alle maten en afmetingen ook de tekening hierboven. Deze specifieke spiro bocht heeft een diameter van 400 mm en maakt een hoek van 90 graden. De bocht is gemaakt uit geperst gegalvaniseerd staal. Daardoor is het product vochtbestendig en mooi glad. Perfect voor een jarenlange soepele luchtcirculatie!
  "
1180,Svent metalen buisventilator met temperatuur regelaar 555m3 Ø 150mm – TTSM150U silent,,Svent,,,,"266,95",Op voorraad,https://www.bol.com/nl/nl/p/svent-metalen-buisventilator-met-temperatuur-regelaar-555m3-o-150mm-ttsm150u-silent/9300000171430774/,3,"
    Svent metalen buisventilator met temperatuur regelaar 555m3 Ø 150mm – TTSM150U silent * Bescherming tegen oververhitting. * Compatibel met toerentalregelaar. * Zowel horizontaal als verticaal te monteren. * Uitstekend regelbaar door middel van 0 – 230V regelaars. * Semi-radiale bouwvorm voor maximaal verluchtingsvermogen & druk bij laag werkgeluid. * Temperatuursensor ingebouwd in kanaalstroom. * Naarmate de ingestelde temperatuur is overschreden zal de ventilator op vol vermogen werken, indien de temperatuur onder de ingestelde waarde zal komen draait de ventilator op de ingestelde snelheid. Tip! Wilt u een geluidsdichte verbinding? Kies dan voor een verbindingsmachet (product/ruck-verbindingsmachet-2-stuks-o-150mm-vm-150/).
  "
1181,Verbindstuk Ø 200mm voor hulpstuk,,Europlast,,,,"9,95",Op voorraad,https://www.bol.com/nl/nl/p/verbindstuk-o-200mm-voor-hulpstuk/9300000171430740/,0,"
    Dit verbindstuk met een diameter van 200 mm gebruik je om twee spiro hulpstukken met elkaar te verbinden. Denk bijvoorbeeld aan een spiro bocht en een T-stuk of broekstuk. Net als onze andere spiromateriaal is dit verbindingsstuk vervaardigd uit hoogwaardig gegalvaniseerd staal, waardoor je zeker bent van een extreem lange levensduur.
  "
1182,Flexibele geluiddemper non woven Ø 250 mm 100 cm,,DEC INTERNATIONAL,,,,"57,95",Op voorraad,https://www.bol.com/nl/nl/p/flexibele-geluiddemper-non-woven-o-250-mm-100-cm/9300000171429905/,4,"
    De Flexibele non-woven geluiddemper heeft een aansluitdiameter van 250 mm, een lengte van 1000 mm en is voorzien van afgewerkte uiteinden (manchetten) aan beide kanten. Hierdoor is de geluiddemper eenvoudig aan te sluiten op bijvoorbeeld een spirobuis of ventilator. De aansluiting aan beide kanten hebben een buismaat en gaan dus over hulpstukken. De binnenslang van de flexibele geluiddemper bestaat uit non-woven polypropyleen. Daarnaast heeft de flexibele geluiddemper een aluminium laminaat buitenmantel. Specificaties: * Binnenslang: Non-woven polypropyleen doek * Glaswoldeken 25mm, 16kg/m3 * Buitenmantel: Alu/poly laminaat * R-waarde glaswol:0.65 m2 K/W (ASTM C177-76) * Uiterlijk: aluminium * Temperatuur bereik: -30°C tot 140°C * Werkdruk: max +2500 Pa * Luchtsnelheid: max 25 m/s * Buigradius 0.54 x Ø + 25mm * Diameterbereik: 82 – 315 mm
  "
1183,Ruck luchtfilterbox 150 mm,,Ruck,,,,"52,95",Op voorraad,https://www.bol.com/nl/nl/p/ruck-luchtfilterbox-150-mm/9300000171430084/,4,"
    Met filterboxen bescherm je spiro luchtkanalen tegen stof, haren, zand en insecten. Deze worden er door het vliesfilter uitgefilterd. Dit heb je bijvoorbeeld nodig als je werkt met warmtewisselaars. In deze spiro luchtfilterbox gaat een G3 vliesfilter. Deze filterbox is geschikt voor montage tussen twee spiro buizen met een diameter van 150 mm. G3 vliesfilter 150mm (product/ruck-g3-vliesfilter-150mm-5-stuks/) inbegrepen.
  "
1184,Spiro-SAFE bocht Ø 100 mm 45 graden,,Europlast,,,,"12,95",Op voorraad,https://www.bol.com/nl/nl/p/spiro-safe-bocht-o-100-mm-45-graden/9300000171430327/,0,"
    Soms kun je niet rechtdoor en moet je bochten maken in je ventilatiekanalen. Dat doe je met spiro bochten. Onze bochten zijn voorzien van een zogenaamd SAFE-afdichtingsrubber. Hierdoor heb je een minimaal drukverlies en dus een geweldig rendement! We hebben deze bochten voor je in alle diametermaten en hoeken. Zie voor een overzicht van alle maten en afmetingen ook de tekening hierboven. Deze specifieke spiro bocht heeft een diameter van 100 mm en maakt een hoek van 45 graden. De bocht is gemaakt uit geperst gegalvaniseerd staal. Daardoor is het product vochtbestendig en mooi glad. Perfect voor een jarenlange soepele luchtcirculatie!
  "
1185,Dakkap met vogelgaas Ø 125 mm,,Europlast,,,,"51,95",Op voorraad,https://www.bol.com/nl/nl/p/dakkap-met-vogelgaas-o-125-mm/9300000171430163/,0,"
    Voorkom regeninslag in je luchtkanalen door ze af te sluiten met een dakkap met waterrand en vogelgaas. Dankzij het vogelgaas krijgen vogels bovendien geen kans om narigheid uit te halen. Deze dakkap is geschikt voor montage op spirobuizen met een diameter van 125 mm. Hij is gemaakt uit gegalvaniseerd staal, wat hem wind- en weersbestendig maakt. Het SAFE-afdichtingsrubber zorgt voor een eenvoudige en bijzonder luchtdichte montage.
  "
1186,Aluconnect Ø 203mm aluminium afzuigslang - 10 meter,,Air Connections,,,,"30,95",Op voorraad,https://www.bol.com/nl/nl/p/aluconnect-o-203mm-aluminium-afzuigslang-10-meter/9300000171430882/,0,"
    De Aluconnect is een hoogwaardige flexibele luchtslang. Hij is gemaakt uit meerdere lage aluminium en polyester, met daartussen stalen spiraaldraad. Hierdoor is de slang brandveilig, bestand tegen hoge temperaturen en heeft hij een hoge trek- en buigsterkte. Een prima slang voor ventilatie- en afzuigtoepassingen in de horeca, fabriek of mechanische ventilatiesystemen. Deze slang heeft een diameter van 203 mm en is compact verpakt per 10 meter.
  "
1187,"Kanaalverwarmer NK100 1,6 kw",,Svent,,,,"154,95",Op voorraad,https://www.bol.com/nl/nl/p/kanaalverwarmer-nk100-1-6-kw/9300000171430514/,0,"
    Voor het verwarmen van de lucht in je ventilatiesysteem maak je gebruik van een kanaalverwarmer. Deze hoogwaardige kanaalverwarmer van het merk Svent sluit je moeiteloos aan op ronde spirobuizen met een diameter van 100 mm. Het krachtige verwarmingselement levert 1600 Watt aan vermogen. Het apparaat is uitgerust met een oververhittingsbeveiliging en is voorzien van een aansluiting voor een thermostaat.
  "
1188,Stokeind bout M8 x 100mm - 10 stuks,,Würth,,,,"10,95",Op voorraad,https://www.bol.com/nl/nl/p/stokeind-bout-m8-x-100mm-10-stuks/9300000171429854/,0,"
    * Schroefdraadsoort x nominale diameter x lengte (d): M8 x 100 mm * Materiaal: Staal * Sterkteklasse: 4,8 * Oppervlakte: Verzinkt * Interne aandrijving: TX25 * Sleutelwijdte (SW): 6 mm
  "
1189,Starre aluminium ventilatieslang Ø 150mm 3 meter,,Europlast,,,,"32,95",Op voorraad,https://www.bol.com/nl/nl/p/starre-aluminium-ventilatieslang-o-150mm-3-meter/9300000171429888/,0,"
    Starre aluminium ventilatieslang diameter 150 mm lengte 3 meter
  "
1190,"Luchtontvochtiger Slaapkamer - Luchtontvochtiger Badkamer - 20 l/dag met digitaal vochtigheidsdisplay, slaapmodus, droogtrommelfunctie, optie voor continue afvoer en 24-uurs timer - 5,5 l tank verwijderd schimmel - Wit",,Merkloos,,,,"527,95",,https://www.bol.com/nl/nl/p/luchtontvochtiger-slaapkamer-luchtontvochtiger-badkamer-20-l-dag-met-digitaal-vochtigheidsdisplay-slaapmodus-droogtrommelfunctie-optie-voor-continue-afvoer-en-24-uurs-timer-5-5-l-tank-verwijderd-schimmel-wit/9300000169191056/,7,"
 20 liter per dag: Verwijdert tot 20 liter water per dag met een laag energieverbruik. Ideaal tegen vocht en schimmel in woningen, kelders en badkamers met vochtige omstandigheden   Grote watertank: de watertank van 5,5 liter schakelt automatisch uit als hij vol is, met een doorlopende afvoerslang voor langdurig gebruik en 4 wielen voor gemakkelijk transport tussen kamers   Digitaal LED-display: het digitale LED-scherm geeft het huidige vochtigheidsniveau weer en maakt het mogelijk om 4 ontvochtigingsmodi te bedienen, waaronder wasmodus, automatische ontdooiing, kinderslot en ventilator   Automatische vochtigheidssensor: met de ingebouwde vochtigheidssensor kunt u de gewenste luchtvochtigheid instellen tussen 30% en 80%. Zodra dit niveau is bereikt, wordt het apparaat uitgeschakeld om energie te besparen   24-uurs timer: met een ingebouwde timer kunt u de luchtontvochtiger overdag in- of uitschakelen met een handig 'slaapdisplay' om een rustige, ongestoorde nacht te garanderen 
"
1191,DEC metalen toevoer ventilatie ventiel design met klemveren Ø 125 mm – DVSR125,,DEC INTERNATIONAL,,,,"19,95",Op voorraad,https://www.bol.com/nl/nl/p/dec-metalen-toevoer-ventilatie-ventiel-design-met-klemveren-o-125-mm-dvsr125/9300000171429973/,3,"
    Dit toevoerventiel van het merk DEC is een sieraad voor je interieur. Bovendien is het speciaal ontworpen als ventiel voor het toevoerkanaal van je ventilatiesysteem. Dankzij de krasbestendige poedercoating van het hoogwaardige staalplaat is het een lust voor het oog en dankzij de speciale foam-band doet hij fluisterstil zijn werk. Met de veerklemmen is het ventiel eenvoudig te monteren op een ronde buis in het plafond of de wand. De luchttoevoer is traploos in te stellen tot maximaal 35 m³/h. Perfect voor een breed scala aan ventilatietoepassingen dus!
  "
1192,DEC metalen afvoer ventilatie ventiel met klemveren spierwit RAL9010 Ø 80 mm – DVSC80,,DEC INTERNATIONAL,,,,"16,95",Op voorraad,https://www.bol.com/nl/nl/p/dec-metalen-afvoer-ventilatie-ventiel-met-klemveren-spierwit-ral9010-o-80-mm-dvsc80/9300000171430025/,7,"
    Dit DEC metalen afvoerventiel is bijzonder geschikt als ventiel bij de afzuiging van lucht uit ruimten. Dankzij de geïntegreerde klemveren is het ventiel eenvoudig te monteren op ronde ventilatiebuizen in wanden en plafonds. Het ventiel is traploos instelbaar tot een maximaal vermogen van 50 m³/h. Ideaal dus voor uiteenlopende ventilatietoepassingen!
  "
1193,Ruck luchtfilterbox 100 mm,,Ruck,,,,"52,95",Op voorraad,https://www.bol.com/nl/nl/p/ruck-luchtfilterbox-100-mm/9300000171430558/,4,"
    Met filterboxen bescherm je spiro luchtkanalen tegen stof, haren, zand en insecten. Deze worden er door het vliesfilter uitgefilterd. Dit heb je bijvoorbeeld nodig als je werkt met warmtewisselaars. In deze spiro luchtfilterbox gaat een G3 vliesfilter. Deze filterbox is geschikt voor montage tussen twee spiro buizen met een diameter van 100 mm. G3 vliesfilter 100mm (product/ruck-g3-vliesfilter-100mm-5-stuks/) inbegrepen.
  "
1194,Spiro-SAFE T-stuk Ø 125 mm aftakking Ø 125 mm 90 graden,,Europlast,,,,"18,95",Op voorraad,https://www.bol.com/nl/nl/p/spiro-safe-t-stuk-o-125-mm-aftakking-o-125-mm-90-graden/9300000171430213/,0,"
    Maak een fenomenale splitsing in je luchtkanaal met dit spiro T-stuk. Het hulpstuk is vervaardigd uit gegalvaniseerd staal, wat het zeer goed bestand maakt tegen de invloeden van de tijd. Dankzij de SAFE-techniek monteer je het eenvoudig en luchtdicht (met luchtdichtheidsklasse D) op spirobuizen en -hulpstukken. Dit T-stuk heeft een diameter van 125 mm, met een aftakking met een diameter van 125 mm in een hoek van 90°.
  "
1195,WenkoNavulzakje voor luchtontvochtiger 1 kg voor 50 m²,,Wenko,,,,"24,-",,https://www.bol.com/nl/nl/p/wenkonavulzakje-voor-luchtontvochtiger-1-kg-voor-50-m/9200000122150454/,6,"
    De tijden van koude en vochtige kelders zijn voorbij. Deze vochtvreter beschermt wanden, meubels, auto's en textiel intensief tegen vocht, schimmel en onaangename geuren. De vochtvreter is geschikt voor ruimtes tot ca. 50 m². Met het meegeleverde granulaatblok van 1 kg blijft de betreffende ruimte tot 3 maanden droog. Zonder energieverbruik, de werking begint meteen.
  "
1196,Thermoduct geisoleerde Spiro bocht Ø 125 mm 45 graden,,,,,,"24,95",Op voorraad,https://www.bol.com/nl/nl/p/thermoduct-geisoleerde-spiro-bocht-o-125-mm-45-graden/9300000171430059/,0,"
    Bocht maken in een geïsoleerd ventilatiekanaal? Dat doe je met deze Thermoduct geïsoleerde spiro bocht. Net als Thermoduct spirobuizen is deze bocht voorzien van een binnenmantel uit sendzimir verzinkt staal. De buitenmantel bestaat uit isolerend foam. Hierdoor ben je niet alleen gegarandeerd van een minimale luchtweerstand, maar ook van maximale thermische en akoestische isolatieprestaties. Dankzij het speciale SAFE-afdichtingsrubber sluit je hem eenvoudig en luchtdicht aan.
  "
1197,"Luchtontvochtiger Slaapkamer - Luchtontvochtiger Badkamer - Draagbare luchtontvochtiger van 2500 ml met afstandsbediening, stille luchtontvochtiger",,Merkloos,,,,"198,95",,https://www.bol.com/nl/nl/p/luchtontvochtiger-slaapkamer-luchtontvochtiger-badkamer-draagbare-luchtontvochtiger-van-2500-ml-met-afstandsbediening-stille-luchtontvochtiger/9300000169263344/,7,"
 De geruisloze, draagbare en compacte luchtontvochtiger verwijdert op efficiënte wijze vocht, schimmels en vocht uit de lucht.   Absorbeert vocht tot 500 ml per dag en een watertankcapaciteit van 2,5 liter met verwijderbaar compartiment.   De luchtontvochtiger schakelt automatisch uit zodra deze zijn capaciteit bereikt.   Geen enkel geluidsapparaat maakt gebruik van een natuurlijk proces, eenvoudig te bedienen.   Perfect voor gebruik in kleine ruimtes zoals keuken, garderobe, opslagruimtes, slaapkamer, woonkamer, kantoor of elders die gevoelig zijn voor vochtige lucht.   Wilt u uw elektrische of elektronische apparaat gratis recyclen? (Doe het hier.)  Specificaties. Vermogen: 42W (110V-220V) Dagelijkse ontvochtigingscapaciteit: 400-500 ml/dag. Capaciteit watertank: 2,5 liter. Afmetingen: 240 x 130 x 360 mm. Inhoud doos: 1 x mini-ontvochtiger. 1 x adapter. 1 x slang. 1 x gebruikershandleiding in het Engels.
  "
1198,DEC metalen afvoer ventilatie ventiel met klemveren spierwit RAL9010 Ø 160 mm – DVSC160,,DEC INTERNATIONAL,,,,"23,95",Op voorraad,https://www.bol.com/nl/nl/p/dec-metalen-afvoer-ventilatie-ventiel-met-klemveren-spierwit-ral9010-o-160-mm-dvsc160/9300000171430020/,7,"
    Dit DEC metalen afvoerventiel is bijzonder geschikt als ventiel bij de afzuiging van lucht uit ruimten. Dankzij de geïntegreerde klemveren is het ventiel eenvoudig te monteren op ronde ventilatiebuizen in wanden en plafonds. Het ventiel is traploos instelbaar tot een maximaal vermogen van 50 m³/h. Ideaal dus voor uiteenlopende ventilatietoepassingen!
  "
1199,DEC metalen toevoer ventilatie ventiel met montagebus spierwit RAL9010 Ø 200 mm – DVS-P200,,DEC INTERNATIONAL,,,,"23,95",Op voorraad,https://www.bol.com/nl/nl/p/dec-metalen-toevoer-ventilatie-ventiel-met-montagebus-spierwit-ral9010-o-200-mm-dvs-p200/9300000171429990/,8,"
    Ben je op zoek naar een mooi toevoerventiel voor een ventilatiesysteem? Dan heb je aan dit DEC metalen ventiel een prachtig product. Omdat de luchttoevoer traploos te regelen is tot maximaal 25 m³/h, kan je het heel nauwkeurig afstellen op de specifieke ventilatiebehoefte in een ruimte. Dankzij de geïntegreerde montagebus monteer je het snel en eenvoudig op flexibele luchtslangen, zoals een Aluconnect (luchtbehandeling/afzuigslangen/aluconnect/). Let daarbij op de aansluitdiameter! We hebben deze ventielen in diverse maten.
  "
1200,Ruck luchtfilterbox 200 mm,,Ruck,,,,"70,95",Op voorraad,https://www.bol.com/nl/nl/p/ruck-luchtfilterbox-200-mm/9300000171430551/,4,"
    Met filterboxen bescherm je spiro luchtkanalen tegen stof, haren, zand en insecten. Deze worden er door het vliesfilter uitgefilterd. Dit heb je bijvoorbeeld nodig als je werkt met warmtewisselaars. In deze spiro luchtfilterbox gaat een G3 vliesfilter. Deze filterbox is geschikt voor montage tussen twee spiro buizen met een diameter van 200 mm. G3 vliesfilter 200mm (product/ruck-g3-vliesfilter-200mm-5-stuks/) inbegrepen.
  "
1201,"Luchtontvochtiger Slaapkamer - Luchtontvochtiger Badkamer - 1200 ml automatische ontdooiing, 7 kleuren, stille luchtontvochtiger voor thuis, slaapkamer, badkamer - donkerblauw",,Merkloos,,,,"167,95",,https://www.bol.com/nl/nl/p/luchtontvochtiger-slaapkamer-luchtontvochtiger-badkamer-1200-ml-automatische-ontdooiing-7-kleuren-stille-luchtontvochtiger-voor-thuis-slaapkamer-badkamer-donkerblauw/9300000169188713/,6,"
 Hoog rendement en laag energieverbruik: onze auto-ontvochtiger heeft een watertank van 1200 ml en zuigt dagelijks 500 ml vocht (86°C, 80% RH) op. Het transparante, drijvende tankontwerp maakt realtime monitoring mogelijk. Wanneer de tank vol is, schakelt hij automatisch uit en een knipperend rood lampje herinnert je eraan. U hoeft zich geen zorgen te maken over het overstromen van water, maximale veiligheid en een lager energieverbruik zijn gegarandeerd.   Laag geluidsniveau: de elektrische luchtontvochtiger maakt gebruik van een gelijkstroommotor, werkt stil met een geluidsniveau van minder dan 43 decibel en stoort je niet in je dagelijkse werk en leven.   Automatisch ontdooien: in tegenstelling tot andere apparaten beschikt onze kamerbevochtiger over een automatische ontdooifunctie om een soepele werking te garanderen. Als de temperatuursensor vorst op de condensatorribben detecteert, wordt de ontdooiing automatisch geactiveerd. Zodra de temperatuur weer stijgt, wordt de ontdooifunctie uitgeschakeld en beginnen de koellamellen weer te werken om de ontvochtiging voort te zetten.   7 gekleurde LED-lampen: de luchtontvochtiger heeft 7 kleuren LED-lampjes die continu kunnen veranderen of een kleur kunnen vasthouden. Deze kunnen 's avonds als verlichting worden gebruikt om voor u een romantische en gezellige omgeving te creëren.   Compact en eenvoudig in gebruik: deze luchtontvochtiger is compact en ruimtebesparend en bijzonder geschikt voor kleine ruimtes van 10-15 m² zoals kasten, slaapkamers, vensterbanken, badkamers, campers, nachtkastjes en bureaus. Met slechts één druk op de knop start u de ontvochtiging en creëert u een droge en aangename omgeving. 
"
1202,Spiro-SAFE Broekstuk Ø 250 - 250 - 250 mm,,Europlast,,,,"56,95",Op voorraad,https://www.bol.com/nl/nl/p/spiro-safe-broekstuk-o-250-250-250-mm/9300000171430286/,0,"
    Lucht- of ventilatiekanaal splitsen? Doe het eenvoudig en slim met een broekstuk. Dit broekstuk is gemaakt uit glad gegalvaniseerd staal, waardoor je zeker bent van een hoge duurzaamheid en een vlotte luchtcirculatie. De SAFE-verbinding garandeert een eenvoudige aansluiting en een minimaal drukverlies. Dit spiro hulpstuk bestaat uit een kanaal met een diameter van 250 mm en twee vertakkingen met een diameter van 250 mm die haaks op elkaar staan (dus 45°). Meer weten? Bekijk dan de specificaties.
  "
1203,Dakdoorgang Ø 315mm,,,,,,"56,95",Op voorraad,https://www.bol.com/nl/nl/p/dakdoorgang-o-315mm/9300000171430862/,0,"
    Laat je luchtkanaal door het dak gaan met een spiro dakdoorgang. Deze dakdoorvoer is met name geschikt voor montage op platte daken en kan gebruikt worden in combinatie met een stormkraag. Het product is gefabriceerd uit gegalvaniseerd staal, wat het goed bestand maakt tegen de invloeden van weer en wind. Deze doorgang is geschikt voor de montage van spiro buizen met een diameter van 315 mm. Let op! de diameter van de doorgang is 365mm anders past de spirobuis niet door het doorvoer heen.
  "
1204,Rucon metalen afvoer ventilatie ventiel met klemveren spierwit RAL9010 Ø 125 mm – DVSER 125,,Rucon Systemair,,,,"22,95",Op voorraad,https://www.bol.com/nl/nl/p/rucon-metalen-afvoer-ventilatie-ventiel-met-klemveren-spierwit-ral9010-o-125-mm-dvser-125/9300000171429976/,9,"
    Ventilatieventiel voor de afvoer van ventilatielucht nodig? Dan heb je aan dit Rucon metalen afvoerventiel een hele goede. Het ventiel is speciaal ontworpen voor het gebruik op spirobuizen (luchtbehandeling/spiro-materiaal/spirobuizen/) en andere ronde ventilatiekanalen. Je monteert het eenvoudig door middel van de geïntegreerde klemveren. Dankzij de foam ring ben je bovendien gegarandeerd van een luchtdichte en geluidsarme bevestiging. Traploos instelbaar tot een maximale luchtdoorlating van maar liefst 75 m³/h!
  "
1205,Flexibele geluiddemper non woven Ø 160 mm 100 cm,,DEC INTERNATIONAL,,,,"35,95",Op voorraad,https://www.bol.com/nl/nl/p/flexibele-geluiddemper-non-woven-o-160-mm-100-cm/9300000171429917/,4,"
    De Flexibele non-woven geluiddemper heeft een aansluitdiameter van 160 mm, een lengte van 1000 mm en is voorzien van afgewerkte uiteinden (manchetten) aan beide kanten. Hierdoor is de geluiddemper eenvoudig aan te sluiten op bijvoorbeeld een spirobuis of ventilator. De aansluiting aan beide kanten hebben een buismaat en gaan dus over hulpstukken. De binnenslang van de flexibele geluiddemper bestaat uit non-woven polypropyleen. Daarnaast heeft de flexibele geluiddemper een aluminium laminaat buitenmantel. Specificaties: * Binnenslang: Non-woven polypropyleen doek * Glaswoldeken 25mm, 16kg/m3 * Buitenmantel: Alu/poly laminaat * R-waarde glaswol:0.65 m2 K/W (ASTM C177-76) * Uiterlijk: aluminium * Temperatuur bereik: -30°C tot 140°C * Werkdruk: max +2500 Pa * Luchtsnelheid: max 25 m/s * Buigradius 0.54 x Ø + 25mm * Diameterbereik: 82 – 315 mm
  "
1206,Spiro-SAFE verloopstuk 315 mm - 250 mm,,Europlast,,,,"25,95",Op voorraad,https://www.bol.com/nl/nl/p/spiro-safe-verloopstuk-315-mm-250-mm/9300000171430140/,3,"
    Voor het koppelen van spirobuizen en spiro hulpstukken van verschillende diameters gebruik je een spiro verloopstuk. Onze verloopstukken zijn voorzien van SAFE-afdichtingsrubber en gemaakt uit hoogwaardig verzinkt sendzimir-staal, waardoor ze uiterst duurzaam zijn en voldoen aan luchtdichtheidsklasse D. Dit verloopstuk is geschikt om een rond luchtkanaal met een diameter van 315 mm te monteren op een buis of hulpstuk met een diameter van 250 mm.
  "
1207,Eindstuk met vogelgaas Ø 150 mm,,Europlast,,,,"21,95",Op voorraad,https://www.bol.com/nl/nl/p/eindstuk-met-vogelgaas-o-150-mm/9300000171430177/,0,"
    Eindstuk nodig voor een spiro luchtkanaal? Dit eindstuk uit gegalvaniseerd staal met vogelgaas, ook wel bekend als uitblaasstuk, heeft een aansluitdiameter van 150 mm. Het is bijzonder geschikt als eindstuk voor horizontale uitstroomkanalen, zoals door muren. Dankzij het vogelgaas hoef je niet bang te zijn voor vogels, ander ongedierte of bladeren in je kanaal.
  "
1208,Ophangbeugel Ø 125mm,,,,,,"9,95",Op voorraad,https://www.bol.com/nl/nl/p/ophangbeugel-o-125mm/9300000171430834/,0,"
    Voor het ophangen en bevestigen van spiro luchtkanalen aan plafond of wanden, gebruik je ophangbeugels. Ga voor kwaliteit met deze gegalvaniseerde ophangbeugel, geschikt voor buizen en slangen met een diameter van 125 mm. De beugel is voorzien van een M8 schroefdraad, voor een eenvoudige en stevige bevestiging. Het afdichtrubber garandeert een lange levensduur en werkt dempend, waardoor geluidshinder flink beperkt wordt.
  "
1209,Ophangbeugel Ø 200mm,,,,,,"11,95",Op voorraad,https://www.bol.com/nl/nl/p/ophangbeugel-o-200mm/9300000171430832/,0,"
    Voor het ophangen en bevestigen van spiro luchtkanalen aan plafond of wanden, gebruik je ophangbeugels. Ga voor kwaliteit met deze gegalvaniseerde ophangbeugel, geschikt voor buizen en slangen met een diameter van 200 mm. De beugel is voorzien van een M8 schroefdraad, voor een eenvoudige en stevige bevestiging. Het afdichtrubber garandeert een lange levensduur en werkt dempend, waardoor geluidshinder flink beperkt wordt.
  "
1210,Luchtontvochtiger Slaapkamer - Luchtontvochtiger Badkamer - alle 25 L/D + Display - Wit,,Merkloos,,,,"628,95",,https://www.bol.com/nl/nl/p/luchtontvochtiger-slaapkamer-luchtontvochtiger-badkamer-alle-25-l-d-display-wit/9300000169206224/,6,"
 Ontvochtigingscapaciteit tot 25 liter/dag + elektrische hygrostaat (LED) om de gewenste luchtvochtigheid te controleren en in te stellen!   Duidelijk display incl. Actuele temperatuur-, luchtvochtigheid- en statusoverzicht + timerfunctie om de automatische resterende looptijd of starttijd tussen 1-24 uur te selecteren!   Verstelbare luchtafvoerlamellen + automatische functie, d.w.z. het apparaat schakelt automatisch uit inclusief de ventilator na het bereiken van het gewenste vochtgehalte en schakelt ook automatisch weer in als het vochtiger wordt!   Twee ventilator-/luchtcirculatieniveaus (zwak + sterk) + Ook ideaal voor continubedrijf / continue ontvochtiging + automatische ontdooifunctie   Geschikt voor SmartHome (via WLAN-verbinding) + Bediening via externe timer (alleen mogelijk met weinig apparaten)! 
"
1211,Ophangbeugel Ø 400mm,,,,,,"18,95",Op voorraad,https://www.bol.com/nl/nl/p/ophangbeugel-o-400mm/9300000171430829/,0,"
    Voor het ophangen en bevestigen van spiro luchtkanalen aan plafond of wanden, gebruik je ophangbeugels. Ga voor kwaliteit met deze gegalvaniseerde ophangbeugel, geschikt voor buizen en slangen met een diameter van 400 mm. De beugel is voorzien van een M8 schroefdraad, voor een eenvoudige en stevige bevestiging. Het afdichtrubber garandeert een lange levensduur en werkt dempend, waardoor geluidshinder flink beperkt wordt.
  "
1212,Europlast aluminium buitenlucht muur rooster wit Ø 100mm - MRA100W,,Europlast,,,,"19,95",Op voorraad,https://www.bol.com/nl/nl/p/europlast-aluminium-buitenlucht-muur-rooster-wit-o-100mm-mra100w/9300000171430050/,3,"
    Met dit ronde aluminium muurrooster werk je de in- of uitgang van je luchtkanalen in een buitenmuur perfect af. Dankzij het geïntegreerde gaas wordt het kanaal goed beschermd tegen grotere stof- en vuildeeltjes en krijgen insecten geen kans. De parallelle lamellen zorgen niet alleen voor een extra stevige constructie, maar bieden het luchtkanaal ook bescherming tegen regen en andere vormen van neerslag. Perfect in combinatie met uiteenlopende ventilatiesystemen, zoals badkamerventilatoren, WTW-installaties en mechanische ventilatiesystemen.
  "
1213,Spiro-SAFE verloopstuk 250 mm - 100 mm,,Europlast,,,,"32,95",Op voorraad,https://www.bol.com/nl/nl/p/spiro-safe-verloopstuk-250-mm-100-mm/9300000171430167/,3,"
    Voor het koppelen van spirobuizen en spiro hulpstukken van verschillende diameters gebruik je een spiro verloopstuk. Onze verloopstukken zijn voorzien van SAFE-afdichtingsrubber en gemaakt uit hoogwaardig verzinkt sendzimir-staal, waardoor ze uiterst duurzaam zijn en voldoen aan luchtdichtheidsklasse D. Dit verloopstuk is geschikt om een rond luchtkanaal met een diameter van 250 mm te monteren op een buis of hulpstuk met een diameter van 100 mm.
  "
1214,Spiro-SAFE T-stuk Ø 100 mm aftakking Ø 100 mm 90 graden,,Europlast,,,,"17,95",Op voorraad,https://www.bol.com/nl/nl/p/spiro-safe-t-stuk-o-100-mm-aftakking-o-100-mm-90-graden/9300000171430211/,0,"
    Maak een fenomenale splitsing in je luchtkanaal met dit spiro T-stuk. Het hulpstuk is vervaardigd uit gegalvaniseerd staal, wat het zeer goed bestand maakt tegen de invloeden van de tijd. Dankzij de SAFE-techniek monteer je het eenvoudig en luchtdicht (met luchtdichtheidsklasse D) op spirobuizen en -hulpstukken. Dit T-stuk heeft een diameter van 100 mm, met een aftakking met een diameter van 100 mm in een hoek van 90°.
  "
1215,Flexibele geluiddemper non woven Ø 160 mm 50 cm,,DEC INTERNATIONAL,,,,"28,95",Op voorraad,https://www.bol.com/nl/nl/p/flexibele-geluiddemper-non-woven-o-160-mm-50-cm/9300000171429906/,4,"
    De Flexibele non-woven geluiddemper heeft een aansluitdiameter van 160 mm, een lengte van 500 mm en is voorzien van afgewerkte uiteinden (manchetten) aan beide kanten. Hierdoor is de geluiddemper eenvoudig aan te sluiten op bijvoorbeeld een spirobuis of ventilator. De aansluiting aan beide kanten hebben een buismaat en gaan dus over hulpstukken. De binnenslang van de flexibele geluiddemper bestaat uit non-woven polypropyleen. Daarnaast heeft de flexibele geluiddemper een aluminium laminaat buitenmantel. Specificaties: * Binnenslang: Non-woven polypropyleen doek * Glaswoldeken 25mm, 16kg/m3 * Buitenmantel: Alu/poly laminaat * R-waarde glaswol:0.65 m2 K/W (ASTM C177-76) * Uiterlijk: aluminium * Temperatuur bereik: -30°C tot 140°C * Werkdruk: max +2500 Pa * Luchtsnelheid: max 25 m/s * Buigradius 0.54 x Ø + 25mm * Diameterbereik: 82 – 315 mm
  "
1216,Spiro-SAFE verloopstuk 200 mm - 125 mm,,Europlast,,,,"15,95",Op voorraad,https://www.bol.com/nl/nl/p/spiro-safe-verloopstuk-200-mm-125-mm/9300000171430166/,3,"
    Voor het koppelen van spirobuizen en spiro hulpstukken van verschillende diameters gebruik je een spiro verloopstuk. Onze verloopstukken zijn voorzien van SAFE-afdichtingsrubber en gemaakt uit hoogwaardig verzinkt sendzimir-staal, waardoor ze uiterst duurzaam zijn en voldoen aan luchtdichtheidsklasse D. Dit verloopstuk is geschikt om een rond luchtkanaal met een diameter van 200 mm te monteren op een buis of hulpstuk met een diameter van 125 mm.
  "
1217,Ophangbeugel Ø 80mm,,,,,,"9,95",Op voorraad,https://www.bol.com/nl/nl/p/ophangbeugel-o-80mm/9300000171430823/,0,"
    Voor het ophangen en bevestigen van spiro luchtkanalen aan plafond of wanden, gebruik je ophangbeugels. Ga voor kwaliteit met deze gegalvaniseerde ophangbeugel, geschikt voor buizen en slangen met een diameter van 80 mm. De beugel is voorzien van een M8 schroefdraad, voor een eenvoudige en stevige bevestiging. Het afdichtrubber garandeert een lange levensduur en werkt dempend, waardoor geluidshinder flink beperkt wordt.
  "
1218,FESTO MEH-3/2-1/8-P-B Magneetventiel 173126,,Festo,,,,"344,99",Op voorraad,https://www.bol.com/nl/nl/p/festo-meh-3-2-1-8-p-b-magneetventiel-173126/9300000171905292/,2,"
    Doorlaat bij 6 Bar (l/min) 600 Werkdruk (bar) van 2 tot 8 Bediening Elektrisch Functie 3/2 gesloten, monostabiel Stuurlucht Intern DIN-grootte 5 Beschermingsklasse IP65 Bedrijfstemperatuur (°C) van -5 tot 50 Omgevingstemperatuur (°C) van -5 tot 50 Materiaal huis Aluminium-drukgegoten Materiaal afdichting NBR Medium Perslucht volgens ISO8573-1:2010 [7:4:4]
  "
1219,Ophangbeugel Ø 355mm,,,,,,"16,95",Op voorraad,https://www.bol.com/nl/nl/p/ophangbeugel-o-355mm/9300000171430828/,0,"
    Voor het ophangen en bevestigen van spiro luchtkanalen aan plafond of wanden, gebruik je ophangbeugels. Ga voor kwaliteit met deze gegalvaniseerde ophangbeugel, geschikt voor buizen en slangen met een diameter van 355 mm. De beugel is voorzien van een M8 schroefdraad, voor een eenvoudige en stevige bevestiging. Het afdichtrubber garandeert een lange levensduur en werkt dempend, waardoor geluidshinder flink beperkt wordt.
  "
1220,Europlast metalen ventilatierooster rond bruin Ø 125mm - MR125B,,Europlast,,,,"13,95",Op voorraad,https://www.bol.com/nl/nl/p/europlast-metalen-ventilatierooster-rond-bruin-o-125mm-mr125b/9300000171429940/,3,"
    Met dit degelijke ronde ventilatierooster werk je jouw ventilatiesysteem netjes af. Het rooster is zowel binnen als buiten te gebruiken. Het is geschikt voor mechanische ventilatiesystemen, maar kan ook gebruikt worden voor muur- of deurventilatie. Ook is het toepasbaar voor zowel inblaas- als afvoertoepassingen. Kortom: een heel veelzijdig rooster dus! Dankzij het gaas hoef je je bovendien geen zorgen te maken over vuil en insecten en door de schuine lamellen beschermt het rooster ook goed tegen regen en wind. Verkrijgbaar in verschillende afmetingen en kleuren.
  "
1221,Europlast houten toevoer/afvoer ventilatie ventiel Ø 125 mm - KD125,,Europlast,,,,"36,95",Op voorraad,https://www.bol.com/nl/nl/p/europlast-houten-toevoer-afvoer-ventilatie-ventiel-o-125-mm-kd125/9300000171429991/,7,"
    Duurzaam, bijzonder stijlvol en geschikt voor zowel toevoer als afvoer: dit houten ventilatieventiel heeft het allemaal. Het exclusieve en unieke ontwerp zorgt voor een waanzinnig strakke afwerking van de uiteindes van je luchtkanalen. Omdat het hout voorzien is van het FSC-keurmerk, ben je bovendien gegarandeerd van een duurzaam en ethisch product. Het houten ventiel is eenvoudig te monteren in wand en plafond met behulp van de montagering en de luchthoeveelheid stel je ook net zo makkelijk in. Traploos!
  "
1222,Verbindstuk Ø 125 mm voor hulpstuk,,Europlast,,,,"9,95",Op voorraad,https://www.bol.com/nl/nl/p/verbindstuk-o-125-mm-voor-hulpstuk/9300000171430750/,0,"
    Dit verbindstuk met een diameter van 125 mm gebruik je om twee spiro hulpstukken met elkaar te verbinden. Denk bijvoorbeeld aan een spiro bocht en een T-stuk of broekstuk. Net als onze andere spiromateriaal is dit verbindingsstuk vervaardigd uit hoogwaardig gegalvaniseerd staal, waardoor je zeker bent van een extreem lange levensduur.
  "
1223,Ruck verbindingsmachet 2 stuks Ø 160mm - VM 160,,Ruck,,,,"23,95",Op voorraad,https://www.bol.com/nl/nl/p/ruck-verbindingsmachet-2-stuks-o-160mm-vm-160/9300000171429837/,0,"
    Ruck verbindingsmachet 2 stuks Ø 160mm - VM 160 Dit verbindingsmachet is geschikt voor het verbinden van stukken buis of het koppelen van 2 flensen van dezelfde maat. Door de laag neopreen is de verbinding geluidsdicht. U krijgt 2 verbindingsmanchets geleverd.
  "
1224,Rhino Koolstoffilter 300 m³,,Rhino®,,,,"69,50",,https://www.bol.com/nl/nl/p/rhino-koolstoffilter-300-m/9300000151271221/,3,"
 Productbeschrijving   De Rhino Filter koolstoffilter van carbon filtert organische geuren.Ook ideaal voor kattbak- en andere huisdiergeuren- Capaciteit 300 m3/h- Flensmaat 125 mm- Lengte 200 mm• Maximale hoeveelheid koolstof door uniek vul-systeem.• Konische interne basis voor optimale luchtstroom.• Uniek anti air bypass systeem.• 51% open gebied.• voor optimale levensduur direct na productie geseald en verpakt.• Test methode - ASTM.• 50mm RC412 koolstof bed (ID nr.1050mg/g). 
"
1225,Spiro-SAFE Zadelstuk Ø 125 - 100 mm 90 graden,,Europlast,,,,"11,95",Op voorraad,https://www.bol.com/nl/nl/p/spiro-safe-zadelstuk-o-125-100-mm-90-graden/9300000171430179/,0,"
    Heb je een spirobuis van met een diameter van 125 mm? En wil je hier loodrecht een buis of flexibele slang met een diameter van 100 mm op monteren, om zo je luchtkanaal te vertakken? Doe dit dan met dit zadelstuk uit hoogwaardig gegalvaniseerd staal. Dit zadelstuk garandeert een duurzame en luchtdichte (klasse D) verbinding in je spiro systeem, dankzij de SAFE-techniek.
  "
1226,Spiro-SAFE Zadelstuk Ø 150 -160 mm naar 125 mm 90 graden,,Europlast,,,,"11,95",Op voorraad,https://www.bol.com/nl/nl/p/spiro-safe-zadelstuk-o-150-160-mm-naar-125-mm-90-graden/9300000171430111/,0,"
    Heb je een spirobuis van met een diameter van 150 - 160 mm? En wil je hier loodrecht een buis of flexibele slang met een diameter van 125 mm op monteren, om zo je luchtkanaal te vertakken? Doe dit dan met dit zadelstuk uit hoogwaardig gegalvaniseerd staal. Dit zadelstuk garandeert een duurzame en luchtdichte (klasse D) verbinding in je spiro systeem, dankzij de SAFE-techniek.
  "
1227,Flexibele geluiddemper non woven Ø 80 mm 100 cm,,DEC INTERNATIONAL,,,,"31,95",Op voorraad,https://www.bol.com/nl/nl/p/flexibele-geluiddemper-non-woven-o-80-mm-100-cm/9300000171429922/,4,"
    De Flexibele non-woven geluiddemper heeft een aansluitdiameter van 80 mm, een lengte van 1000 mm en is voorzien van afgewerkte uiteinden (manchetten) aan beide kanten. Hierdoor is de geluiddemper eenvoudig aan te sluiten op bijvoorbeeld een spirobuis of ventilator. De aansluiting aan beide kanten hebben een buismaat en gaan dus over hulpstukken. De binnenslang van de flexibele geluiddemper bestaat uit non-woven polypropyleen. Daarnaast heeft de flexibele geluiddemper een aluminium laminaat buitenmantel. Specificaties: * Binnenslang: Non-woven polypropyleen doek * Glaswoldeken 25mm, 16kg/m3 * Buitenmantel: Alu/poly laminaat * R-waarde glaswol:0.65 m2 K/W (ASTM C177-76) * Uiterlijk: aluminium * Temperatuur bereik: -30°C tot 140°C * Werkdruk: max +2500 Pa * Luchtsnelheid: max 25 m/s * Buigradius 0.54 x Ø + 25mm * Diameterbereik: 82 – 315 mm
  "
1228,DOMO Watertank voor DO152A,,Domo,,,,"29,99",,https://www.bol.com/nl/nl/p/domo-watertank-voor-do152a/9200000117262642/,0,"
    Watertank voor DO152A
  "
1229,"Luchtontvochtiger Slaapkamer - Luchtontvochtiger Badkamer - 2,8L huishoudelijke luchtontvochtiger, luchtontvochtiger met automatische uitschakeling en 7-kleuren LED-licht - wit",,Merkloos,,,,"287,95",,https://www.bol.com/nl/nl/p/luchtontvochtiger-slaapkamer-luchtontvochtiger-badkamer-2-8l-huishoudelijke-luchtontvochtiger-luchtontvochtiger-met-automatische-uitschakeling-en-7-kleuren-led-licht-wit/9300000169200748/,5,"
 【Efficiënte luchtontvochtiger】In tegenstelling tot andere elektrische luchtontvochtigers op de markt, maakt de verbeterde luchtontvochtiger gebruik van dubbele condensatieplaattechnologie voor een stille werking en een ontvochtigingscapaciteit tot 1L/D (30℃ RH90%). Het helpt u de luchtkwaliteit te verbeteren en een gezondere, comfortabelere leefomgeving te creëren.   Luchtontvochtiger met afvoerslang: de luchtontvochtiger wordt geleverd met een watertank van 2,8 liter en een afvoerslang van 1 meter, zodat het apparaat in de badkamer of keuken geplaatst kan worden zonder dat u deze dagelijks hoeft te legen. Het is perfect om onbedoeld morsen van water te voorkomen en maakt het veilig en praktisch als u niet thuis bent!   【Twee werkmodi kelderontvochtiger】De kelderontvochtiger is ontworpen met hogesnelheidsmodus en slaapmodus. De 2 modi kunnen indien nodig worden geactiveerd. Hoge snelheidsmodus, krachtige snelheid, kan de luchtvochtigheid snel en effectief verminderen. De nachtmodus (slaapmodus) werkt op lage snelheid en is stil (<30db) terwijl je slaapt, zodat je rustig kunt slapen.   【Kleurrijk nachtlampje Mini-luchtontvochtiger】De slaapkamerontvochtiger heeft 7 veranderende lampen die stabiel in uw favoriete kleur kunnen worden gezet en kunnen als nachtlampje worden gebruikt om een zachte en romantische slaapsfeer voor u te creëren.   【Creëer een comfortabele omgeving】Deze draagbare luchtontvochtiger is perfect voor kamers met minder badkamers, kleine kelders, slaapkamers, garages, kasten, keukens. Volgens onderzoek zal een luchtvochtigheid van meer dan 50% ongemak of andere gezondheidsproblemen veroorzaken. De luchtontvochtiger kan de luchtvochtigheid onder de 45% houden, vocht verzamelen en frisse lucht afgeven, zodat u een gezonde en comfortabele omgeving krijgt. 
"
1230,Honeywell RPAW-HAW-500-PF,,Honeywell,,,,"19,80",Op voorraad,https://www.bol.com/nl/nl/p/honeywell-rpaw-haw-500-pf/9200000008832619/,1,"
    Filter
  "
1231,Ideal Office 7310100 Reservefilter,,Ideal Office,,,,"189,99",,https://www.bol.com/nl/nl/p/ideal-office-7310100-reservefilter/9300000044011444/,2,"
Ideal Office 7310100 Reservefilter  De krachtige-360°-filteroptie bestaat uit een fijn voorfilter, HEPA-filter en een extra hoge actieve koolstof gehalte. Door de ronde vorm wordt het volledige oppervlak optimaal wordt benut. Textiel overtrekken optioneel. De teksten voor dit artikel zijn automatisch vertaald.   Features      Highlights      Leveromvang  null 
"
1232,Spiro-SAFE Terugslagklep Ø 355 mm,,Europlast,,,,"56,95",Op voorraad,https://www.bol.com/nl/nl/p/spiro-safe-terugslagklep-o-355-mm/9300000171430226/,3,"
    Op zoek naar een terugslagklep met waar de kwaliteit van afspat? En die ook nog eens aantrekkelijk geprijsd is? Zoek niet verder. Wij hebben hier een prachtig staaltje terugslagklep met een diameter van 355 mm uit gegalvaniseerd staal, met SAFE-afdichtingsrubber: een verrijking voor elk luchtkanaal. Ook wel bekend als vlinderklep zorg je er met dit product voor dat lucht niet kan terugstromen in het kanaal. Handig!
  "
1233,Spiro-SAFE bocht Ø 250 mm 45 graden,,Europlast,,,,"23,95",Op voorraad,https://www.bol.com/nl/nl/p/spiro-safe-bocht-o-250-mm-45-graden/9300000171430309/,0,"
    Soms kun je niet rechtdoor en moet je bochten maken in je ventilatiekanalen. Dat doe je met spiro bochten. Onze bochten zijn voorzien van een zogenaamd SAFE-afdichtingsrubber. Hierdoor heb je een minimaal drukverlies en dus een geweldig rendement! We hebben deze bochten voor je in alle diametermaten en hoeken. Zie voor een overzicht van alle maten en afmetingen ook de tekening hierboven. Deze specifieke spiro bocht heeft een diameter van 250 mm en maakt een hoek van 45 graden. De bocht is gemaakt uit geperst gegalvaniseerd staal. Daardoor is het product vochtbestendig en mooi glad. Perfect voor een jarenlange soepele luchtcirculatie!
  "
1234,Thermoduct geisoleerde Spiro bocht Ø 125 mm 90 graden,,Econox,,,,"28,95",Op voorraad,https://www.bol.com/nl/nl/p/thermoduct-geisoleerde-spiro-bocht-o-125-mm-90-graden/9300000171430067/,0,"
    Bocht maken in een geïsoleerd ventilatiekanaal? Dat doe je met deze Thermoduct geïsoleerde spiro bocht. Net als Thermoduct spirobuizen is deze bocht voorzien van een binnenmantel uit sendzimir verzinkt staal. De buitenmantel bestaat uit isolerend foam. Hierdoor ben je niet alleen gegarandeerd van een minimale luchtweerstand, maar ook van maximale thermische en akoestische isolatieprestaties. Dankzij het speciale SAFE-afdichtingsrubber sluit je hem eenvoudig en luchtdicht aan.
  "
1235,Spiro-SAFE Terugslagklep Ø 250 mm,,Europlast,,,,"32,95",Op voorraad,https://www.bol.com/nl/nl/p/spiro-safe-terugslagklep-o-250-mm/9300000171430229/,3,"
    Op zoek naar een terugslagklep met waar de kwaliteit van afspat? En die ook nog eens aantrekkelijk geprijsd is? Zoek niet verder. Wij hebben hier een prachtig staaltje terugslagklep met een diameter van 250 mm uit gegalvaniseerd staal, met SAFE-afdichtingsrubber: een verrijking voor elk luchtkanaal. Ook wel bekend als vlinderklep zorg je er met dit product voor dat lucht niet kan terugstromen in het kanaal. Handig!
  "
1236,Spiro-SAFE verloopstuk 400 mm - 355 mm,,Europlast,,,,"45,95",Op voorraad,https://www.bol.com/nl/nl/p/spiro-safe-verloopstuk-400-mm-355-mm/9300000171430144/,3,"
    Voor het koppelen van spirobuizen en spiro hulpstukken van verschillende diameters gebruik je een spiro verloopstuk. Onze verloopstukken zijn voorzien van SAFE-afdichtingsrubber en gemaakt uit hoogwaardig verzinkt sendzimir-staal, waardoor ze uiterst duurzaam zijn en voldoen aan luchtdichtheidsklasse D. Dit verloopstuk is geschikt om een rond luchtkanaal met een diameter van 400 mm te monteren op een buis of hulpstuk met een diameter van 355 mm.
  "
1237,Sonoconnect Ø 203mm akoestisch geïsoleerde afzuigslang - 10 meter,,,,,,"61,95",Op voorraad,https://www.bol.com/nl/nl/p/sonoconnect-o-203mm-akoestisch-geisoleerde-afzuigslang-10-meter/9300000171430801/,2,"
    De Sonoconnect is een flexibele slang met bijzonder goede thermische en akoestische isolatie. Het is de favoriete keuze van menig vakman en doe-het-zelver die een stevige en brandveilige slang nodig heeft, die ook nog eens goed isoleert. Hij is bijvoorbeeld een ideaal onderdeel van airco’s en verwarmingssystemen die stil en met minimaal warmteverlies hun werk moeten doen. Je bestelt de slang met een diameter van 203 mm per compacte verpakking van 10 meter. De slang is makkelijk op maat te snijden of knippen.
  "
1238,Klarstein - Grandbreeze Eco 12K- Mobiele Airco Met Afvoerslang- 3-In-1 Airco- Ventilator- Luchtontvochtiger & Nachtmodus- Kleine & Draagbare Airco Voor Woning En Kantoor- Gering Verbruik- 14000Btu - Wit,,Klarstein,,,,"1012,99",,https://www.bol.com/nl/nl/p/klarstein-grandbreeze-pro-14k-mobiele-airco-14-000-btu-4-1-kw-460-m-h-air-conditioner-portable-voor-42-tot-68-m-mobile-airconditioning-ventilator-r290-aircooler/9300000037974615/,13,"
 Meer vermogen voor een droomklimaat: Met 4,1 kW koelvermogen onder de kap genereert de Klarstein Grandbreeze Pro 14K airco aangename temperaturen tussen 18 en 32 °C in je woon- en werkkamer. Daarbij voorziet de mobiele airco ruimtes tot 68 m² van een luchtcirculatie van max. 460 m³/h. Een regelbare ventilator met 3 snelheden verdeelt de gekoelde lucht als een zachte of krachtige bries. En wanneer je alleen de luchtcirculatie wilt stimuleren, laat je de ventilator individueel zijn gang gaan. Aanvullend bevrijdt de ingebouwde ontvochtigingsfunctie je van warme en zwoele lucht en laat je op warme zomerdagen rustig ademhalen.   Eigenschappen:  Capabel: dankzij 4,1 kW vermogen met een luchtcirculatie van 460 m³/h  Krachtig: geschikt voor ruimtes met een oppervlakte van 42-68 m²  3-in-1 airco: koelen, drogen en ventileren  Voor kiep- en schuiframen: met flexibele afvoerslang en raamafdichting  Comfortabele bediening: via led-bedieningspaneel of afstandsbediening  Energielabel A: en klimaatvriendelijke koelvloeistof Omvang Levering:   1 x Airco 1 x Afstandsbediening 1 x Flexibele, uittrekbare luchtafvoerslang  1 x Slangaansluiting apparaat 1 x Slangaansluiting afvoeropening (rechthoekig) 1 x Afvoerslang Meertalige gebruikershandleiding  Afmetingen:   Afmetingen apparaat: ca. 45 x 74,5 x 39,6 cm (BxHxD) Afmetingen afvoerslang: ca. 155 x 14 cm (LxØ) Gewicht: ca. 33,5 kg Stroomvoorziening: 220-240 V~ | 50 Hz Stroomvoorziening afstandsbediening: 2 x AA-batterij (niet inbegrepen)  Artikelnummer: 10035811
  "
1239,Europlast kunststof plafondrooster 190 x 190mm wit Ø 150mm - ND15G,,Europlast,,,,"18,95",Op voorraad,https://www.bol.com/nl/nl/p/europlast-kunststof-plafondrooster-190-x-190mm-wit-o-150mm-nd15g/9300000171429959/,3,"
    Ventilatierooster nodig voor het plafond? Dan heb je aan dit fraaie plafondrooster een prachtproduct. Het stijlvolle rooster is gemaakt uit brandvertragend kunststof en is voorzien van speciaal insectengaas, waardoor vuil en ongedierte niet in het luchtkanaal kunnen komen. Dankzij de verdekte bevestiging en de speciale aansluiting monteer je dit rooster altijd netjes en relatief eenvoudig op een ronde spirobuis (luchtbehandeling/spiro-materiaal/spirobuizen/) in het plafond.
  "
1240,Flexibele geluiddemper non woven Ø 100 mm 50 cm,,DEC INTERNATIONAL,,,,"29,95",Op voorraad,https://www.bol.com/nl/nl/p/flexibele-geluiddemper-non-woven-o-100-mm-50-cm/9300000171429923/,4,"
    De Flexibele non-woven geluiddemper heeft een aansluitdiameter van 100 mm, een lengte van 500 mm en is voorzien van afgewerkte uiteinden (manchetten) aan beide kanten. Hierdoor is de geluiddemper eenvoudig aan te sluiten op bijvoorbeeld een spirobuis of ventilator. De aansluiting aan beide kanten hebben een buismaat en gaan dus over hulpstukken. De binnenslang van de flexibele geluiddemper bestaat uit non-woven polypropyleen. Daarnaast heeft de flexibele geluiddemper een aluminium laminaat buitenmantel. Specificaties: * Binnenslang: Non-woven polypropyleen doek * Glaswoldeken 25mm, 16kg/m3 * Buitenmantel: Alu/poly laminaat * R-waarde glaswol:0.65 m2 K/W (ASTM C177-76) * Uiterlijk: aluminium * Temperatuur bereik: -30°C tot 140°C * Werkdruk: max +2500 Pa * Luchtsnelheid: max 25 m/s * Buigradius 0.54 x Ø + 25mm * Diameterbereik: 82 – 315 mm
  "
1241,Ruck verbindingsmachet 2 stuks Ø 100mm - VM 100,,Ruck,,,,"21,95",Op voorraad,https://www.bol.com/nl/nl/p/ruck-verbindingsmachet-2-stuks-o-100mm-vm-100/9300000171429840/,0,"
    Ruck verbindingsmachet 2 stuks Ø 100mm - VM 100 Dit verbindingsmachet is geschikt voor het verbinden van stukken buis of het koppelen van 2 flensen van dezelfde maat. Door de laag neopreen is de verbinding geluidsdicht. U krijgt 2 verbindingsmanchets geleverd.
  "
1242,"Ruck elektronische traploze regelaar 1,5 A - ETY 15",,Ruck,,,,"76,95",Op voorraad,https://www.bol.com/nl/nl/p/ruck-elektronische-traploze-regelaar-1-5-a-ety-15/9300000171429870/,3,"
Ruck elektronische traploze regelaar 1,5 A - ETY 15
"
1243,Europlast metalen ventilatierooster rond grijs Ø 100mm - MR100P,,Europlast,,,,"12,95",Op voorraad,https://www.bol.com/nl/nl/p/europlast-metalen-ventilatierooster-rond-grijs-o-100mm-mr100p/9300000171429957/,3,"
    Met dit degelijke ronde ventilatierooster werk je jouw ventilatiesysteem netjes af. Het rooster is zowel binnen als buiten te gebruiken. Het is geschikt voor mechanische ventilatiesystemen, maar kan ook gebruikt worden voor muur- of deurventilatie. Ook is het toepasbaar voor zowel inblaas- als afvoertoepassingen. Kortom: een heel veelzijdig rooster dus! Dankzij het gaas hoef je je bovendien geen zorgen te maken over vuil en insecten en door de schuine lamellen beschermt het rooster ook goed tegen regen en wind. Verkrijgbaar in verschillende afmetingen en kleuren.
  "
1244,Flexibele geluiddemper non woven Ø 125 mm 50 cm,,DEC INTERNATIONAL,,,,"25,95",Op voorraad,https://www.bol.com/nl/nl/p/flexibele-geluiddemper-non-woven-o-125-mm-50-cm/9300000171429924/,4,"
    De Flexibele non-woven geluiddemper heeft een aansluitdiameter van 125 mm, een lengte van 500 mm en is voorzien van afgewerkte uiteinden (manchetten) aan beide kanten. Hierdoor is de geluiddemper eenvoudig aan te sluiten op bijvoorbeeld een spirobuis of ventilator. De aansluiting aan beide kanten hebben een buismaat en gaan dus over hulpstukken. De binnenslang van de flexibele geluiddemper bestaat uit non-woven polypropyleen. Daarnaast heeft de flexibele geluiddemper een aluminium laminaat buitenmantel. Specificaties: * Binnenslang: Non-woven polypropyleen doek * Glaswoldeken 25mm, 16kg/m3 * Buitenmantel: Alu/poly laminaat * R-waarde glaswol:0.65 m2 K/W (ASTM C177-76) * Uiterlijk: aluminium * Temperatuur bereik: -30°C tot 140°C * Werkdruk: max +2500 Pa * Luchtsnelheid: max 25 m/s * Buigradius 0.54 x Ø + 25mm * Diameterbereik: 82 – 315 mm
  "
1245,Sonoconnect Ø 315mm akoestisch geïsoleerde afzuigslang - 10 meter,,,,,,"86,95",Op voorraad,https://www.bol.com/nl/nl/p/sonoconnect-o-315mm-akoestisch-geisoleerde-afzuigslang-10-meter/9300000171430798/,2,"
    De Sonoconnect is een flexibele slang met bijzonder goede thermische en akoestische isolatie. Het is de favoriete keuze van menig vakman en doe-het-zelver die een stevige en brandveilige slang nodig heeft, die ook nog eens goed isoleert. Hij is bijvoorbeeld een ideaal onderdeel van airco’s en verwarmingssystemen die stil en met minimaal warmteverlies hun werk moeten doen. Je bestelt de slang met een diameter van 315 mm per compacte verpakking van 10 meter. De slang is makkelijk op maat te snijden of knippen.
  "
1246,Ophangbeugel Ø 150mm,,,,,,"10,95",Op voorraad,https://www.bol.com/nl/nl/p/ophangbeugel-o-150mm/9300000171430842/,0,"
    Voor het ophangen en bevestigen van spiro luchtkanalen aan plafond of wanden, gebruik je ophangbeugels. Ga voor kwaliteit met deze gegalvaniseerde ophangbeugel, geschikt voor buizen en slangen met een diameter van 150 mm. De beugel is voorzien van een M8 schroefdraad, voor een eenvoudige en stevige bevestiging. Het afdichtrubber garandeert een lange levensduur en werkt dempend, waardoor geluidshinder flink beperkt wordt.
  "
1247,Eindstuk met vogelgaas Ø 355mm,,Europlast,,,,"52,95",Op voorraad,https://www.bol.com/nl/nl/p/eindstuk-met-vogelgaas-o-355mm/9300000171430843/,0,"
    Eindstuk nodig voor een spiro luchtkanaal? Dit eindstuk uit gegalvaniseerd staal met vogelgaas, ook wel bekend als uitblaasstuk, heeft een aansluitdiameter van 355 mm. Het is bijzonder geschikt als eindstuk voor horizontale uitstroomkanalen, zoals door muren. Dankzij het vogelgaas hoef je niet bang te zijn voor vogels, ander ongedierte of bladeren in je kanaal.
  "
1248,Ruck inline buisventilator met EC motor en PWM sturing 220m3 Ø 125mm – EM 125 EC 02,,Ruck,,,,"118,95",Op voorraad,https://www.bol.com/nl/nl/p/ruck-inline-buisventilator-met-ec-motor-en-pwm-sturing-220m3-o-125mm-em-125-ec-02/9300000171430076/,5,"
    De Ruck ETAMASTER buisventilator (EM EC-serie) heeft een energiezuinige EC-motor, deze gelijkstroommotor is te bedienen met een traploze toerentalregeling. De Etamaster buisventilator van Ruck kan direct gemonteerd worden op een buis, echter raden wij de bijbehorende Ruck verbindingsmachet aan om trillingen en geluid door het kanaal te reduceren. LET OP! Deze buisventilator kan alleen geregeld worden met pulsbreedtemodulator MTP 50 (product/ruck-pwm-regelaar-potentiometer-1-10vdc-2-ampere-mtp-50/) (PWM/PBM). De Etamaster heeft een ingebouwde thermische schakelaar om doorbranding te voorkomen. Daarbij is de buisventilator uitgevoerd met een Mixed-Flow waaier met stator, waardoor de ventilator bij een hoog debiet nog steeds een laag geluidsniveau zal produceren. De EM EC-serie is leverbaar met een capaciteit van 410 m3/h tot maximaal 5700 m3/h en hebben respectievelijk een diameter van 100 mm tot maximaal 400 mm. Ruck ventilatoren GmbH, is een toonaangevend Duits bedrijf met meer dan 25 jaar ervaring. Zij zijn marktleider op het gebied van energiezuinige Etamaster buisventilatoren met gelijkstroommotor (EC-motor). Met meer dan 300 enthousiaste medewerkers werken zij dagelijks samen aan nieuwe ontwikkelingen en technieken. Het bedrijf zorgt voor waarborging van de kwaliteit om een uitstekend product af te kunnen leveren met de laatste gestelde ERP (Energy Related Product) eisen. * Interne elektronische temperatuurbewaking * Plastic behuizing * Geïntegreerde elektronica * EC-motor * Traploze toerentalregeling * Mixed-Flow waaier met stator
  "
1249,Spiro-SAFE Zadelstuk Ø 315 - 250 mm 90 graden,,Europlast,,,,"19,95",Op voorraad,https://www.bol.com/nl/nl/p/spiro-safe-zadelstuk-o-315-250-mm-90-graden/9300000171430188/,0,"
    Heb je een spirobuis van met een diameter van 315 mm? En wil je hier loodrecht een buis of flexibele slang met een diameter van 250 mm op monteren, om zo je luchtkanaal te vertakken? Doe dit dan met dit zadelstuk uit hoogwaardig gegalvaniseerd staal. Dit zadelstuk garandeert een duurzame en luchtdichte (klasse D) verbinding in je spiro systeem, dankzij de SAFE-techniek.
  "
1250,Spiro-SAFE Verbindstuk Ø 315 mm voor buis en slang,,Europlast,,,,"16,95",Op voorraad,https://www.bol.com/nl/nl/p/spiro-safe-verbindstuk-o-315-mm-voor-buis-en-slang/9300000171430189/,0,"
    Wil je twee spirobuizen met een diameter van 315 mm luchtdicht met elkaar verbinden? Doe dit dan met dit verbindstuk uit topkwaliteit sendzimir. Het koppelstuk met speciaal SAFE-afdichtingsrubber garandeert een duurzame en naadloze verbinding van je luchtkanalen. Dankzij de rubberen ring hoef je de buis er alleen maar in te schuiven en dan zit ie vast, met luchtdichtheidsklasse D!
  "
1251,Ophangbeugel Ø 100mm,,,,,,"9,95",Op voorraad,https://www.bol.com/nl/nl/p/ophangbeugel-o-100mm/9300000171430847/,0,"
    Voor het ophangen en bevestigen van spiro luchtkanalen aan plafond of wanden, gebruik je ophangbeugels. Ga voor kwaliteit met deze gegalvaniseerde ophangbeugel, geschikt voor buizen en slangen met een diameter van 100 mm. De beugel is voorzien van een M8 schroefdraad, voor een eenvoudige en stevige bevestiging. Het afdichtrubber garandeert een lange levensduur en werkt dempend, waardoor geluidshinder flink beperkt wordt.
  "
1252,Ruck PWM regelaar potentiometer 1/10Vdc - 2 ampere - MTP 50,,Ruck,,,,"95,95",Op voorraad,https://www.bol.com/nl/nl/p/ruck-pwm-regelaar-potentiometer-1-10vdc-2-ampere-mtp-50/9300000171429880/,2,"
Ruck PWM regelaar potentiometer 1/10Vdc - 2 ampere - MTP 50
"
1253,Verbindstuk Ø 400 mm voor hulpstuk,,Europlast,,,,"15,95",Op voorraad,https://www.bol.com/nl/nl/p/verbindstuk-o-400-mm-voor-hulpstuk/9300000171430735/,0,"
    Dit verbindstuk met een diameter van 400 mm gebruik je om twee spiro hulpstukken met elkaar te verbinden. Denk bijvoorbeeld aan een spiro bocht en een T-stuk of broekstuk. Net als onze andere spiromateriaal is dit verbindingsstuk vervaardigd uit hoogwaardig gegalvaniseerd staal, waardoor je zeker bent van een extreem lange levensduur.
  "
1254,Europlast aluminium buitenlucht muur rooster zwart Ø 100mm - DSAV100B,,Europlast,,,,"18,95",Op voorraad,https://www.bol.com/nl/nl/p/europlast-aluminium-buitenlucht-muur-rooster-zwart-o-100mm-dsav100b/9300000171430048/,4,"
    Met dit ronde aluminium muurrooster werk je de in- of uitgang van je luchtkanalen in een buitenmuur perfect af. Dankzij het geïntegreerde gaas wordt het kanaal goed beschermd tegen grotere stof- en vuildeeltjes en krijgen insecten geen kans. De parallelle lamellen zorgen niet alleen voor een extra stevige constructie, maar bieden het luchtkanaal ook bescherming tegen regen en andere vormen van neerslag. Perfect in combinatie met uiteenlopende ventilatiesystemen, zoals badkamerventilatoren, WTW-installaties en mechanische ventilatiesystemen.
  "
1255,Spiro-SAFE Zadelstuk Ø 80 - 80 mm 90 graden,,Europlast,,,,"11,95",Op voorraad,https://www.bol.com/nl/nl/p/spiro-safe-zadelstuk-o-80-80-mm-90-graden/9300000171430129/,0,"
    Heb je een spirobuis van met een diameter van 80 mm? En wil je hier loodrecht een buis of flexibele slang met een diameter van 80 mm op monteren, om zo je luchtkanaal te vertakken? Doe dit dan met dit zadelstuk uit hoogwaardig gegalvaniseerd staal. Dit zadelstuk garandeert een duurzame en luchtdichte (klasse D) verbinding in je spiro systeem, dankzij de SAFE-techniek.
  "
1256,Spiro-SAFE Verbindstuk Ø 250 mm voor buis en slang,,Europlast,,,,"14,95",Op voorraad,https://www.bol.com/nl/nl/p/spiro-safe-verbindstuk-o-250-mm-voor-buis-en-slang/9300000171430187/,0,"
    Wil je twee spirobuizen met een diameter van 250 mm luchtdicht met elkaar verbinden? Doe dit dan met dit verbindstuk uit topkwaliteit sendzimir. Het koppelstuk met speciaal SAFE-afdichtingsrubber garandeert een duurzame en naadloze verbinding van je luchtkanalen. Dankzij de rubberen ring hoef je de buis er alleen maar in te schuiven en dan zit ie vast, met luchtdichtheidsklasse D!
  "
1257,Spiro-SAFE Broekstuk Ø 160 - 160 - 160 mm,,Europlast,,,,"41,95",Op voorraad,https://www.bol.com/nl/nl/p/spiro-safe-broekstuk-o-160-160-160-mm/9300000171430294/,0,"
    Lucht- of ventilatiekanaal splitsen? Doe het eenvoudig en slim met een broekstuk. Dit broekstuk is gemaakt uit glad gegalvaniseerd staal, waardoor je zeker bent van een hoge duurzaamheid en een vlotte luchtcirculatie. De SAFE-verbinding garandeert een eenvoudige aansluiting en een minimaal drukverlies. Dit spiro hulpstuk bestaat uit een kanaal met een diameter van 160 mm en twee vertakkingen met een diameter van 160 mm die haaks op elkaar staan (dus 45°). Meer weten? Bekijk dan de specificaties.
  "
1258,Dakdoorgang Ø 200mm,,,,,,"45,95",Op voorraad,https://www.bol.com/nl/nl/p/dakdoorgang-o-200mm/9300000171430870/,0,"
    Laat je luchtkanaal door het dak gaan met een spiro dakdoorgang. Deze dakdoorvoer is met name geschikt voor montage op platte daken en kan gebruikt worden in combinatie met een stormkraag (luchtbehandeling/spiro-materiaal/stormkragen/). Het product is gefabriceerd uit gegalvaniseerd staal, wat het goed bestand maakt tegen de invloeden van weer en wind. Deze doorgang is geschikt voor de montage van spiro buizen met een diameter van 200 mm. Let op! de diameter van de doorgang is 250mm anders past de spirobuis niet door het doorvoer heen.
  "
1259,DEC metalen afvoer ventilatie ventiel met klemveren spierwit RAL9010 Ø 100 mm – DVSC100,,DEC INTERNATIONAL,,,,"16,95",Op voorraad,https://www.bol.com/nl/nl/p/dec-metalen-afvoer-ventilatie-ventiel-met-klemveren-spierwit-ral9010-o-100-mm-dvsc100/9300000171430038/,7,"
    Dit DEC metalen afvoerventiel is bijzonder geschikt als ventiel bij de afzuiging van lucht uit ruimten. Dankzij de geïntegreerde klemveren is het ventiel eenvoudig te monteren op ronde ventilatiebuizen in wanden en plafonds. Het ventiel is traploos instelbaar tot een maximaal vermogen van 50 m³/h. Ideaal dus voor uiteenlopende ventilatietoepassingen!
  "
1260,Spiro-SAFE Broekstuk Ø 315 - 315 - 315 mm,,Europlast,,,,"66,95",Op voorraad,https://www.bol.com/nl/nl/p/spiro-safe-broekstuk-o-315-315-315-mm/9300000171430290/,0,"
    Lucht- of ventilatiekanaal splitsen? Doe het eenvoudig en slim met een broekstuk. Dit broekstuk is gemaakt uit glad gegalvaniseerd staal, waardoor je zeker bent van een hoge duurzaamheid en een vlotte luchtcirculatie. De SAFE-verbinding garandeert een eenvoudige aansluiting en een minimaal drukverlies. Dit spiro hulpstuk bestaat uit een kanaal met een diameter van 315 mm en twee vertakkingen met een diameter van 315 mm die haaks op elkaar staan (dus 45°). Meer weten? Bekijk dan de specificaties.
  "
1261,DEC metalen afvoer ventilatie ventiel met montagebus spierwit RAL9010 Ø 125 mm – DVS125,,DEC INTERNATIONAL,,,,"14,95",Op voorraad,https://www.bol.com/nl/nl/p/dec-metalen-afvoer-ventilatie-ventiel-met-montagebus-spierwit-ral9010-o-125-mm-dvs125/9300000171429992/,7,"
    Dit DEC metalen afvoerventiel is bijzonder geschikt als ventiel bij de afzuiging van lucht uit ruimten. Dankzij de geïntegreerde montagebus is het ventiel eenvoudig te monteren op flexibele ventilatieslangen in wanden en plafonds. Het ventiel is traploos instelbaar tot een maximaal vermogen van 50 m³/h. Ideaal dus voor uiteenlopende ventilatietoepassingen!
  "
1262,Verbindstuk Ø 315mm voor hulpstuk,,Europlast,,,,"11,95",Op voorraad,https://www.bol.com/nl/nl/p/verbindstuk-o-315mm-voor-hulpstuk/9300000171430739/,0,"
    Dit verbindstuk met een diameter van 315 mm gebruik je om twee spiro hulpstukken met elkaar te verbinden. Denk bijvoorbeeld aan een spiro bocht en een T-stuk of broekstuk. Net als onze andere spiromateriaal is dit verbindingsstuk vervaardigd uit hoogwaardig gegalvaniseerd staal, waardoor je zeker bent van een extreem lange levensduur.
  "
1263,Dakkap met vogelgaas Ø 315mm,,Europlast,,,,"87,95",Op voorraad,https://www.bol.com/nl/nl/p/dakkap-met-vogelgaas-o-315mm/9300000171430851/,0,"
    Voorkom regeninslag in je luchtkanalen door ze af te sluiten met een dakkap met waterrand en vogelgaas. Dankzij het vogelgaas krijgen vogels bovendien geen kans om narigheid uit te halen. Deze dakkap is geschikt voor montage op spirobuizen met een diameter van 315 mm. Hij is gemaakt uit gegalvaniseerd staal, wat hem wind- en weersbestendig maakt. Het SAFE-afdichtingsrubber zorgt voor een eenvoudige en bijzonder luchtdichte montage.
  "
1264,Aluconnect Ø 102mm aluminium afzuigslang - 10 meter,,Air Connections,,,,"19,95",Op voorraad,https://www.bol.com/nl/nl/p/aluconnect-o-102mm-aluminium-afzuigslang-10-meter/9300000171430889/,0,"
    De Aluconnect is een hoogwaardige flexibele luchtslang. Hij is gemaakt uit meerdere lage aluminium en polyester, met daartussen stalen spiraaldraad. Hierdoor is de slang brandveilig, bestand tegen hoge temperaturen en heeft hij een hoge trek- en buigsterkte. Een prima slang voor ventilatie- en afzuigtoepassingen in de horeca, fabriek of mechanische ventilatiesystemen. Deze slang heeft een diameter van 102 mm en is compact verpakt per 10 meter.
  "
1265,Eindstuk met vogelgaas Ø 250mm,,Europlast,,,,"34,95",Op voorraad,https://www.bol.com/nl/nl/p/eindstuk-met-vogelgaas-o-250mm/9300000171430850/,0,"
    Eindstuk nodig voor een spiro luchtkanaal? Dit eindstuk uit gegalvaniseerd staal met vogelgaas, ook wel bekend als uitblaasstuk, heeft een aansluitdiameter van 250 mm. Het is bijzonder geschikt als eindstuk voor horizontale uitstroomkanalen, zoals door muren. Dankzij het vogelgaas hoef je niet bang te zijn voor vogels, ander ongedierte of bladeren in je kanaal.
  "
1266,Equivera Auto Ontvochtiger - Lucht Ontvochtiger - Herbruikbaar - Vochtopnemer - Universeel - Compact,,Equivera,,,,"45,95",,https://www.bol.com/nl/nl/p/equivera-auto-ontvochtiger-lucht-ontvochtiger-herbruikbaar-vochtopnemer-universeel-compact/9300000173055640/,9,"
Ontdek de ultieme oplossing voor een vochtvrij voertuig en huis met de innovatieve Universele Ontvochtiger. Of je nu worstelt met beslagen ruiten in je auto op koude ochtenden, of vocht, schimmel en muffe geuren in je caravan, boot, garage, woonkamer, kledingkast of kelder wilt aanpakken, onze set van twee ontvochtigers biedt de perfecte uitkomst.  Effectieve vochtbestrijding: Onze ontvochtiger set werkt actief tegen vocht, schimmel, en onaangename geuren, waardoor je leefomgeving gezonder en aangenamer wordt. Bescherming tegen condensatie: Voorkomt beslagen en ijskoude ruiten in je auto, evenals muffe geuren en roest, door overtollig vocht efficiënt op te nemen. Krachtige vochtopname: Het innovatieve materiaal binnenin elke zak kan tot 30% van zijn eigen gewicht aan vocht absorberen, waardoor je ruimte droog en comfortabel blijft. Milieuvriendelijk en herbruikbaar: Eenvoudig te regenereren in de magnetron of op de verwarming. Een gedetailleerde handleiding wordt meegeleverd voor jouw gemak. Zichtbaar effect: De unieke verzadigingsindicator verandert van blauw naar roze wanneer het tijd is om te drogen, en keert terug naar blauw zodra de ontvochtiger weer klaar is voor gebruik.  Met de Universele Ontvochtiger van [Merknaam] ben je verzekerd van een effectieve en duurzame oplossing tegen vochtproblemen. Kies voor een gezondere leefomgeving en heldere ruiten, elke dag weer. Perfect voor gebruik in auto's, boten, en thuis – overal waar vocht een probleem is. Transformeer je ruimte met deze essentiële toevoeging aan je huishoudelijke of voertuigonderhoudsproducten.
"
1267,Stokeind bout M8 x 120mm - 10 stuks,,Würth,,,,"10,95",Op voorraad,https://www.bol.com/nl/nl/p/stokeind-bout-m8-x-120mm-10-stuks/9300000171429856/,0,"
    * Schroefdraadsoort x nominale diameter x lengte (d): M8 x 120 mm * Materiaal: Staal * Sterkteklasse: 4,8 * Oppervlakte: Verzinkt * Interne aandrijving: TX25 * Sleutelwijdte (SW): 6 mm
  "
1268,Sentera traploze toerenregelaar 6 ampere - ITR-9-60-DT,,,,,,"109,95",Op voorraad,https://www.bol.com/nl/nl/p/sentera-traploze-toerenregelaar-6-ampere-itr-9-60-dt/9300000171430773/,2,"
    De ITR-9-60 is een elektronische snelheidsregelaar voor spanningsregelbare ventilatoren. Hij beschikt over een microprocessor met nuldoorgangsdetectie waardoor de motor zeer zacht loopt. Niettegenstaande dat dit dus om een zogenaamde fasehoekregeling gaat. Qua voedingsspanning is de ITR zeer universeel te noemen. Hij detecteert namelijk zelf de spanning en frequentie waarop u hem aansluit. Zolang deze zicht tenminste tussen de 110 en 240 VAC, bij 50-60 Hz bevindt. U mag meerdere ventilatoren aansluiten. Zolang de maximale stroom niet hoger is dan 6 A. Verder kan u kiezen of u bij het inschakelen een tiental seconden volle snelheid (kickstart) wil hebben, of dat de motor zachtjes aanloopt (softstart). Ook de minimumsnelheid kan u instellen met de ingebouwde trimmer. Zoals de andere ITR en ITRS toestellen beschikt hij over een Aan/Uit schakelaar waardoor u hem op de ingestelde snelheid kan laten staan. Het toestel kan gebruikt worden in veeleisende omgevingen dankzij zijn IP54 bescherming tegen vocht, vuil en stof.
  "
1269,Svent kunststof buisventilator 780m3 Ø 200mm – BK200,,Svent,,,,"105,95",Op voorraad,https://www.bol.com/nl/nl/p/svent-kunststof-buisventilator-780m3-o-200mm-bk200/9300000028722742/,0,"
    Svent kunststof buisventilator 780m3 Ø 200mm – BK200 * Zeer geschikt voor vochtige ruimtes. * Ophangbeugels worden bijgeleverd. * Geïntegreerde thermische motorbeveiliging. * Uitstekend regelbaar door middel van 0 – 230V regelaars. * Voorzien van kogellagers geschikt voor 40.000 bedrijfsuren. * De behuizing is uitgerust met duurzaam corrosie bestendig kunststof. Tip! Wilt u een geluidsdichte verbinding? Kies dan voor een verbindingsmachet (product/ruck-verbindingsmachet-2-stuks-o-200mm-vm-200/).
  "
1270,Spiro-SAFE T-stuk Ø 160 mm aftakking Ø 160 mm 90 graden,,Europlast,,,,"24,95",Op voorraad,https://www.bol.com/nl/nl/p/spiro-safe-t-stuk-o-160-mm-aftakking-o-160-mm-90-graden/9300000171430219/,0,"
    Maak een fenomenale splitsing in je luchtkanaal met dit spiro T-stuk. Het hulpstuk is vervaardigd uit gegalvaniseerd staal, wat het zeer goed bestand maakt tegen de invloeden van de tijd. Dankzij de SAFE-techniek monteer je het eenvoudig en luchtdicht (met luchtdichtheidsklasse D) op spirobuizen en -hulpstukken. Dit T-stuk heeft een diameter van 160 mm, met een aftakking met een diameter van 160 mm in een hoek van 90°.
  "
1271,Europlast metalen ventilatierooster vierkant wit 100 x 100mm - MR1010,,Europlast,,,,"16,95",Op voorraad,https://www.bol.com/nl/nl/p/europlast-metalen-ventilatierooster-vierkant-wit-100-x-100mm-mr1010/9300000171430024/,3,"
    Kan de luchtcirculatie in jouw woning wel een boost gebruiken? Installeer dan dit fraaie vierkante metalen sleufrooster. Je monteert het eenvoudig in uitsparingen in wanden, plafonds, deuren en andere vlakke delen. Na montage kan je dag in dag uit genieten van goede ventilatie en een gezond binnenklimaat en ben je gegarandeerd van een strakke afwerking van je ventilatie! Dit ventilatierooster is beschikbaar in diverse mooie kleuren.
  "
1272,Rucon metalen afvoer ventilatie ventiel met klemveren spierwit RAL9010 Ø 160 mm – DVSER 160,,Rucon Systemair,,,,"26,95",Op voorraad,https://www.bol.com/nl/nl/p/rucon-metalen-afvoer-ventilatie-ventiel-met-klemveren-spierwit-ral9010-o-160-mm-dvser-160/9300000171429974/,9,"
    Ventilatieventiel voor de afvoer van ventilatielucht nodig? Dan heb je aan dit Rucon metalen afvoerventiel een hele goede. Het ventiel is speciaal ontworpen voor het gebruik op spirobuizen (luchtbehandeling/spiro-materiaal/spirobuizen/) en andere ronde ventilatiekanalen. Je monteert het eenvoudig door middel van de geïntegreerde klemveren. Dankzij de foam ring ben je bovendien gegarandeerd van een luchtdichte en geluidsarme bevestiging. Traploos instelbaar tot een maximale luchtdoorlating van maar liefst 75 m³/h!
  "
1273,Starre aluminium ventilatieslang Ø 160mm 3 meter,,Europlast,,,,"33,95",Op voorraad,https://www.bol.com/nl/nl/p/starre-aluminium-ventilatieslang-o-160mm-3-meter/9300000171429893/,0,"
    Starre aluminium ventilatieslang diameter 160 mm lengte 3 meter
  "
1274,Ruck luchtfilterbox 125 mm,,Ruck,,,,"52,95",Op voorraad,https://www.bol.com/nl/nl/p/ruck-luchtfilterbox-125-mm/9300000171430557/,4,"
    Met filterboxen bescherm je spiro luchtkanalen tegen stof, haren, zand en insecten. Deze worden er door het vliesfilter uitgefilterd. Dit heb je bijvoorbeeld nodig als je werkt met warmtewisselaars. In deze spiro luchtfilterbox gaat een G3 vliesfilter. Deze filterbox is geschikt voor montage tussen twee spiro buizen met een diameter van 125 mm. G3 vliesfilter 125mm (product/ruck-g3-vliesfilter-125mm-5-stuks/) inbegrepen.
  "
1275,Spiro-SAFE Terugslagklep Ø 200 mm,,Europlast,,,,"28,95",Op voorraad,https://www.bol.com/nl/nl/p/spiro-safe-terugslagklep-o-200-mm/9300000171430218/,3,"
    Op zoek naar een terugslagklep met waar de kwaliteit van afspat? En die ook nog eens aantrekkelijk geprijsd is? Zoek niet verder. Wij hebben hier een prachtig staaltje terugslagklep met een diameter van 200 mm uit gegalvaniseerd staal, met SAFE-afdichtingsrubber: een verrijking voor elk luchtkanaal. Ook wel bekend als vlinderklep zorg je er met dit product voor dat lucht niet kan terugstromen in het kanaal. Handig!
  "
1276,"Starre aluminium ventilatieslang Ø 150mm 1,5 meter",,Europlast,,,,"20,95",Op voorraad,https://www.bol.com/nl/nl/p/starre-aluminium-ventilatieslang-o-150mm-1-5-meter/9300000171429892/,0,"
    Starre aluminium ventilatieslang diameter 150 mm lengte 1.5 meter
  "
1277,Spiro-SAFE vlakke aftakking Ø 355 mm,,Europlast,,,,"15,95",Op voorraad,https://www.bol.com/nl/nl/p/spiro-safe-vlakke-aftakking-o-355-mm/9300000171430109/,0,"
    Deze spiro flens gebruik je als aansluitstuk bij het aansluiten van ventilatiebuizen, luchtbuizen en luchtslangen op vlakke delen, zoals wand, plafond en vloer. Het onderdeel staat ook wel bekend als een vlak zadelstuk. Deze flens is voorzien van een SAFE-afdichtingsrubber, is vervaardigd uit hoogwaardig gegalvaniseerd staal, heeft een brede rand en een diameter van 355mm.
  "
1278,Dakkap met vogelgaas Ø 200mm,,Europlast,,,,"59,95",Op voorraad,https://www.bol.com/nl/nl/p/dakkap-met-vogelgaas-o-200mm/9300000171430861/,0,"
    Voorkom regeninslag in je luchtkanalen door ze af te sluiten met een dakkap met waterrand en vogelgaas. Dankzij het vogelgaas krijgen vogels bovendien geen kans om narigheid uit te halen. Deze dakkap is geschikt voor montage op spirobuizen met een diameter van 200 mm. Hij is gemaakt uit gegalvaniseerd staal, wat hem wind- en weersbestendig maakt. Het SAFE-afdichtingsrubber zorgt voor een eenvoudige en bijzonder luchtdichte montage.
  "
1279,Combiconnect Ø 406mm flexibele afzuigslang - 10 meter,,Air Connections,,,,"79,95",Op voorraad,https://www.bol.com/nl/nl/p/combiconnect-o-406mm-flexibele-afzuigslang-10-meter/9300000172743162/,0,"
    Heb je een enorm stevige luchtslang nodig, geschikt voor hoge temperaturen? Dan is de Combiconnect jouw slang. Dankzij de gewapende kunststof buitenmantel kan de slang bijzonder veel belasting aan voordat hij scheurt. Ideaal voor toepassingen in de horeca en industrie die vragen om degelijkheid. Je bestelt deze slang met een diameter van 406 mm bij ons per 10 meter in een compacte verpakking. De Combiconnect is eenvoudig te snijden of knippen.
  "
1280,Stormkraag Ø 150 mm,,Europlast,,,,"47,95",Op voorraad,https://www.bol.com/nl/nl/p/stormkraag-o-150-mm/9300000171832227/,0,"
    Met deze gegalvaniseerde stormkraag heb je een ideale en uiterst duurzame oplossing voor het waterdicht afwerken van een dakdoorgang. Hierdoor komt er geen (regen-)water in je luchtkanaal en/of ventilatiesysteem. Deze stormkraag sluit je naadloos aan op een spirobuis met een diameter van 150 mm.
  "
1281,Stokeind bout M8 x 50mm - 10 stuks,,Würth,,,,"8,95",Op voorraad,https://www.bol.com/nl/nl/p/stokeind-bout-m8-x-50mm-10-stuks/9300000171429863/,0,"
    * Schroefdraadsoort x nominale diameter x lengte (d): M8 x 50 mm * Materiaal: Staal * Sterkteklasse: 4,8 * Oppervlakte: Verzinkt * Interne aandrijving: TX25 * Sleutelwijdte (SW): 6 mm
  "
1282,Spiro-SAFE deksel Ø 150 mm voor buis en slang,,Europlast,,,,"11,95",Op voorraad,https://www.bol.com/nl/nl/p/spiro-safe-deksel-o-150-mm-voor-buis-en-slang/9300000171430283/,0,"
    Dit spiro deksel met SAFE-afdichtingsrubber is speciaal ontworpen voor het afsluiten van ronde ventilatiekanalen. Daarmee is het bijzonder geschikt voor het luchtdicht (klasse D) afsluiten van spirobuizen. Het afsluitstuk heeft een diameter van 150 mm en is gemaakt uit gegalvaniseerd staal, wat het donders duurzaam maakt.
  "
1283,Europlast kunststof schoepenrooster rond wit Ø 100mm – VR100,,Europlast,,,,"10,95",Op voorraad,https://www.bol.com/nl/nl/p/europlast-kunststof-schoepenrooster-rond-wit-o-100mm-vr100/9300000171430029/,3,"
    Met dit mooie ronde schoepenrooster werk je de ventilatiekanalen in muren en plafonds helemaal in stijl af. Het rooster is eenvoudig te bevestigen op een ronde spirobuis (luchtbehandeling/spiro-materiaal/spirobuizen/) en dankzij de verdekte bevestiging ben je altijd gegarandeerd van een nette afwerking. Omdat het muur- of plafondrooster is voorzien van insectengaas, is je kanaal bovendien goed beschermd tegen insecten en andere ongewenste indringers. Verkrijgbaar in diverse afmetingen en kleuren.
  "
1284,Ruck luchtfilterbox 160 mm,,Ruck,,,,"52,95",Op voorraad,https://www.bol.com/nl/nl/p/ruck-luchtfilterbox-160-mm/9300000171430554/,4,"
    Met filterboxen bescherm je spiro luchtkanalen tegen stof, haren, zand en insecten. Deze worden er door het vliesfilter uitgefilterd. Dit heb je bijvoorbeeld nodig als je werkt met warmtewisselaars. In deze spiro luchtfilterbox gaat een G3 vliesfilter. Deze filterbox is geschikt voor montage tussen twee spiro buizen met een diameter van 160 mm. G3 vliesfilter 160mm (product/ruck-g3-vliesfilter-160mm-5-stuks/) inbegrepen.
  "
1285,Sonoconnect Ø 102mm akoestisch geïsoleerde afzuigslang - 10 meter,,,,,,"42,95",Op voorraad,https://www.bol.com/nl/nl/p/sonoconnect-o-102mm-akoestisch-geisoleerde-afzuigslang-10-meter/9300000171430817/,2,"
    De Sonoconnect is een flexibele slang met bijzonder goede thermische en akoestische isolatie. Het is de favoriete keuze van menig vakman en doe-het-zelver die een stevige en brandveilige slang nodig heeft, die ook nog eens goed isoleert. Hij is bijvoorbeeld een ideaal onderdeel van airco’s en verwarmingssystemen die stil en met minimaal warmteverlies hun werk moeten doen. Je bestelt de slang met een diameter van 102 mm per compacte verpakking van 10 meter. De slang is makkelijk op maat te snijden of knippen.
  "
1286,Svent kunststof buisventilator met timer 552m3 Ø 150mm – TT150T,,Svent,,,,"151,95",Op voorraad,https://www.bol.com/nl/nl/p/svent-kunststof-buisventilator-met-timer-552m3-o-150mm-tt150t/9300000171430494/,0,"
    Svent kunststof buisventilator met timer 552m3 Ø 150mm – TT150T * Buisventilator met kunststof behuizing * Geïntegreerde thermische motorbeveiliging. * Zowel horizontaal als verticaal te monteren. * De behuizing en het ventilatorwiel zijn gemaakt van weerstandsbestendig ABS-kunststof. * Met een potmeter (draaischijf) kun je de gewenste nalooptijd instellen tussen de 2 en 30 minuten. Bij het aanschakelen van de buisventilator gaat de ventilator in werking en na het uitschakelen schakeld deze pas uit nadat de ingestelde tijd is verlopen. * Bij aansluiting van de buisventilator met timer op een lichtschakelaar zal deze bij het aanschakelen van het licht in werking gaan en bij het uitschakelen zal de ventilator pas stoppen als de ingestelde tijd is verstreken. Tip! Wilt u een geluidsdichte verbinding? Kies dan voor een verbindingsmachet (product/ruck-verbindingsmachet-2-stuks-o-150mm-vm-150/).
  "
1287,Sonodec Ø 180mm akoestisch geïsoleerde afzuigslang - 10 meter,,DEC INTERNATIONAL,,,,"85,95",Op voorraad,https://www.bol.com/nl/nl/p/sonodec-akoestisch-geisoleerde-185-mm-ventilatieslang/9200000125471252/,3,"
    De Sonodec is een flexibele slang met bijzonder goede thermische en akoestische isolatie. Het is de favoriete keuze van menig vakman en doe-het-zelver die een stevige en brandveilige slang nodig heeft, die ook nog eens goed isoleert. Hij is bijvoorbeeld een ideaal onderdeel van airco’s en verwarmingssystemen die stil en met minimaal warmteverlies hun werk moeten doen. Je bestelt de slang met een diameter van 180 mm per compacte verpakking van 10 meter. De slang is makkelijk op maat te snijden of knippen.
  "
1288,Spiro-SAFE bocht Ø 315 mm 90 graden,,Europlast,,,,"37,95",Op voorraad,https://www.bol.com/nl/nl/p/spiro-safe-bocht-o-315-mm-90-graden/9300000171430304/,0,"
    Soms kun je niet rechtdoor en moet je bochten maken in je ventilatiekanalen. Dat doe je met spiro bochten. Onze bochten zijn voorzien van een zogenaamd SAFE-afdichtingsrubber. Hierdoor heb je een minimaal drukverlies en dus een geweldig rendement! We hebben deze bochten voor je in alle diametermaten en hoeken. Zie voor een overzicht van alle maten en afmetingen ook de tekening hierboven. Deze specifieke spiro bocht heeft een diameter van 315 mm en maakt een hoek van 90 graden. De bocht is gemaakt uit geperst gegalvaniseerd staal. Daardoor is het product vochtbestendig en mooi glad. Perfect voor een jarenlange soepele luchtcirculatie!
  "
1289,Spiro-SAFE bocht Ø 150 mm 45 graden,,Europlast,,,,"15,95",Op voorraad,https://www.bol.com/nl/nl/p/spiro-safe-bocht-o-150-mm-45-graden/9300000171430334/,0,"
    Soms kun je niet rechtdoor en moet je bochten maken in je ventilatiekanalen. Dat doe je met spiro bochten. Onze bochten zijn voorzien van een zogenaamd SAFE-afdichtingsrubber. Hierdoor heb je een minimaal drukverlies en dus een geweldig rendement! We hebben deze bochten voor je in alle diametermaten en hoeken. Zie voor een overzicht van alle maten en afmetingen ook de tekening hierboven. Deze specifieke spiro bocht heeft een diameter van 150 mm en maakt een hoek van 45 graden. De bocht is gemaakt uit geperst gegalvaniseerd staal. Daardoor is het product vochtbestendig en mooi glad. Perfect voor een jarenlange soepele luchtcirculatie!
  "
1290,Svent stalen buisventilator 455m3 Ø 150mm – BS150,,Svent,,,,"111,95",Op voorraad,https://www.bol.com/nl/nl/p/svent-stalen-buisventilator-455m3-o-150mm-bs150/9300000171430785/,0,"
    Svent stalen buisventilator 455m3 Ø 150mm – BS150 * Zeer geschikt voor vochtige ruimtes. * Ophangbeugels worden bijgeleverd. * Geïntegreerde thermische motorbeveiliging. * Uitstekend regelbaar door middel van 0 – 230V regelaars. * Voorzien van kogellagers geschikt voor 40.000 bedrijfsuren. * De behuizing is uitgerust in een gegalvaniseerde stalen behuizing. Tip! Wilt u een geluidsdichte verbinding? Kies dan voor een verbindingsmachet (product/ruck-verbindingsmachet-2-stuks-o-150mm-vm-150/).
  "
1291,Eindstuk met vogelgaas Ø 355 mm vlak,,Europlast,,,,"32,95",Op voorraad,https://www.bol.com/nl/nl/p/eindstuk-met-vogelgaas-o-355-mm-vlak/9300000171430174/,0,"
    Eindstuk nodig voor een spiro luchtkanaal? Dit eindstuk uit gegalvaniseerd staal met vogelgaas, ook wel bekend als uitblaasstuk, heeft een aansluitdiameter van 355 mm. Het is bijzonder geschikt als eindstuk voor horizontale uitstroomkanalen, zoals door muren. Dankzij het vogelgaas hoef je niet bang te zijn voor vogels, ander ongedierte of bladeren in je kanaal.
  "
1292,Ophangbeugel Ø 250mm,,,,,,"12,95",Op voorraad,https://www.bol.com/nl/nl/p/ophangbeugel-o-250mm/9300000171430831/,0,"
    Voor het ophangen en bevestigen van spiro luchtkanalen aan plafond of wanden, gebruik je ophangbeugels. Ga voor kwaliteit met deze gegalvaniseerde ophangbeugel, geschikt voor buizen en slangen met een diameter van 250 mm. De beugel is voorzien van een M8 schroefdraad, voor een eenvoudige en stevige bevestiging. Het afdichtrubber garandeert een lange levensduur en werkt dempend, waardoor geluidshinder flink beperkt wordt.
  "
1293,Eindstuk met vogelgaas Ø 125mm,,Europlast,,,,"19,95",Op voorraad,https://www.bol.com/nl/nl/p/eindstuk-met-vogelgaas-o-125mm/9300000171430860/,0,"
    Eindstuk nodig voor een spiro luchtkanaal? Dit eindstuk uit gegalvaniseerd staal met vogelgaas, ook wel bekend als uitblaasstuk, heeft een aansluitdiameter van 125 mm. Het is bijzonder geschikt als eindstuk voor horizontale uitstroomkanalen, zoals door muren. Dankzij het vogelgaas hoef je niet bang te zijn voor vogels, ander ongedierte of bladeren in je kanaal.
  "
1294,Spiro-SAFE verloopstuk 355 mm - 315 mm,,Europlast,,,,"29,95",Op voorraad,https://www.bol.com/nl/nl/p/spiro-safe-verloopstuk-355-mm-315-mm/9300000171430141/,3,"
    Voor het koppelen van spirobuizen en spiro hulpstukken van verschillende diameters gebruik je een spiro verloopstuk. Onze verloopstukken zijn voorzien van SAFE-afdichtingsrubber en gemaakt uit hoogwaardig verzinkt sendzimir-staal, waardoor ze uiterst duurzaam zijn en voldoen aan luchtdichtheidsklasse D. Dit verloopstuk is geschikt om een rond luchtkanaal met een diameter van 355 mm te monteren op een buis of hulpstuk met een diameter van 315 mm.
  "
1295,Spiro-SAFE bocht Ø 125 mm 90 graden,,Europlast,,,,"14,95",Op voorraad,https://www.bol.com/nl/nl/p/spiro-safe-bocht-o-125-mm-90-graden/9300000171430303/,0,"
    Soms kun je niet rechtdoor en moet je bochten maken in je ventilatiekanalen. Dat doe je met spiro bochten. Onze bochten zijn voorzien van een zogenaamd SAFE-afdichtingsrubber. Hierdoor heb je een minimaal drukverlies en dus een geweldig rendement! We hebben deze bochten voor je in alle diametermaten en hoeken. Zie voor een overzicht van alle maten en afmetingen ook de tekening hierboven. Deze specifieke spiro bocht heeft een diameter van 125 mm en maakt een hoek van 90 graden. De bocht is gemaakt uit geperst gegalvaniseerd staal. Daardoor is het product vochtbestendig en mooi glad. Perfect voor een jarenlange soepele luchtcirculatie!
  "
1296,Flexibele geluiddemper non woven Ø 200 mm 50 cm,,DEC INTERNATIONAL,,,,"39,95",Op voorraad,https://www.bol.com/nl/nl/p/flexibele-geluiddemper-non-woven-o-200-mm-50-cm/9300000171429915/,4,"
    De Flexibele non-woven geluiddemper heeft een aansluitdiameter van 200 mm, een lengte van 500 mm en is voorzien van afgewerkte uiteinden (manchetten) aan beide kanten. Hierdoor is de geluiddemper eenvoudig aan te sluiten op bijvoorbeeld een spirobuis of ventilator. De aansluiting aan beide kanten hebben een buismaat en gaan dus over hulpstukken. De binnenslang van de flexibele geluiddemper bestaat uit non-woven polypropyleen. Daarnaast heeft de flexibele geluiddemper een aluminium laminaat buitenmantel. Specificaties: * Binnenslang: Non-woven polypropyleen doek * Glaswoldeken 25mm, 16kg/m3 * Buitenmantel: Alu/poly laminaat * R-waarde glaswol:0.65 m2 K/W (ASTM C177-76) * Uiterlijk: aluminium * Temperatuur bereik: -30°C tot 140°C * Werkdruk: max +2500 Pa * Luchtsnelheid: max 25 m/s * Buigradius 0.54 x Ø + 25mm * Diameterbereik: 82 – 315 mm
  "
1297,Spiro-SAFE bocht Ø 150 mm 90 graden,,Europlast,,,,"18,95",Op voorraad,https://www.bol.com/nl/nl/p/spiro-safe-bocht-o-150-mm-90-graden/9300000171430300/,0,"
    Soms kun je niet rechtdoor en moet je bochten maken in je ventilatiekanalen. Dat doe je met spiro bochten. Onze bochten zijn voorzien van een zogenaamd SAFE-afdichtingsrubber. Hierdoor heb je een minimaal drukverlies en dus een geweldig rendement! We hebben deze bochten voor je in alle diametermaten en hoeken. Zie voor een overzicht van alle maten en afmetingen ook de tekening hierboven. Deze specifieke spiro bocht heeft een diameter van 150 mm en maakt een hoek van 90 graden. De bocht is gemaakt uit geperst gegalvaniseerd staal. Daardoor is het product vochtbestendig en mooi glad. Perfect voor een jarenlange soepele luchtcirculatie!
  "
1298,Ophangbeugel Ø 160mm,,,,,,"10,95",Op voorraad,https://www.bol.com/nl/nl/p/ophangbeugel-o-160mm/9300000171430833/,0,"
    Voor het ophangen en bevestigen van spiro luchtkanalen aan plafond of wanden, gebruik je ophangbeugels. Ga voor kwaliteit met deze gegalvaniseerde ophangbeugel, geschikt voor buizen en slangen met een diameter van 160 mm. De beugel is voorzien van een M8 schroefdraad, voor een eenvoudige en stevige bevestiging. Het afdichtrubber garandeert een lange levensduur en werkt dempend, waardoor geluidshinder flink beperkt wordt.
  "
1299,Spiro-SAFE bocht Ø 125 mm 45 graden,,Europlast,,,,"12,95",Op voorraad,https://www.bol.com/nl/nl/p/spiro-safe-bocht-o-125-mm-45-graden/9300000171430325/,0,"
    Soms kun je niet rechtdoor en moet je bochten maken in je ventilatiekanalen. Dat doe je met spiro bochten. Onze bochten zijn voorzien van een zogenaamd SAFE-afdichtingsrubber. Hierdoor heb je een minimaal drukverlies en dus een geweldig rendement! We hebben deze bochten voor je in alle diametermaten en hoeken. Zie voor een overzicht van alle maten en afmetingen ook de tekening hierboven. Deze specifieke spiro bocht heeft een diameter van 125 mm en maakt een hoek van 45 graden. De bocht is gemaakt uit geperst gegalvaniseerd staal. Daardoor is het product vochtbestendig en mooi glad. Perfect voor een jarenlange soepele luchtcirculatie!
  "
1300,DEC RVS toevoer/afvoer ventilatie ventiel met klemveren Ø 100 mm - DVI100,,,,,,"33,95",Op voorraad,https://www.bol.com/nl/nl/p/dec-rvs-toevoer-afvoer-ventilatie-ventiel-met-klemveren-o-100-mm-dvi100/9300000171430021/,6,"
    Dit ventilatieventiel van DEC uit roestvrijstaal is een absolute alleskunner. Het ventiel is namelijk zowel geschikt als afvoer- en als toevoerventiel. En doordat het voorzien is van een montagebus en klemveren, kan je hem net zo eenvoudig op een flexibele slang (product-categorie/luchtbehandeling/afzuigslangen/) monteren als op een spirobuis (luchtbehandeling/spiro-materiaal/spirobuis/). Het ventiel is traploos in te stellen tot een maximale luchtcapaciteit van 35 m³/h, waardoor het geschikt is voor uiteenlopende ventilatietoepassingen. En vind je het belangrijk dat jouw ventilatieventielen er piekfijn uitzien? Ook dan heb je aan deze een hele goede. Het geborstelde RVS oogt bijzonder stijlvol, en blijft dat ook, omdat het zeer onderhoudsvriendelijk is.
  "
1301,Spiro-SAFE T Stuk Ø 80 mm aftakking Ø 80 mm 90 graden,,Europlast,,,,"16,95",Op voorraad,https://www.bol.com/nl/nl/p/spiro-safe-t-stuk-o-80-mm-aftakking-o-80-mm-90-graden/9300000171430217/,0,"
    Maak een fenomenale splitsing in je luchtkanaal met dit spiro T-stuk. Het hulpstuk is vervaardigd uit gegalvaniseerd staal, wat het zeer goed bestand maakt tegen de invloeden van de tijd. Dankzij de SAFE-techniek monteer je het eenvoudig en luchtdicht (met luchtdichtheidsklasse D) op spirobuizen en -hulpstukken. Dit T-stuk heeft een diameter van 80 mm, met een aftakking met een diameter van 80 mm in een hoek van 90°.
  "
1302,Verbindstuk Ø 100 mm voor hulpstuk,,Europlast,,,,"9,95",Op voorraad,https://www.bol.com/nl/nl/p/verbindstuk-o-100-mm-voor-hulpstuk/9300000171430749/,0,"
    Dit verbindstuk met een diameter van 100 mm gebruik je om twee spiro hulpstukken met elkaar te verbinden. Denk bijvoorbeeld aan een spiro bocht en een T-stuk of broekstuk. Net als onze andere spiromateriaal is dit verbindingsstuk vervaardigd uit hoogwaardig gegalvaniseerd staal, waardoor je zeker bent van een extreem lange levensduur.
  "
1303,Spiro-SAFE verloopstuk 160 mm - 150 mm,,Europlast,,,,"13,95",Op voorraad,https://www.bol.com/nl/nl/p/spiro-safe-verloopstuk-160-mm-150-mm/9300000171430165/,3,"
    Voor het koppelen van spirobuizen en spiro hulpstukken van verschillende diameters gebruik je een spiro verloopstuk. Onze verloopstukken zijn voorzien van SAFE-afdichtingsrubber en gemaakt uit hoogwaardig verzinkt sendzimir-staal, waardoor ze uiterst duurzaam zijn en voldoen aan luchtdichtheidsklasse D. Dit verloopstuk is geschikt om een rond luchtkanaal met een diameter van 160 mm te monteren op een buis of hulpstuk met een diameter van 150 mm.
  "
1304,Europlast aluminium buitenlucht muur rooster wit Ø 125mm - MRA125W,,Europlast,,,,"23,95",Op voorraad,https://www.bol.com/nl/nl/p/europlast-aluminium-buitenlucht-muur-rooster-wit-o-125mm-mra125w/9300000171430054/,3,"
    Met dit ronde aluminium muurrooster werk je de in- of uitgang van je luchtkanalen in een buitenmuur perfect af. Dankzij het geïntegreerde gaas wordt het kanaal goed beschermd tegen grotere stof- en vuildeeltjes en krijgen insecten geen kans. De parallelle lamellen zorgen niet alleen voor een extra stevige constructie, maar bieden het luchtkanaal ook bescherming tegen regen en andere vormen van neerslag. Perfect in combinatie met uiteenlopende ventilatiesystemen, zoals badkamerventilatoren, WTW-installaties en mechanische ventilatiesystemen.
  "
1305,Europlast aluminium buitenlucht muur rooster zilver Ø 100mm - DSAV100,,Europlast,,,,"16,95",Op voorraad,https://www.bol.com/nl/nl/p/europlast-aluminium-buitenlucht-muur-rooster-zilver-o-100mm-dsav100/9300000171430051/,4,"
    Met dit ronde aluminium muurrooster werk je de in- of uitgang van je luchtkanalen in een buitenmuur perfect af. Dankzij het geïntegreerde gaas wordt het kanaal goed beschermd tegen grotere stof- en vuildeeltjes en krijgen insecten geen kans. De parallelle lamellen zorgen niet alleen voor een extra stevige constructie, maar bieden het luchtkanaal ook bescherming tegen regen en andere vormen van neerslag. Perfect in combinatie met uiteenlopende ventilatiesystemen, zoals badkamerventilatoren, WTW-installaties en mechanische ventilatiesystemen.
  "
1306,Spiro-SAFE verloopstuk 250 mm - 160 mm,,Europlast,,,,"18,95",Op voorraad,https://www.bol.com/nl/nl/p/spiro-safe-verloopstuk-250-mm-160-mm/9300000171430169/,3,"
    Voor het koppelen van spirobuizen en spiro hulpstukken van verschillende diameters gebruik je een spiro verloopstuk. Onze verloopstukken zijn voorzien van SAFE-afdichtingsrubber en gemaakt uit hoogwaardig verzinkt sendzimir-staal, waardoor ze uiterst duurzaam zijn en voldoen aan luchtdichtheidsklasse D. Dit verloopstuk is geschikt om een rond luchtkanaal met een diameter van 250 mm te monteren op een buis of hulpstuk met een diameter van 160 mm.
  "
1307,Flexibele geluiddemper non woven Ø 315 mm 50 cm,,DEC INTERNATIONAL,,,,"51,95",Op voorraad,https://www.bol.com/nl/nl/p/flexibele-geluiddemper-non-woven-o-315-mm-50-cm/9300000171429907/,4,"
    De Flexibele non-woven geluiddemper heeft een aansluitdiameter van 315 mm, een lengte van 500 mm en is voorzien van afgewerkte uiteinden (manchetten) aan beide kanten. Hierdoor is de geluiddemper eenvoudig aan te sluiten op bijvoorbeeld een spirobuis of ventilator. De aansluiting aan beide kanten hebben een buismaat en gaan dus over hulpstukken. De binnenslang van de flexibele geluiddemper bestaat uit non-woven polypropyleen. Daarnaast heeft de flexibele geluiddemper een aluminium laminaat buitenmantel. Specificaties: * Binnenslang: Non-woven polypropyleen doek * Glaswoldeken 25mm, 16kg/m3 * Buitenmantel: Alu/poly laminaat * R-waarde glaswol:0.65 m2 K/W (ASTM C177-76) * Uiterlijk: aluminium * Temperatuur bereik: -30°C tot 140°C * Werkdruk: max +2500 Pa * Luchtsnelheid: max 25 m/s * Buigradius 0.54 x Ø + 25mm * Diameterbereik: 82 – 315 mm
  "
1308,Spiro-SAFE Terugslagklep Ø 150 mm,,Europlast,,,,"21,95",Op voorraad,https://www.bol.com/nl/nl/p/spiro-safe-terugslagklep-o-150-mm/9300000171430247/,3,"
    Op zoek naar een terugslagklep met waar de kwaliteit van afspat? En die ook nog eens aantrekkelijk geprijsd is? Zoek niet verder. Wij hebben hier een prachtig staaltje terugslagklep met een diameter van 150 mm uit gegalvaniseerd staal, met SAFE-afdichtingsrubber: een verrijking voor elk luchtkanaal. Ook wel bekend als vlinderklep zorg je er met dit product voor dat lucht niet kan terugstromen in het kanaal. Handig!
  "
1309,Verbindstuk Ø 160mm voor hulpstuk,,Europlast,,,,"9,95",Op voorraad,https://www.bol.com/nl/nl/p/verbindstuk-o-160mm-voor-hulpstuk/9300000171430742/,0,"
    Dit verbindstuk met een diameter van 160 mm gebruik je om twee spiro hulpstukken met elkaar te verbinden. Denk bijvoorbeeld aan een spiro bocht en een T-stuk of broekstuk. Net als onze andere spiromateriaal is dit verbindingsstuk vervaardigd uit hoogwaardig gegalvaniseerd staal, waardoor je zeker bent van een extreem lange levensduur.
  "
1310,Spirobuis Ø 355 mm 150cm,,Europlast,,,,"56,95",Op voorraad,https://www.bol.com/nl/nl/p/spirobuis-o-355-mm-150cm/9300000171430083/,0,"
    Spirobuizen zijn de basis van je luchtkanalen. Ga daarom voor kwaliteitsbuizen. Onze buizen zijn vervaardigd uit hoogwaardig gegalvaniseerd staal, waardoor ze een zeer lange levensduur hebben. De buis is spiraal geklist met staalband, wat bijdraagt aan een lage luchtweerstand en een soepele doorstroom. Deze buis heeft een diameter van 355 mm en een lengte van 1.5 meter. Eenvoudig in te korten met een slijptol of ijzerzaag.
  "
1311,Spiro-SAFE bocht Ø 160 mm 45 graden,,Europlast,,,,"15,95",Op voorraad,https://www.bol.com/nl/nl/p/spiro-safe-bocht-o-160-mm-45-graden/9300000171430326/,0,"
    Soms kun je niet rechtdoor en moet je bochten maken in je ventilatiekanalen. Dat doe je met spiro bochten. Onze bochten zijn voorzien van een zogenaamd SAFE-afdichtingsrubber. Hierdoor heb je een minimaal drukverlies en dus een geweldig rendement! We hebben deze bochten voor je in alle diametermaten en hoeken. Zie voor een overzicht van alle maten en afmetingen ook de tekening hierboven. Deze specifieke spiro bocht heeft een diameter van 160 mm en maakt een hoek van 45 graden. De bocht is gemaakt uit geperst gegalvaniseerd staal. Daardoor is het product vochtbestendig en mooi glad. Perfect voor een jarenlange soepele luchtcirculatie!
  "
1312,Sentera traploze toerenregelaar 10 ampere - ITR-9100-DT,,,,,,"129,95",Op voorraad,https://www.bol.com/nl/nl/p/sentera-traploze-toerenregelaar-10-ampere-itr-9100-dt/9300000171430777/,2,"
    De ITR-9100 is de zwaarste elektronische regelaar uit de ITR-reeks. En dan hebben we het over de maximale stroom. U mag er meerdere ventilatoren op aansluiten, zolang ze samen niet meer vragen dan 10A. Hij beschikt over een microprocessor met nuldoorgangsdetectie waardoor de motor zeer zacht loopt. Niettegenstaande dat dit dus om een triacregelaar gaat. Qua voedingsspanning zijn de toestellen uit de ITR-reeks uiterst universeel. Ze detecteren namelijk zelf de spanning en frequentie waarop u ze aansluit. Zolang deze zich maar tussen de 110 en 240 VAC, bij 50-60 Hz bevindt. Verder kan u kiezen of u bij het inschakelen een tiental seconden volle snelheid (kickstart) wil hebben, of dat de motor zachtjes aanloopt (softstart). Ook de minimumsnelheid kan u instellen met de ingebouwde trimmer. Zoals de andere ITR en ITRS toestellen beschikt hij over een Aan/Uit schakelaar waardoor u hem op de ingestelde snelheid kan laten staan. Het toestel kan gebruikt worden in veeleisende omgevingen dankzij zijn IP54 bescherming tegen vocht, vuil en stof.
  "
1313,Rol aluminiumtape 75mm 50 meter,,,,,,"22,95",Op voorraad,https://www.bol.com/nl/nl/p/rol-aluminiumtape-75mm-50-meter/9300000171430821/,0,"
    Deze 75 mm brede aluminiumtape van het Growlux is oerstevig en maakt werkelijk alles damp- en luchtdicht. Het product is bijvoorbeeld ideaal om ventilatiebuizen uit spiromateriaal en spiro-hulpstukken mee af te sluiten. Daarnaast gebruiken veel professionals de alu tape voor het dichten van kieren tussen (PIR-)isolatieplaten. De tape komt per rol van 50 meter en is geschikt voor installaties met een temperatuurbereik van -20° C tot +120 °C.
  "
1314,Spiro-SAFE T Stuk Ø 250 mm aftakking Ø 160 mm 45 graden,,Europlast,,,,"46,95",Op voorraad,https://www.bol.com/nl/nl/p/spiro-safe-t-stuk-o-250-mm-aftakking-o-160-mm-45-graden/9300000171430134/,0,"
    Maak een fenomenale splitsing in je luchtkanaal met dit spiro T-stuk. Het hulpstuk is vervaardigd uit gegalvaniseerd staal, wat het zeer goed bestand maakt tegen de invloeden van de tijd. Dankzij de SAFE-techniek monteer je het eenvoudig en luchtdicht (met luchtdichtheidsklasse D) op spirobuizen en -hulpstukken. Dit T-stuk heeft een diameter van 250 mm, met een aftakking met een diameter van 160 mm in een hoek van 45°.
  "
1315,Flexibele geluiddemper non woven Ø 150 mm 100 cm,,DEC INTERNATIONAL,,,,"34,95",Op voorraad,https://www.bol.com/nl/nl/p/flexibele-geluiddemper-non-woven-o-150-mm-100-cm/9300000171429908/,4,"
    De Flexibele non-woven geluiddemper heeft een aansluitdiameter van 150 mm, een lengte van 1000 mm en is voorzien van afgewerkte uiteinden (manchetten) aan beide kanten. Hierdoor is de geluiddemper eenvoudig aan te sluiten op bijvoorbeeld een spirobuis of ventilator. De aansluiting aan beide kanten hebben een buismaat en gaan dus over hulpstukken. De binnenslang van de flexibele geluiddemper bestaat uit non-woven polypropyleen. Daarnaast heeft de flexibele geluiddemper een aluminium laminaat buitenmantel. Specificaties: * Binnenslang: Non-woven polypropyleen doek * Glaswoldeken 25mm, 16kg/m3 * Buitenmantel: Alu/poly laminaat * R-waarde glaswol:0.65 m2 K/W (ASTM C177-76) * Uiterlijk: aluminium * Temperatuur bereik: -30°C tot 140°C * Werkdruk: max +2500 Pa * Luchtsnelheid: max 25 m/s * Buigradius 0.54 x Ø + 25mm * Diameterbereik: 82 – 315 mm
  "
1316,Spiro-SAFE T Stuk Ø 400 mm aftakking Ø 200 mm 90 graden,,Europlast,,,,"52,95",Op voorraad,https://www.bol.com/nl/nl/p/spiro-safe-t-stuk-o-400-mm-aftakking-o-200-mm-90-graden/9300000171430131/,0,"
    Maak een fenomenale splitsing in je luchtkanaal met dit spiro T-stuk. Het hulpstuk is vervaardigd uit gegalvaniseerd staal, wat het zeer goed bestand maakt tegen de invloeden van de tijd. Dankzij de SAFE-techniek monteer je het eenvoudig en luchtdicht (met luchtdichtheidsklasse D) op spirobuizen en -hulpstukken. Dit T-stuk heeft een diameter van 400 mm, met een aftakking met een diameter van 200 mm in een hoek van 90°.
  "
1317,Spiro-SAFE verloopstuk 125 mm - 100 mm,,Europlast,,,,"12,95",Op voorraad,https://www.bol.com/nl/nl/p/spiro-safe-verloopstuk-125-mm-100-mm/9300000171430168/,3,"
    Voor het koppelen van spirobuizen en spiro hulpstukken van verschillende diameters gebruik je een spiro verloopstuk. Onze verloopstukken zijn voorzien van SAFE-afdichtingsrubber en gemaakt uit hoogwaardig verzinkt sendzimir-staal, waardoor ze uiterst duurzaam zijn en voldoen aan luchtdichtheidsklasse D. Dit verloopstuk is geschikt om een rond luchtkanaal met een diameter van 125 mm te monteren op een buis of hulpstuk met een diameter van 100 mm.
  "
1318,Spiro-SAFE T Stuk Ø 200 mm aftakking Ø 100 mm 45 graden,,Europlast,,,,"34,95",Op voorraad,https://www.bol.com/nl/nl/p/spiro-safe-t-stuk-o-200-mm-aftakking-o-100-mm-45-graden/9300000171430212/,0,"
    Maak een fenomenale splitsing in je luchtkanaal met dit spiro T-stuk. Het hulpstuk is vervaardigd uit gegalvaniseerd staal, wat het zeer goed bestand maakt tegen de invloeden van de tijd. Dankzij de SAFE-techniek monteer je het eenvoudig en luchtdicht (met luchtdichtheidsklasse D) op spirobuizen en -hulpstukken. Dit T-stuk heeft een diameter van 200 mm, met een aftakking met een diameter van 100 mm in een hoek van 45°.
  "
1319,Europlast aluminium plintrooster zilver 500 x 60mm - RA650S,,Europlast,,,,"20,95",Op voorraad,https://www.bol.com/nl/nl/p/europlast-aluminium-plintrooster-zilver-500-x-60mm-ra650s/9300000171429931/,4,"
    Ventilatie is van onschatbare waarde. Bewegende lucht zorgt ervoor dat ongezonde stoffen, vieze geuren, bacteriën en virussen snel verspreiden en de ruimte verlaten. Zo houd je binnenruimten gezond, fris en aangenaam! Met dit prachtige aluminium plintrooster ventileer je effectief en in stijl. Plaats het in de keuken, in een deur, in deurlijsten of bijvoorbeeld in het dakbeschot, en je hebt verder nergens omkijken meer naar! Tip: let erop dat je de goede maat hebt (anders past ie namelijk niet). Zie hiervoor de technische tekening bij de afbeeldingen van het product. De afmetingen die bij de letters horen zijn bij deze maat als volgt: * Maat A: 60mm * Maat B: 500mm * Maat C: 1.5mm * Maat D: 46mm * Maat E: 480mm
  "
1320,Rucon metalen afvoer ventilatie ventiel met klemveren spierwit RAL9010 Ø 80 mm – DVSER 80,,Rucon Systemair,,,,"14,95",Op voorraad,https://www.bol.com/nl/nl/p/rucon-metalen-afvoer-ventilatie-ventiel-met-klemveren-spierwit-ral9010-o-80-mm-dvser-80/9300000171430018/,9,"
    Ventilatieventiel voor de afvoer van ventilatielucht nodig? Dan heb je aan dit Rucon metalen afvoerventiel een hele goede. Het ventiel is speciaal ontworpen voor het gebruik op spirobuizen (luchtbehandeling/spiro-materiaal/spirobuizen/) en andere ronde ventilatiekanalen. Je monteert het eenvoudig door middel van de geïntegreerde klemveren. Dankzij de foam ring ben je bovendien gegarandeerd van een luchtdichte en geluidsarme bevestiging. Traploos instelbaar tot een maximale luchtdoorlating van maar liefst 75 m³/h!
  "
1321,Aluconnect Ø 356mm aluminium afzuigslang - 10 meter,,Air Connections,,,,"55,95",Op voorraad,https://www.bol.com/nl/nl/p/aluconnect-o-356mm-aluminium-afzuigslang-10-meter/9300000171430883/,0,"
    De Aluconnect is een hoogwaardige flexibele luchtslang. Hij is gemaakt uit meerdere lage aluminium en polyester, met daartussen stalen spiraaldraad. Hierdoor is de slang brandveilig, bestand tegen hoge temperaturen en heeft hij een hoge trek- en buigsterkte. Een prima slang voor ventilatie- en afzuigtoepassingen in de horeca, fabriek of mechanische ventilatiesystemen. Deze slang heeft een diameter van 356 mm en is compact verpakt per 10 meter.
  "
1322,Europlast kunststof schoepenrooster rond grijs Ø 100mm – VR100P,,Europlast,,,,"10,95",Op voorraad,https://www.bol.com/nl/nl/p/europlast-kunststof-schoepenrooster-rond-grijs-o-100mm-vr100p/9300000171429963/,3,"
    Met dit mooie ronde schoepenrooster werk je de ventilatiekanalen in muren en plafonds helemaal in stijl af. Het rooster is eenvoudig te bevestigen op een ronde spirobuis (luchtbehandeling/spiro-materiaal/spirobuizen/) en dankzij de verdekte bevestiging ben je altijd gegarandeerd van een nette afwerking. Omdat het muur- of plafondrooster is voorzien van insectengaas, is je kanaal bovendien goed beschermd tegen insecten en andere ongewenste indringers. Verkrijgbaar in diverse afmetingen en kleuren.
  "
1323,Aluconnect Ø 315mm aluminium afzuigslang - 10 meter,,Air Connections,,,,"62,95",Op voorraad,https://www.bol.com/nl/nl/p/aluconnect-o-315mm-aluminium-afzuigslang-10-meter/9300000171430880/,0,"
    De Aluconnect is een hoogwaardige flexibele luchtslang. Hij is gemaakt uit meerdere lage aluminium en polyester, met daartussen stalen spiraaldraad. Hierdoor is de slang brandveilig, bestand tegen hoge temperaturen en heeft hij een hoge trek- en buigsterkte. Een prima slang voor ventilatie- en afzuigtoepassingen in de horeca, fabriek of mechanische ventilatiesystemen. Deze slang heeft een diameter van 315 mm en is compact verpakt per 10 meter.
  "
1324,Europlast kunststof ventilatierooster rond wit met grill Ø 150mm - NGA150,,Europlast,,,,"15,95",Op voorraad,https://www.bol.com/nl/nl/p/europlast-kunststof-ventilatierooster-rond-wit-met-grill-o-150mm-nga150/9300000171429967/,3,"
    Met dit krachtige ventilatierooster van het merk Europlast weet je zeker dat je jouw ventilatiekanalen tiptop afwerkt. Het rooster kan gebruikt worden voor het plafond en voor in de wand en is eenvoudig te monteren op een spirobuis (luchtbehandeling/spiro-materiaal/spirobuizen/). De grill beschermt je luchtkanaal tegen vuil en insecten. Dankzij de fabricage uit hoogwaardig brandvertragend kunststof voldoet dit rooster bovendien aan alle hedendaagse normen voor ventilatie. Verkrijgbaar in diverse kleuren en afmetingen.
  "
1325,DEC RVS afvoer ventilatie ventiel met montagebus Ø 80 mm - DVS080Y/1,,DEC INTERNATIONAL,,,,"32,95",Op voorraad,https://www.bol.com/nl/nl/p/dec-rvs-afvoer-ventilatie-ventiel-met-montagebus-o-80-mm-dvs080y-1/9300000171430019/,5,"
    Lucht- en ventilatiekanalen werk je wel heel chique af met dit luxe DEC RVS afvoerventiel. Het zilverkleurige roestvrijstaal is een absolute verrijking voor je interieur en garandeert jarenlang ventilatieplezier. Dankzij de montagebus met foam rand monteer je hem eenvoudig en snel op een flexibele luchtslang (let op de diameter) in wand of plafond. Dit model heeft een laag geluidsniveau en is traploos in te stellen tot een maximale capaciteit van 35 m³/h. Dit ventilatieventiel is speciaal ontworpen voor de afvoer van lucht. Wil je ook hetzelfde design ventiel gebruiken voor de toevoer van lucht? Combineer dan met het DEC RVS toevoerventiel (product/dec-rvs-ventilatie-afvoer-ventiel-o-100-mm/) (vanaf 100mm).
  "
